Date;Service;Gare de départ;Gare d'arrivée;Durée moyenne du trajet;Nombre de circulations prévues;Nombre de trains annulés;Commentaire annulations;Nombre de trains en retard au départ;Retard moyen des trains en retard au départ;Retard moyen de tous les trains au départ;Commentaire retards au départ;Nombre de trains en retard à l'arrivée;Retard moyen des trains en retard à l'arrivée;Retard moyen de tous les trains à l'arrivée;Commentaire retards à l'arrivée;Nombre trains en retard > 15min;Retard moyen trains en retard > 15 (si liaison concurrencée par vol);Nombre trains en retard > 30min;Nombre trains en retard > 60min;Prct retard pour causes externes;Prct retard pour cause infrastructure;Prct retard pour cause gestion trafic;Prct retard pour cause matériel roulant;Prct retard pour cause gestion en gare et réutilisation de matériel;Prct retard pour cause prise en compte voyageurs (affluence, gestions PSH, correspondances)
2018-01;National;GRENOBLE;PARIS LYON;183;245;0;;37;8.027027027;1.212244898;;23;46.31449275;6.123741497;Le 9760 heurte un chevreuil vers Le-Creusot-Montchanin-TGV;25;6.123741497;13;6;17.64705882;52.94117647;0.0;23.52941176;5.882352941;0.0
2018-01;International;PARIS LYON;ITALIE;394;94;0;;27;11.2617284;2.997695035;;22;55.68181818;11.60106383;;22;11.60106383;15;6;33.33333333;19.04761905;23.80952381;14.28571429;9.523809524;0.0
2018-01;National;MARSEILLE ST CHARLES;LYON PART DIEU;106;557;7;;133;6.978195489;1.706333333;;60;28.92;5.195333333;;40;5.195333333;19;5;23.07692308;23.07692308;19.23076923;23.07692308;3.846153846;7.692307692
2018-01;National;PARIS NORD;DUNKERQUE;116;271;3;;46;11.2365942;1.797636816;;29;28.68965517;3.73880597;;18;3.73880597;9;4;35.71428571;28.57142857;7.142857143;25.0;3.571428571;0.0
2018-01;National;ANNECY;PARIS LYON;224;198;0;;12;8.070833333;0.489141414;;38;37.24605263;8.552525253;;38;8.552525253;14;5;23.80952381;42.85714286;9.523809524;14.28571429;4.761904762;4.761904762
2018-01;National;TOULOUSE MATABIAU;PARIS MONTPARNASSE;257;184;0;;23;11.22173913;1.193931159;;26;40.11666667;7.510507246;"Ce mois-ci, l'OD a été touchée par les incidents suivants :
Le 1er : Tempête Carmen sur la façade Atlantique  (52 TGV ; 1079mn)
Le 3 : Tempête Eleonor sur l’ouest de la France (35 TGV ; 407mn)
Le 5 : Dérangement d’une aiguille en gare de Massy TGV (57 TGV ; 1254mn)
Le 7 : Dérangement du poste d’aiguillage de Paris Montparnasse (70 TGV ; 1490mn)
Le 12 : Colis suspect en gare de Paris Montparnasse (32 TGV ; 499mn)
Le 17 : Dérangement du poste d’aiguillage de Paris Montparnasse (26 TGV ; 386mn)";26;7.510507246;12;3;59.09090909;22.72727273;4.545454545;9.090909091;4.545454545;0.0
2018-01;National;REIMS;PARIS EST;46;230;1;;93;7.432795699;3.107569141;;62;12.81747312;3.538937409;;20;3.538937409;3;0;17.94871795;41.02564103;20.51282051;5.128205128;0.0;15.38461538
2018-01;National;LYON PART DIEU;MARNE LA VALLEE;109;316;3;;221;10.31432881;7.273375932;;64;37.121875;7.814643237;;53;7.814643237;27;10;18.36734694;34.69387755;12.24489796;20.40816327;6.12244898;8.163265306
2018-01;National;MONTPELLIER;PARIS LYON;206;340;2;;122;10.99180328;4.073619329;;58;44.75574713;7.465581854;Heurt d’un chevreuil par OUIGO 7801 vers Valence-TGV;58;7.465581854;31;11;22.0;38.0;12.0;22.0;2.0;4.0
2018-01;International;FRANCFORT;PARIS EST;224;177;3;;43;4.619767442;1.339750958;;26;25.86153846;6.438984674;;25;6.438984674;6;1;30.76923077;15.38461538;23.07692308;15.38461538;7.692307692;7.692307692
2018-01;National;AIX EN PROVENCE TGV;PARIS LYON;188;402;0;;117;6.625641026;2.005431177;;37;35.97432432;4.417205638;;37;4.417205638;19;7;42.85714286;22.85714286;8.571428571;22.85714286;0.0;2.857142857
2018-01;National;POITIERS;PARIS MONTPARNASSE;94;472;4;;224;6.784672619;3.229700855;;89;14.59269663;4.882371795;;42;4.882371795;10;0;15.78947368;45.61403509;19.29824561;15.78947368;1.754385965;1.754385965
2018-01;National;DOUAI;PARIS NORD;77;197;3;;39;8.032905983;1.802920962;;37;21.4009009;5.046907216;;10;5.046907216;5;3;36.36363636;18.18181818;22.72727273;18.18181818;4.545454545;0.0
2018-01;National;LILLE;PARIS NORD;63;579;9;;164;8.22195122;2.344327485;;101;22.20577558;4.229619883;;38;4.222212493;17;10;36.23188406;8.695652174;21.73913043;23.1884058;5.797101449;4.347826087
2018-01;National;LILLE;MARSEILLE ST CHARLES;307;190;4;;50;7.381333333;2.043458781;;35;44.1152381;9.938261649;;35;9.938261649;13;7;57.14285714;19.04761905;4.761904762;9.523809524;4.761904762;4.761904762
2018-01;National;MACON LOCHE;PARIS LYON;99;225;1;;153;11.77625272;8.031622024;;49;26.26054422;6.021279762;;38;6.021279762;10;1;16.21621622;27.02702703;32.43243243;21.62162162;2.702702703;0.0
2018-01;National;PARIS LYON;MARSEILLE ST CHARLES;202;482;2;;51;13.03660131;1.0721875;;43;41.65620155;5.045868056;Dérangement de commutateur sur LN1 vers Tonnerre;43;5.045868056;20;8;41.02564103;30.76923077;12.82051282;15.38461538;0.0;0.0
2018-01;National;BORDEAUX ST JEAN;PARIS MONTPARNASSE;141;870;5;;289;11.24780854;3.693179191;;147;28.43673469;6.511117534;;110;6.511117534;44;8;36.13445378;31.09243697;10.92436975;15.96638655;5.042016807;0.840336134
2018-01;International;BARCELONA;PARIS LYON;390;35;0;;10;1.4;0.314285714;;7;57.67619048;9.219047619;;7;9.219047619;3;3;14.28571429;14.28571429;14.28571429;57.14285714;0.0;0.0
2018-01;International;MADRID;MARSEILLE ST CHARLES;481;16;1;;6;3.5;1.0;;3;20.27222222;7.255555556;;3;7.255555556;0;0;0.0;0.0;66.66666667;33.33333333;0.0;0.0
2018-01;National;LE MANS;PARIS MONTPARNASSE;56;406;1;;213;8.479968701;4.567119342;;105;18.04904762;5.363539095;"Ce mois-ci, l'OD a été touchée par les incidents suivants :
Le 1er : Tempête Carmen sur la façade Atlantique  (52 TGV ; 1079mn)
Le 3 : Tempête Eleonor sur l’ouest de la France (35 TGV ; 407mn)
Le 5 : Dérangement d’une aiguille en gare de Massy TGV (57 TGV ; 1254mn)
Le 7 : Dérangement du poste d’aiguillage de Paris Montparnasse (70 TGV ; 1490mn)
Le 12 : Colis suspect en gare de Paris Montparnasse (32 TGV ; 499mn)
Le 12 : Incident caténaire en gare de Rennes (26 TGV ; 2188mn)
Le 17 : Dérangement du poste d’aiguillage de Paris Montparnasse (26 TGV ; 386mn)
Le 17 : Présence d’une personne dans les voies à Ste Luce (11 TGV ; 212mn)
Le 26 : Heurt d’une personne au niveau de Tiercé (44 TGV ; 1578mn)";32;5.363539095;9;4;20.0;35.0;16.66666667;16.66666667;8.333333333;3.333333333
2018-01;National;ST MALO;PARIS MONTPARNASSE;158;92;0;;2;1.225;0.0625;;10;24.975;4.81576087;;6;4.763978495;3;1;22.22222222;66.66666667;0.0;11.11111111;0.0;0.0
2018-01;International;PARIS LYON;LAUSANNE;222;151;2;;10;10.91166667;0.368008949;;20;33.67583333;6.025838926;;20;6.025838926;6;2;31.57894737;26.31578947;31.57894737;5.263157895;0.0;5.263157895
2018-01;National;PARIS MONTPARNASSE;LA ROCHELLE VILLE;166;226;0;;21;6.23968254;0.286283186;;19;24.73684211;2.938053097;;11;2.938053097;6;1;22.22222222;27.77777778;16.66666667;16.66666667;5.555555556;11.11111111
2018-01;National;PARIS MONTPARNASSE;NANTES;124;508;3;;71;7.235211268;0.734290429;;58;33.72643678;5.292211221;;39;5.292211221;18;8;33.33333333;22.22222222;16.66666667;20.37037037;5.555555556;1.851851852
2018-01;National;VANNES;PARIS MONTPARNASSE;156;278;1;;168;5.120436508;3.131046931;;37;30.07207207;6.264019254;;25;6.241486811;11;3;24.13793103;44.82758621;20.68965517;3.448275862;3.448275862;3.448275862
2018-01;National;LYON PART DIEU;LILLE;189;296;3;;218;10.35810398;7.809613197;;67;44.43731343;12.04897611;"Deux accidents de personne  se sont produits sur le secteur Nord, l’un à Fresnoy avec un train Eurostar le 16, et l’autre près de Lille Europe le 25 avec un train Ouigo. 
Aussi en matière de causes retards, le domaine « Externe réseau » est bien le plus marquant avec quasiment cinq points, représentant le tiers de l’irrégularité totale. Et pour les résultats composite et cinq minutes du mois, cela correspond à une baisse d’au moins deux points.
La cause des dérangements se place en seconde position mais avec un taux bien limité, exemple de l’Incident JIC* de Pierrefitte le 10 qui a concerné 14 TGV.";64;12.04897611;35;12;30.76923077;32.69230769;9.615384615;17.30769231;3.846153846;5.769230769
2018-01;National;PARIS LYON;BESANCON FRANCHE COMTE TGV;128;202;2;;25;11.62066667;1.143583333;;23;31.26884058;5.84925;;18;5.84925;8;2;9.090909091;36.36363636;9.090909091;31.81818182;9.090909091;4.545454545
2018-01;National;ST PIERRE DES CORPS;PARIS MONTPARNASSE;61;410;1;;173;6.719267823;2.954808476;;114;13.04561404;4.359739201;"Ce mois-ci, l'OD a été touchée par les incidents suivants :
Le 1er : Tempête Carmen sur la façade Atlantique  (52 TGV ; 1079mn)
Le 3 : Tempête Eleonor sur l’ouest de la France (35 TGV ; 407mn)
Le 5 : Dérangement d’une aiguille en gare de Massy TGV (57 TGV ; 1254mn)
Le 7 : Dérangement du poste d’aiguillage de Paris Montparnasse (70 TGV ; 1490mn)
Le 12 : Colis suspect en gare de Paris Montparnasse (32 TGV ; 499mn)
Le 17 : Dérangement du poste d’aiguillage de Paris Montparnasse (26 TGV ; 386mn)";26;4.359739201;9;0;22.72727273;45.45454545;16.66666667;12.12121212;1.515151515;1.515151515
2018-01;National;TOURS;PARIS MONTPARNASSE;75;194;0;;12;5.727777778;0.333075601;;35;11.13142857;2.929295533;;7;2.929295533;1;0;25.0;56.25;6.25;12.5;0.0;0.0
2018-01;National;PARIS VAUGIRARD;NANTES;140;62;0;;15;11.64111111;2.522043011;;10;34.23166667;7.565591398;;6;7.565591398;3;3;30.0;30.0;20.0;10.0;10.0;0.0
2018-01;National;RENNES;PARIS VAUGIRARD;111;31;0;;7;2.857142857;0.64516129;;2;24.33333333;3.160752688;;2;3.160752688;0;0;50.0;0.0;50.0;0.0;0.0;0.0
2018-01;National;PARIS EST;METZ;84;310;0;;41;6.409349593;0.823548387;;24;11.88888889;0.76;;7;0.76;1;0;26.66666667;6.666666667;13.33333333;40.0;13.33333333;0.0
2018-01;National;PARIS NORD;DOUAI;69;192;2;;29;10.39367816;1.437105263;;30;19.24777778;2.288070175;;11;2.288070175;5;3;37.5;33.33333333;12.5;12.5;4.166666667;0.0
2018-01;National;PERPIGNAN;PARIS LYON;305;166;0;;54;10.13395062;3.401506024;;36;48.68425926;10.48413655;Dérangement de commutateur sur LN1 vers Tonnerre;36;10.48413655;21;9;20.68965517;41.37931034;10.34482759;27.5862069;0.0;0.0
2018-01;National;PARIS VAUGIRARD;BORDEAUX ST JEAN;165;63;1;;12;22.31805556;3.89327957;;5;44.55;3.429569892;"7653 du 25 + 99: accident de personne
7653 du 1 +57: Soin matériel roulant";4;3.429569892;3;1;60.0;0.0;0.0;40.0;0.0;0.0
2018-01;National;DIJON VILLE;PARIS LYON;98;451;7;;264;6.674873737;4.068093093;;42;28.48611111;2.398836336;;29;2.398836336;12;5;25.0;12.5;40.0;7.5;2.5;12.5
2018-01;National;PARIS LYON;PERPIGNAN;308;145;0;;29;14.50517241;2.528045977;;23;39.61884058;8.224597701;;23;8.224597701;12;3;13.63636364;59.09090909;9.090909091;18.18181818;0.0;0.0
2018-01;National;PARIS MONTPARNASSE;VANNES;152;253;1;;38;9.746929825;1.055026455;;39;40.30769231;7.77281746;"Ce mois-ci, l'OD a été touchée par les incidents suivants :
Le 1er : Tempête Carmen sur la façade Atlantique  (52 TGV ; 1079mn)
Le 3 : Tempête Eleonor sur l’ouest de la France (35 TGV ; 407mn)
Le 5 : Dérangement d’une aiguille en gare de Massy TGV (57 TGV ; 1254mn)
Le 7 : Dérangement du poste d’aiguillage de Paris Montparnasse (70 TGV ; 1490mn)
Le 12 : Colis suspect en gare de Paris Montparnasse (32 TGV ; 499mn)
Le 12 : Incident caténaire en gare de Rennes (26 TGV ; 2188mn)
Le 17 : Dérangement du poste d’aiguillage de Paris Montparnasse (26 TGV ; 386mn)";27;7.742094862;16;8;25.64102564;38.46153846;12.82051282;17.94871795;0.0;5.128205128
2018-01;National;PARIS LYON;AVIGNON TGV;159;462;0;;48;11.04236111;0.855627706;;64;31.44114583;5.880880231;;45;5.880880231;19;8;30.15873016;25.3968254;19.04761905;22.22222222;3.174603175;0.0
2018-01;National;VALENCE ALIXAN TGV;PARIS LYON;132;280;2;;130;11.22217949;5.252158273;;48;39.12465278;5.893585132;;45;5.893585132;21;7;17.5;37.5;12.5;25.0;2.5;5.0
2018-01;International;STUTTGART;PARIS EST;185;154;5;;124;4.631989247;3.918232662;;12;34.57777778;4.045525727;;12;4.045525727;4;1;41.66666667;25.0;0.0;16.66666667;0.0;16.66666667
2018-01;National;PARIS MONTPARNASSE;LAVAL;84;217;0;;32;11.609375;1.455760369;;66;15.13434343;5.82281106;"Ce mois-ci, l'OD a été touchée par les incidents suivants :
Le 1er : Tempête Carmen sur la façade Atlantique  (52 TGV ; 1079mn)
Le 3 : Tempête Eleonor sur l’ouest de la France (35 TGV ; 407mn)
Le 5 : Dérangement d’une aiguille en gare de Massy TGV (57 TGV ; 1254mn)
Le 7 : Dérangement du poste d’aiguillage de Paris Montparnasse (70 TGV ; 1490mn)
Le 12 : Colis suspect en gare de Paris Montparnasse (32 TGV ; 499mn)
Le 12 : Incident caténaire en gare de Rennes (26 TGV ; 2188mn)
Le 17 : Dérangement du poste d’aiguillage de Paris Montparnasse (26 TGV ; 386mn)";16;5.82281106;5;2;24.24242424;54.54545455;3.03030303;12.12121212;3.03030303;3.03030303
2018-01;National;MARSEILLE ST CHARLES;PARIS LYON;202;431;0;;85;8.292352941;1.546017015;;40;35.71166667;4.270301624;;40;4.270301624;19;8;39.47368421;21.05263158;10.52631579;26.31578947;0.0;2.631578947
2018-01;National;BESANCON FRANCHE COMTE TGV;PARIS LYON;131;205;3;;27;6.514197531;0.50990099;;15;25.29444444;1.401320132;;9;1.401320132;3;2;30.76923077;23.07692308;23.07692308;0.0;7.692307692;15.38461538
2018-01;National;PARIS LYON;CHAMBERY CHALLES LES EAUX;186;271;0;;46;13.59311594;2.047478475;;36;39.0712963;5.813653137;;26;5.813653137;17;5;14.70588235;26.47058824;20.58823529;32.35294118;5.882352941;0.0
2018-01;National;LE CREUSOT MONTCEAU MONTCHANIN;PARIS LYON;81;224;1;;127;9.929527559;5.652989537;;45;21.40037037;3.624588939;;22;3.624588939;9;2;26.19047619;16.66666667;30.95238095;16.66666667;9.523809524;0.0
2018-01;National;MARNE LA VALLEE;LYON PART DIEU;109;335;9;;212;12.49591195;8.241411043;;59;45.52118644;8.487218814;"7808 du 10 + 39: Attente client à MSC du 6806
7819 du 6 +66: Dérangement d'installations (perte de commande PRS 25)
7819 du 8 +81: Détresse Matériel Roulant 
7819 du 28 +44: Soin Matériel Roulant au 7810";43;8.487218814;29;17;31.25;31.25;12.5;18.75;6.25;0.0
2018-01;National;PARIS LYON;NICE VILLE;349;196;2;;24;14.0125;1.394415808;;25;48.57733333;7.979810997;Dérangement de commutateur sur LN1 vers Tonnerre;25;7.979810997;15;7;60.86956522;21.73913043;0.0;13.04347826;4.347826087;0.0
2018-01;National;PARIS MONTPARNASSE;ANGERS SAINT LAUD;90;385;3;;49;8.362585034;0.730104712;;52;19.84358974;4.24943281;;22;4.24943281;8;1;21.42857143;23.80952381;21.42857143;23.80952381;9.523809524;0.0
2018-01;National;RENNES;PARIS MONTPARNASSE;99;599;4;;238;7.589985994;3.0667507;;148;18.50022523;5.850420168;"Ce mois-ci, l'OD a été touchée par les incidents suivants :
Le 1er : Tempête Carmen sur la façade Atlantique  (52 TGV ; 1079mn)
Le 3 : Tempête Eleonor sur l’ouest de la France (35 TGV ; 407mn)
Le 5 : Dérangement d’une aiguille en gare de Massy TGV (57 TGV ; 1254mn)
Le 7 : Dérangement du poste d’aiguillage de Paris Montparnasse (70 TGV ; 1490mn)
Le 12 : Colis suspect en gare de Paris Montparnasse (32 TGV ; 499mn)
Le 12 : Incident caténaire en gare de Rennes (26 TGV ; 2188mn)
Le 17 : Dérangement du poste d’aiguillage de Paris Montparnasse (26 TGV ; 386mn)";51;5.840604027;16;6;20.23809524;35.71428571;17.85714286;16.66666667;4.761904762;4.761904762
2018-01;National;NANCY;PARIS EST;93;306;1;;71;8.252347418;1.981857923;;33;15.96212121;1.192568306;;13;1.192568306;5;0;21.05263158;21.05263158;36.84210526;10.52631579;5.263157895;5.263157895
2018-01;National;PARIS LYON;GRENOBLE;180;262;0;;40;9.715;1.226208651;;40;34.38666667;6.618193384;;32;6.618193384;15;8;15.38461538;25.64102564;28.20512821;28.20512821;2.564102564;0.0
2018-01;International;ITALIE;PARIS LYON;439;95;1;;79;5.829113924;4.962765957;;34;41.40931373;17.09184397;;34;17.09184397;12;7;23.52941176;17.64705882;41.17647059;17.64705882;0.0;0.0
2018-01;National;PARIS LYON;MONTPELLIER;209;294;0;;47;12.22801418;1.626247166;;37;39.01036036;4.363038549;;37;4.363038549;19;6;25.71428571;45.71428571;11.42857143;14.28571429;2.857142857;0.0
2018-01;National;PARIS MONTPARNASSE;QUIMPER;220;248;1;;37;9.501351351;1.003981107;;26;55.69230769;7.578947368;"Ce mois-ci, l'OD a été touchée par les incidents suivants :
Le 1er : Tempête Carmen sur la façade Atlantique  (52 TGV ; 1079mn)
Le 3 : Tempête Eleonor sur l’ouest de la France (35 TGV ; 407mn)
Le 5 : Dérangement d’une aiguille en gare de Massy TGV (57 TGV ; 1254mn)
Le 7 : Dérangement du poste d’aiguillage de Paris Montparnasse (70 TGV ; 1490mn)
Le 12 : Colis suspect en gare de Paris Montparnasse (32 TGV ; 499mn)
Le 12 : Incident caténaire en gare de Rennes (26 TGV ; 2188mn)
Le 17 : Dérangement du poste d’aiguillage de Paris Montparnasse (26 TGV ; 386mn)";26;7.548387097;17;7;26.92307692;38.46153846;15.38461538;19.23076923;0.0;0.0
2018-01;National;NANTES;STRASBOURG;303;39;0;;22;2.835606061;1.664957265;;5;32.98666667;5.741025641;;5;5.741025641;2;1;0.0;0.0;33.33333333;33.33333333;0.0;33.33333333
2018-01;National;BORDEAUX ST JEAN;TOURCOING;301;31;0;;13;2.755128205;1.180645161;;3;43.33333333;6.548387097;"7660 du 7 +42: Dérangemetn d'insta MPW
7660 du 26 +68: Soin matériel roulant";3;6.548387097;2;1;0.0;33.33333333;66.66666667;0.0;0.0;0.0
2018-01;National;PARIS MONTPARNASSE;ANGOULEME;126;239;4;;36;6.347685185;0.751560284;;28;18.02202381;4.113191489;;15;4.113191489;3;0;15.38461538;38.46153846;19.23076923;23.07692308;3.846153846;0.0
2018-01;National;PARIS EST;REIMS;45;218;1;;34;5.491666667;0.79078341;;21;12.04126984;1.435560676;;6;1.435560676;0;0;18.75;12.5;6.25;18.75;43.75;0.0
2018-01;International;LAUSANNE;PARIS LYON;219;144;3;;110;3.083181818;2.491489362;;21;30.35238095;4.70248227;;22;4.70248227;9;2;28.57142857;14.28571429;33.33333333;9.523809524;0.0;14.28571429
2018-01;National;METZ;PARIS EST;85;307;1;;128;8.046614583;3.431263617;;64;14.51614583;3.320098039;;17;3.320098039;8;0;18.91891892;8.108108108;37.83783784;29.72972973;2.702702703;2.702702703
2018-01;National;PARIS NORD;LILLE;64;568;5;;98;8.828911565;1.499230314;;97;21.02491409;4.133274127;;40;4.133274127;15;6;38.0952381;21.42857143;9.523809524;21.42857143;9.523809524;0.0
2018-01;National;LYON PART DIEU;RENNES;232;88;2;;50;7.033666667;4.213372093;;20;36.05;10.8255814;"Ce mois-ci, l'OD a été touchée par les incidents suivants :
Le 1er : Tempête Carmen sur la façade Atlantique  (52 TGV ; 1079mn)
Le 3 : Tempête Eleonor sur l’ouest de la France (35 TGV ; 407mn)
Le 5 : Dérangement d’une aiguille en gare de Massy TGV (57 TGV ; 1254mn)
Le 7 : Dérangement du poste d’aiguillage de Paris Montparnasse (70 TGV ; 1490mn)
Le 12 : Colis suspect en gare de Paris Montparnasse (32 TGV ; 499mn)
Le 12 : Incident caténaire en gare de Rennes (26 TGV ; 2188mn)
Le 17 : Dérangement du poste d’aiguillage de Paris Montparnasse (26 TGV ; 386mn)";20;10.8255814;9;2;10.52631579;63.15789474;10.52631579;15.78947368;0.0;0.0
2018-01;National;PARIS MONTPARNASSE;BREST;223;281;1;;39;8.1;0.75172619;;19;46.57894737;4.860714286;"Ce mois-ci, l'OD a été touchée par les incidents suivants :
Le 1er : Tempête Carmen sur la façade Atlantique  (52 TGV ; 1079mn)
Le 3 : Tempête Eleonor sur l’ouest de la France (35 TGV ; 407mn)
Le 5 : Dérangement d’une aiguille en gare de Massy TGV (57 TGV ; 1254mn)
Le 7 : Dérangement du poste d’aiguillage de Paris Montparnasse (70 TGV ; 1490mn)
Le 12 : Colis suspect en gare de Paris Montparnasse (32 TGV ; 499mn)
Le 12 : Incident caténaire en gare de Rennes (26 TGV ; 2188mn)
Le 17 : Dérangement du poste d’aiguillage de Paris Montparnasse (26 TGV ; 386mn)";19;4.826241135;7;4;21.05263158;47.36842105;10.52631579;21.05263158;0.0;0.0
2018-01;National;PARIS LYON;BELLEGARDE (AIN);160;231;2;;34;5.780882353;0.563464338;;64;36.38802083;11.86091703;;49;11.86091703;24;10;40.0;25.45454545;25.45454545;5.454545455;3.636363636;0.0
2018-01;National;PARIS MONTPARNASSE;ST PIERRE DES CORPS;61;391;2;;61;7.796994536;0.88688946;;71;12.40516432;3.346486718;;17;3.346486718;6;0;21.21212121;42.42424242;9.090909091;21.21212121;6.060606061;0.0
2018-01;National;LILLE;LYON PART DIEU;190;292;8;;122;10.04112022;4.375234742;;36;56.1587963;7.582805164;;31;7.582805164;22;13;40.0;30.0;5.0;20.0;5.0;0.0
2018-01;National;NICE VILLE;PARIS LYON;346;197;0;;84;9.961309524;4.370642978;;33;46.82525253;8.570981387;Décontrôle d’aiguilles, à Solers;33;8.570981387;20;8;38.70967742;25.80645161;9.677419355;19.35483871;0.0;6.451612903
2018-01;International;PARIS LYON;ZURICH;241;153;3;;25;8.94;1.232333333;;28;34.30357143;7.782444444;;28;7.782444444;11;3;17.85714286;21.42857143;25.0;21.42857143;3.571428571;10.71428571
2018-01;National;PARIS MONTPARNASSE;TOURS;72;186;0;;30;9.582777778;1.09390681;;48;12.23125;4.334856631;"Ce mois-ci, l'OD a été touchée par les incidents suivants :
Le 1er : Tempête Carmen sur la façade Atlantique  (52 TGV ; 1079mn)
Le 3 : Tempête Eleonor sur l’ouest de la France (35 TGV ; 407mn)
Le 5 : Dérangement d’une aiguille en gare de Massy TGV (57 TGV ; 1254mn)
Le 7 : Dérangement du poste d’aiguillage de Paris Montparnasse (70 TGV ; 1490mn)
Le 12 : Colis suspect en gare de Paris Montparnasse (32 TGV ; 499mn)
Le 17 : Dérangement du poste d’aiguillage de Paris Montparnasse (26 TGV ; 386mn)";9;4.334856631;5;0;19.23076923;46.15384615;11.53846154;19.23076923;3.846153846;0.0
2018-01;National;NANTES;PARIS VAUGIRARD;143;62;0;;15;13.87111111;3.647043011;;6;47.28055556;5.310215054;"7626 du 26 +140: Accident de personne
7626 du 20 +45: obstacle sur voie ou aux abords";5;5.310215054;3;1;0.0;50.0;0.0;16.66666667;16.66666667;16.66666667
2018-01;International;PARIS LYON;BARCELONA;387;62;0;;16;11.94479167;2.667741935;;8;49.5;8.548387097;;8;8.548387097;4;1;12.5;37.5;25.0;25.0;0.0;0.0
2018-01;National;PARIS LYON;NIMES;177;294;0;;47;12.22801418;1.626247166;;54;31.90154321;6.489739229;;38;6.489739229;19;8;20.0;32.0;20.0;20.0;8.0;0.0
2018-01;National;SAINT ETIENNE CHATEAUCREUX;PARIS LYON;168;118;0;;12;6.373611111;0.575564972;;13;30.64358974;4.12019774;;7;4.12019774;4;2;40.0;30.0;20.0;0.0;10.0;0.0
2018-01;National;MARSEILLE ST CHARLES;LILLE;307;187;2;;40;8.270416667;1.778288288;;37;45.59459459;10.79558559;;37;10.79558559;19;7;32.25806452;35.48387097;9.677419355;12.90322581;3.225806452;6.451612903
2018-01;National;LYON PART DIEU;PARIS LYON;120;659;3;;384;6.344574653;3.823424797;;85;26.8054902;4.030614837;;53;4.030614837;20;6;26.66666667;24.0;26.66666667;17.33333333;5.333333333;0.0
2018-01;National;AVIGNON TGV;PARIS LYON;159;538;0;;109;11.68730887;2.113475836;;88;31.96856061;5.797924411;;62;5.797924411;35;12;36.47058824;24.70588235;16.47058824;18.82352941;0.0;3.529411765
2018-01;National;LA ROCHELLE VILLE;PARIS MONTPARNASSE;165;222;0;;8;2.875;0.095795796;;34;21.52401961;5.696096096;;22;5.696096096;5;0;15.38461538;30.76923077;38.46153846;11.53846154;3.846153846;0.0
2018-01;National;PARIS MONTPARNASSE;ST MALO;156;102;0;;12;19.9125;1.966666667;;13;48.62307692;6.790686275;"Ce mois-ci, l'OD a été touchée par les incidents suivants :
Le 1er : Tempête Carmen sur la façade Atlantique  (52 TGV ; 1079mn)
Le 3 : Tempête Eleonor sur l’ouest de la France (35 TGV ; 407mn)
Le 5 : Dérangement d’une aiguille en gare de Massy TGV (57 TGV ; 1254mn)
Le 7 : Dérangement du poste d’aiguillage de Paris Montparnasse (70 TGV ; 1490mn)
Le 12 : Colis suspect en gare de Paris Montparnasse (32 TGV ; 499mn)
Le 12 : Incident caténaire en gare de Rennes (26 TGV ; 2188mn)
Le 17 : Dérangement du poste d’aiguillage de Paris Montparnasse (26 TGV ; 386mn)";8;6.724757282;6;4;23.07692308;46.15384615;7.692307692;15.38461538;7.692307692;0.0
2018-01;National;QUIMPER;PARIS MONTPARNASSE;223;256;1;;9;16.33333333;0.579477124;;21;39.0952381;5.940849673;;21;5.917643229;9;2;27.77777778;55.55555556;0.0;5.555555556;5.555555556;5.555555556
2018-01;National;RENNES;LYON PART DIEU;233;99;0;;23;3.0;0.696969697;;6;40.05833333;2.244612795;"Ce mois-ci, l'OD a été touchée par les incidents suivants :
Le 1er : Tempête Carmen sur la façade Atlantique  (52 TGV ; 1079mn)
Le 3 : Tempête Eleonor sur l’ouest de la France (35 TGV ; 407mn)
Le 5 : Dérangement d’une aiguille en gare de Massy TGV (57 TGV ; 1254mn)
Le 7 : Dérangement du poste d’aiguillage de Paris Montparnasse (70 TGV ; 1490mn)
Le 12 : Colis suspect en gare de Paris Montparnasse (32 TGV ; 499mn)
Le 12 : Incident caténaire en gare de Rennes (26 TGV ; 2188mn)
Le 17 : Dérangement du poste d’aiguillage de Paris Montparnasse (26 TGV ; 386mn)";6;2.244612795;2;1;0.0;50.0;25.0;25.0;0.0;0.0
2018-01;National;PARIS EST;STRASBOURG;112;494;9;;49;6.267006803;0.576323024;;14;27.3;0.77814433;;11;0.77814433;5;1;25.0;8.333333333;8.333333333;50.0;8.333333333;0.0
2018-01;National;STRASBOURG;PARIS EST;112;507;7;;239;7.218828452;3.5573;;46;24.83876812;2.675233333;;34;2.675233333;11;1;35.8974359;12.82051282;17.94871795;15.38461538;5.128205128;12.82051282
2018-01;National;MULHOUSE VILLE;PARIS LYON;168;328;8;;106;6.577044025;2.199895833;;24;34.37361111;2.280208333;;19;2.280208333;8;4;37.5;12.5;29.16666667;4.166666667;4.166666667;12.5
2018-01;International;GENEVE;PARIS LYON;194;230;1;;161;3.735817805;2.861863173;;36;40.26990741;7.178238719;;36;7.178238719;19;7;69.44444444;16.66666667;5.555555556;0.0;5.555555556;2.777777778
2018-01;National;BREST;PARIS MONTPARNASSE;225;284;3;;4;2.25;0.03202847;;19;39.18333333;5.389501779;;19;5.370390071;5;2;33.33333333;53.33333333;0.0;13.33333333;0.0;0.0
2018-01;National;MONTPELLIER;LYON PART DIEU;112;299;6;;107;11.30903427;4.26410694;;62;31.8483871;9.1221843;;46;9.1221843;21;4;28.57142857;34.28571429;22.85714286;11.42857143;2.857142857;0.0
2018-01;International;PARIS EST;STUTTGART;186;155;4;;20;10.3;1.34205298;;15;33.31;5.728366446;;15;5.728366446;6;2;26.66666667;6.666666667;20.0;46.66666667;0.0;0.0
2018-01;National;PARIS LYON;DIJON VILLE;96;468;6;;62;11.56935484;1.227525253;;40;31.12083333;3.146212121;;32;3.146212121;16;4;14.28571429;40.0;17.14285714;25.71428571;2.857142857;0.0
2018-01;National;LYON PART DIEU;MONTPELLIER;112;303;5;;168;12.66438492;7.26303132;;49;38.8292517;6.859731544;;34;6.859731544;19;8;30.76923077;33.33333333;10.25641026;17.94871795;7.692307692;0.0
2018-01;National;PARIS LYON;MULHOUSE VILLE;168;299;5;;47;10.88865248;1.487414966;;49;31.26462585;6.390646259;;39;6.390646259;18;4;15.90909091;29.54545455;18.18181818;27.27272727;2.272727273;6.818181818
2018-01;National;PARIS LYON;VALENCE ALIXAN TGV;130;323;0;;47;12.06631206;1.415995872;;44;33.97272727;5.24122807;;33;5.24122807;17;7;15.0;30.0;25.0;25.0;5.0;0.0
2018-01;National;PARIS MONTPARNASSE;BORDEAUX ST JEAN;143;775;7;;148;9.377815315;1.582530382;;79;25.47911392;2.546961806;;45;2.546961806;21;4;21.66666667;25.0;11.66666667;40.0;1.666666667;0.0
2018-01;National;PARIS MONTPARNASSE;RENNES;97;590;1;;79;10.08860759;1.029654782;;107;21.10280374;4.968336163;;35;4.968336163;12;7;12.65822785;41.7721519;18.98734177;24.05063291;2.53164557;0.0
2018-01;National;ANGOULEME;PARIS MONTPARNASSE;125;270;4;;135;5.710123457;2.971365915;;56;21.19821429;6.464974937;"Ce mois-ci, l'OD a été touchée par les incidents suivants :
Le 1er : Tempête Carmen sur la façade Atlantique  (52 TGV ; 1079mn)
Le 3 : Tempête Eleonor sur l’ouest de la France (35 TGV ; 407mn)
Le 5 : Dérangement d’une aiguille en gare de Massy TGV (57 TGV ; 1254mn)
Le 7 : Dérangement du poste d’aiguillage de Paris Montparnasse (70 TGV ; 1490mn)
Le 12 : Colis suspect en gare de Paris Montparnasse (32 TGV ; 499mn)
Le 17 : Dérangement du poste d’aiguillage de Paris Montparnasse (26 TGV ; 386mn)";33;6.464974937;9;0;26.92307692;42.30769231;9.615384615;15.38461538;3.846153846;1.923076923
2018-01;National;NANTES;PARIS MONTPARNASSE;128;525;3;;193;7.294991364;2.720210728;;84;33.48115079;7.225734355;;56;7.225734355;29;11;37.33333333;26.66666667;21.33333333;4.0;9.333333333;1.333333333
2018-01;National;PARIS MONTPARNASSE;TOULOUSE MATABIAU;257;182;1;;38;10.4122807;1.958747698;;21;57.18095238;6.779558011;"Ce mois-ci, l'OD a été touchée par les incidents suivants :
Le 1er : Tempête Carmen sur la façade Atlantique  (52 TGV ; 1079mn)
Le 3 : Tempête Eleonor sur l’ouest de la France (35 TGV ; 407mn)
Le 5 : Dérangement d’une aiguille en gare de Massy TGV (57 TGV ; 1254mn)
Le 7 : Dérangement du poste d’aiguillage de Paris Montparnasse (70 TGV ; 1490mn)
Le 12 : Colis suspect en gare de Paris Montparnasse (32 TGV ; 499mn)
Le 17 : Dérangement du poste d’aiguillage de Paris Montparnasse (26 TGV ; 386mn)";21;6.779558011;17;7;47.61904762;28.57142857;0.0;19.04761905;4.761904762;0.0
2018-01;National;ANGERS SAINT LAUD;PARIS MONTPARNASSE;91;393;2;;204;6.400490196;3.455754476;;77;24.27424242;6.0728474;;35;6.0728474;19;4;37.5;37.5;8.928571429;5.357142857;8.928571429;1.785714286
2018-01;National;PARIS EST;NANCY;94;299;3;;40;5.262083333;0.658051802;;13;17.36153846;1.024155405;;7;1.024155405;4;0;10.0;10.0;20.0;50.0;10.0;0.0
2018-01;National;NIMES;PARIS LYON;176;341;2;;174;10.28266284;5.371238938;;72;39.94976852;7.793854474;;59;7.793854474;32;12;18.75;40.625;17.1875;17.1875;1.5625;4.6875
2018-01;National;PARIS LYON;LE CREUSOT MONTCEAU MONTCHANIN;78;208;0;;18;10.46574074;0.502804487;;36;17.18009259;4.026282051;;14;4.026282051;8;0;20.0;32.0;24.0;20.0;4.0;0.0
2018-01;National;PARIS LYON;AIX EN PROVENCE TGV;186;424;0;;49;10.28435374;0.906839623;;47;36.9464539;4.340880503;;44;4.340880503;21;5;33.33333333;37.77777778;11.11111111;17.77777778;0.0;0.0
2018-01;National;PARIS LYON;ANNECY;225;199;1;;29;13.08390805;1.746632997;;21;41.0952381;7.090909091;Décontrôle d’aiguille à la bif de Créteil;21;7.090909091;10;5;19.04761905;33.33333333;19.04761905;28.57142857;0.0;0.0
2018-01;National;PARIS LYON;SAINT ETIENNE CHATEAUCREUX;168;112;0;;13;9.105128205;0.653422619;;21;25.95952381;5.868154762;;14;5.868154762;5;2;16.66666667;38.88888889;22.22222222;16.66666667;5.555555556;0.0
2018-01;National;PARIS LYON;TOULON;239;221;2;;27;13.03888889;1.269254186;;30;41.18388889;7.635159817;Extinction du Tableau de Commande Optique (TCO) sur LGV, au niveau de Mâcon.;30;7.635159817;18;4;39.28571429;35.71428571;7.142857143;10.71428571;3.571428571;3.571428571
2018-01;International;PARIS LYON;GENEVE;194;207;0;;28;5.82202381;0.504347826;;35;46.34809524;7.602495974;;35;7.602495974;26;7;58.06451613;25.80645161;9.677419355;3.225806452;3.225806452;0.0
2018-01;National;MARSEILLE ST CHARLES;TOURCOING;299;31;0;;13;10.76923077;4.334946237;;3;88.33333333;11.32258065;"7830 du 17 +76: Dérangement d'installations
7830 du 20 +88: Attente execution service voy";3;11.32258065;3;3;0.0;33.33333333;33.33333333;33.33333333;0.0;0.0
2018-01;International;PARIS EST;FRANCFORT;226;177;2;;19;6.242105263;0.611428571;;20;29.3;7.836380952;;20;7.836380952;6;2;30.0;30.0;25.0;15.0;0.0;0.0
2018-01;National;TOURCOING;MARSEILLE ST CHARLES;309;31;1;;0;0.0;0.0;;1;58.88333333;2.345;7669 du 25 +159: Accident de personne;1;2.345;1;0;100.0;0.0;0.0;0.0;0.0;0.0
2018-01;National;MARNE LA VALLEE;MARSEILLE ST CHARLES;217;323;6;;181;12.37053407;7.174973712;;49;44.03129252;8.152208202;"7829 du 31 +81: collision de 7801
7827 du 20 +30: espacement suite incident porte 9736
7825 du 28 + 109: soin matériel roulant 7810";49;8.152208202;22;10;46.66666667;16.66666667;6.666666667;20.0;6.666666667;3.333333333
2018-01;National;LAVAL;PARIS MONTPARNASSE;86;208;0;;84;7.287896825;3.016987179;;55;16.56909091;5.044791667;"Ce mois-ci, l'OD a été touchée par les incidents suivants :
Le 1er : Tempête Carmen sur la façade Atlantique  (52 TGV ; 1079mn)
Le 3 : Tempête Eleonor sur l’ouest de la France (35 TGV ; 407mn)
Le 5 : Dérangement d’une aiguille en gare de Massy TGV (57 TGV ; 1254mn)
Le 7 : Dérangement du poste d’aiguillage de Paris Montparnasse (70 TGV ; 1490mn)
Le 12 : Colis suspect en gare de Paris Montparnasse (32 TGV ; 499mn)
Le 12 : Incident caténaire en gare de Rennes (26 TGV ; 2188mn)
Le 17 : Dérangement du poste d’aiguillage de Paris Montparnasse (26 TGV ; 386mn)";19;5.044791667;5;2;16.12903226;35.48387097;19.35483871;22.58064516;3.225806452;3.225806452
2018-01;National;ARRAS;PARIS NORD;51;312;4;;118;8.863983051;3.56525974;;64;22.25078125;5.351785714;"Deux accidents de personne  se sont produits sur le secteur Nord, l’un à Fresnoy avec un train Eurostar le 16, et l’autre près de Lille Europe le 25 avec un train Ouigo. 
Aussi en matière de causes retards, le domaine « Externe réseau » est bien le plus marquant avec quasiment cinq points, représentant le tiers de l’irrégularité totale. Et pour les résultats composite et cinq minutes du mois, cela correspond à une baisse d’au moins deux points.
La cause des dérangements se place en seconde position mais avec un taux bien limité, exemple de l’Incident JIC* de Pierrefitte le 10 qui a concerné 14 TGV.";16;5.351785714;9;5;24.32432432;21.62162162;35.13513514;13.51351351;5.405405405;0.0
2018-01;National;PARIS LYON;MACON LOCHE;95;227;1;;31;14.99731183;1.88620944;;27;33.24382716;4.591814159;;23;4.591814159;13;3;12.0;44.0;4.0;36.0;4.0;0.0
2018-01;National;PARIS VAUGIRARD;RENNES;122;31;0;;8;10.56458333;2.575268817;;2;25.5;1.774193548;;2;1.774193548;1;0;0.0;50.0;0.0;0.0;50.0;0.0
2018-01;National;MARSEILLE ST CHARLES;MARNE LA VALLEE;214;312;2;;77;10.71558442;2.581774194;;46;43.54166667;6.862311828;"7820 du 12 +85: Soin matériel roulant
7822 du 20 +50: Incident lié aux portes
7832 du 28 + 84: soin matériel roulant";46;6.862311828;27;12;19.51219512;34.14634146;12.19512195;26.82926829;2.43902439;4.87804878
2018-01;National;PARIS MONTPARNASSE;LE MANS;54;441;2;;62;10.47446237;1.174867122;;65;16.90461538;2.997570235;;22;2.997570235;9;3;28.94736842;26.31578947;10.52631579;26.31578947;5.263157895;2.631578947
2018-01;National;LYON PART DIEU;MARSEILLE ST CHARLES;107;539;7;;271;16.21242312;8.403414787;;114;39.73888889;9.378195489;;96;9.378195489;46;21;30.66666667;28.0;20.0;14.66666667;1.333333333;5.333333333
2018-01;National;DUNKERQUE;PARIS NORD;116;245;1;;14;8.928571429;0.562704918;;28;28.92559524;4.737363388;;19;4.737363388;8;2;26.08695652;26.08695652;26.08695652;17.39130435;4.347826087;0.0
2018-01;National;TOURCOING;BORDEAUX ST JEAN;286;31;0;;5;8.4;1.35483871;;7;47.86428571;12.04408602;"7839 du 23 +310: Accident de personne
7839 du 21 +58: obstacle sur voie ou aux abords";7;12.04408602;3;1;0.0;0.0;33.33333333;66.66666667;0.0;0.0
2018-01;National;CHAMBERY CHALLES LES EAUX;PARIS LYON;184;278;1;;149;15.00626398;8.019795427;;69;38.49082126;10.27063779;;60;10.27063779;26;12;24.13793103;17.24137931;32.75862069;20.68965517;3.448275862;1.724137931
2018-01;National;PARIS LYON;LYON PART DIEU;119;630;1;;60;9.3725;0.486221516;;61;30.51311475;2.824933757;;49;2.824933757;24;5;22.03389831;44.06779661;11.86440678;20.33898305;1.694915254;0.0
2018-01;National;PARIS MONTPARNASSE;POITIERS;93;506;4;;62;7.717741935;0.644090305;;52;13.4849359;2.716932271;;16;2.716932271;6;0;26.92307692;42.30769231;11.53846154;19.23076923;0.0;0.0
2018-01;National;STRASBOURG;NANTES;286;40;1;;9;4.151851852;0.898717949;;5;46.75333333;8.574786325;;5;8.574786325;2;2;20.0;20.0;40.0;20.0;0.0;0.0
2018-01;National;BELLEGARDE (AIN);PARIS LYON;162;259;3;;115;8.253188406;3.758333333;;53;34.96918239;7.531966146;;42;7.531966146;21;9;54.90196078;19.60784314;15.68627451;1.960784314;5.882352941;1.960784314
2018-01;National;TOULON;PARIS LYON;241;273;0;;113;9.696312684;4.131196581;;42;42.43055556;7.002319902;Extinction du Tableau de Commande Optique (TCO) sur LGV, au niveau de Mâcon.;42;7.002319902;24;8;38.46153846;28.20512821;7.692307692;20.51282051;0.0;5.128205128
2018-01;National;PARIS NORD;ARRAS;51;287;5;;50;8.698333333;1.477186761;;40;17.36916667;2.908333333;;15;2.908333333;5;2;41.66666667;25.0;8.333333333;19.44444444;5.555555556;0.0
2018-01;International;ZURICH;PARIS LYON;176;122;3;;65;4.369230769;2.386554622;;8;36.81458333;2.390616246;;7;2.390616246;3;1;37.5;12.5;25.0;12.5;0.0;12.5
2018-01;National;BORDEAUX ST JEAN;PARIS VAUGIRARD;144;62;0;;15;22.39444444;5.397580645;;9;45.39259259;6.180913978;"7656 du 2 + 26: Alerte à la bombe à BX
7656 du 9 +43: Soin matériel roulant (défaut onduleur)
7656 du 25 +50: Accident de personne à LE
7658 du 1 +52: Tempête CARMEN
7658 du 7 +41: Dérangement de signalisation MPW
7658 du 25 +77: Accident de personne LE";7;6.180913978;5;2;11.11111111;11.11111111;22.22222222;55.55555556;0.0;0.0
2018-01;International;MARSEILLE ST CHARLES;MADRID;464;15;0;;1;13.96666667;1.165555556;;3;28.0;3.2;;3;3.2;1;0;0.0;0.0;100.0;0.0;0.0;0.0
2018-02;National;PARIS MONTPARNASSE;QUIMPER;221;237;11;;50;19.69066667;4.01120944;;49;51.06122449;12.84513274;"Ce mois-ci, l'OD a été touchée par les incidents suivants: 
Le 3 : Avarie à la caténaire à l’entrée de la gare de Paris Montparnasse (46 TGV ; 476mn)
Le 6 : épisode neigeux sur toute la France (187 TGV ; 18980mn ; 23 suppressions)
Le 7 : épisode neigeux sur toute la France (134 TGV ; 6294mn ; 77 suppressions)
Le 8 : épisode neigeux sur toute la France (166 TGV ; 2814mn ; 30 suppressions)
Le 9 : épisode neigeux sur toute la France (151 TGV ; 2830mn ; 15 suppressions)
Le 15 : Incident caténaire à l’entrée de la gare de Paris Montparnasse (78 TGV ; 2349mn ; 15 suppressions)
Le 15 : Dérangement d’installation sur la ligne grande vitesse (22 TGV ; 672mn)
Le 21 : Présences de Chèvres aux abords de la ligne grande vitesse à Marcoussis (15 TGV ; 292mn)
Le 21 : Avarie Matérielle sur la ligne grande vitesse au niveau de St Leger (62 TGV ; 2150mn)
Le 28 : Bâche dans la caténaire à l’entrée de la gare de Paris Montparnasse (28 TGV ; 605mn)";49;12.78854626;28;11;46.93877551;26.53061224;12.24489796;12.24489796;2.040816327;0.0
2018-02;International;PARIS EST;STUTTGART;187;137;3;;50;14.66033333;5.526741294;;38;36.17192982;13.2960199;;38;13.2960199;16;3;50.0;0.0;11.11111111;30.55555556;8.333333333;0.0
2018-02;National;PARIS EST;METZ;84;275;8;;66;13.19823232;3.21329588;;64;23.0171875;5.581835206;"04/02 : 2843? Pb installations et prise en charge PMR à MZ (12’)
10/02 : Descente tardive TEE ? 2831 (50’) et 2815 (23’)
12/02 : + 2803 et 2809? Pb pantographe  sur 2803 et csq (5’ et 6’)
13/02 : 2617? Descente tardive (12’)
14/02 : 2833? Retard autre réseau (5’) + 2803? Attente ADC  et agent départ (5’)
15/02 : 2809? Pb frein au départ (17’) + 2635? LTV 40 (5’)
16/02 : Csq alerte radio TER? 2809 (25’), 2803 (16’), 2815 (6’) + 2815? Retard autre réseau (15’) + 2817? Descente tardive (37’)
17/02 : Descente tardive? 2803 (6’), 2831 (5’)
19/02 : 2833? Csq accident de personne (74’)+ 2839 (23’) + 2815? défaut technique (19’) +2803? intervention police (5’)
20/02 :2839? Problème fermeture porte (7’)
22/02 : 2833? ERTMS (10’), 2839? Retard autre réseau (5’) + 2803? Redus conducteur de partir (10’) + 2815? Zones en non libération (6’)
23/02 : 2815? Descente tardive (23’) + 2803? Csq accident de personne (8’)
24/02 : 2803? Descente tardive (9’)
26/02 : 2601? Descente tardive (5’)
27/02 : 2815?Double défaut BTM (20’)
28/02 : 2815? Difficulté de réception (7’) + 2803? défaut technique (5’)";41;5.581835206;14;4;63.79310345;1.724137931;6.896551724;24.13793103;3.448275862;0.0
2018-02;National;PARIS VAUGIRARD;BORDEAUX ST JEAN;164;54;1;;10;30.16166667;5.247798742;;11;49.21363636;10.19308176;;10;10.19308176;8;3;50.0;0.0;0.0;40.0;0.0;10.0
2018-02;National;PARIS LYON;MULHOUSE VILLE;168;262;2;;38;12.59298246;1.547820513;;27;27.67716049;4.155641026;;16;4.155641026;5;2;23.07692308;11.53846154;34.61538462;30.76923077;0.0;0.0
2018-02;National;RENNES;LYON PART DIEU;234;83;0;;36;6.746296296;2.914056225;;16;60.34895833;12.41646586;"Ce mois-ci, l'OD a été touchée par les incidents suivants: 
Le 3 : Avarie à la caténaire à l’entrée de la gare de Paris Montparnasse (46 TGV ; 476mn)
Le 6 : épisode neigeux sur toute la France (187 TGV ; 18980mn ; 23 suppressions)
Le 7 : épisode neigeux sur toute la France (134 TGV ; 6294mn ; 77 suppressions)
Le 8 : épisode neigeux sur toute la France (166 TGV ; 2814mn ; 30 suppressions)
Le 9 : épisode neigeux sur toute la France (151 TGV ; 2830mn ; 15 suppressions)
Le 15 : Incident caténaire à l’entrée de la gare de Paris Montparnasse (78 TGV ; 2349mn ; 15 suppressions)
Le 15 : Dérangement d’installation sur la ligne grande vitesse (22 TGV ; 672mn)
Le 21 : Présences de Chèvres aux abords de la ligne grande vitesse à Marcoussis (15 TGV ; 292mn)
Le 21 : Avarie Matérielle sur la ligne grande vitesse au niveau de St Leger (62 TGV ; 2150mn)
Le 28 : Bâche dans la caténaire à l’entrée de la gare de Paris Montparnasse (28 TGV ; 605mn)";16;12.41646586;14;3;50.0;18.75;12.5;18.75;0.0;0.0
2018-02;National;QUIMPER;PARIS MONTPARNASSE;222;220;7;;18;9.388888889;0.79342723;;44;49.8719697;13.12488263;"Ce mois-ci, l'OD a été touchée par les incidents suivants: 
Le 3 : Avarie à la caténaire à l’entrée de la gare de Paris Montparnasse (46 TGV ; 476mn)
Le 6 : épisode neigeux sur toute la France (187 TGV ; 18980mn ; 23 suppressions)
Le 7 : épisode neigeux sur toute la France (134 TGV ; 6294mn ; 77 suppressions)
Le 8 : épisode neigeux sur toute la France (166 TGV ; 2814mn ; 30 suppressions)
Le 9 : épisode neigeux sur toute la France (151 TGV ; 2830mn ; 15 suppressions)
Le 15 : Incident caténaire à l’entrée de la gare de Paris Montparnasse (78 TGV ; 2349mn ; 15 suppressions)
Le 15 : Dérangement d’installation sur la ligne grande vitesse (22 TGV ; 672mn)
Le 21 : Présences de Chèvres aux abords de la ligne grande vitesse à Marcoussis (15 TGV ; 292mn)
Le 21 : Avarie Matérielle sur la ligne grande vitesse au niveau de St Leger (62 TGV ; 2150mn)
Le 28 : Bâche dans la caténaire à l’entrée de la gare de Paris Montparnasse (28 TGV ; 605mn)";44;13.12488263;19;11;55.55555556;27.77777778;8.333333333;5.555555556;2.777777778;0.0
2018-02;National;STRASBOURG;PARIS EST;112;455;5;;216;10.38217593;5.052296296;;122;28.40204918;9.013666667;"02/02 : 2364? Csq accident de personne (7’) + 2584? Défaut ADC (5’), + 2410? Csq signal alarme à Bondy (6’)
04/02 : 2364? LTV 230 (5’)
05/02 : 2584? Neige et rail glissant (5’) + 2400? Sortie tardive du dépôt (5’) 
10/02 : 2450? Jumelage 9563 suite rame ICE HS (7’) + 2358? Contrôle police à FB (7’)
11/02 : 2450? Arrêts supp à Meuse et Champagne (15’) + 2364? Prise en charge PMR (11’) + 2358? LTV 250 (11’)
12/02 : 2584? Fontis Sarrebourg (5’) + 2584? Décontrôle aiguille (6’) + 2440? Dérangement de zone (5’)
13/02 : 2364? Csq bagage abandonné (25’) + 2356? Csq alerte radio suite portes ouvertes (6’)
14/02 : 2364? LTV 40 (5’)
15/02 : 2450? VL 40 (5’)
16/02 : 2470? Csq demande de secours du 9550 (5’) + 2404 et 2584? Csq personne sur les voies (11’)
17/02 : 2450, 2430, 2358 ? Csq intempéries (20’) + 2350? Csq pb signalisation (24’)
18/02 : 2352? Csq intempéries Neige (5’)
19/02 : 2364? Csq accident de personne (5’) + 2404? Difficulté de réception (5’)
23/02 : 2404, 2584, 2350? Csq accident de personne (17’), 2404? LTV 40 (5’) + 2470? Espacements (5’)
26/02 : 2356? Attente dégagement 9561 (7’) 
27/02 : 2584? Fontis Sarrebourg (5’), + 2404? ERTMS (13’)
28/02 : 2350? Défaut de contrôle pour la direction gauche (11’)";91;9.013666667;34;12;51.32743363;9.734513274;15.92920354;17.69911504;2.654867257;2.654867257
2018-02;National;TOURS;PARIS MONTPARNASSE;75;177;10;;22;5.658333333;0.809281437;;53;25.25251572;8.877744511;"Ce mois-ci, l'OD a été touchée par les incidents suivants: 
Le 3 : Avarie à la caténaire à l’entrée de la gare de Paris Montparnasse (46 TGV ; 476mn)
Le 6 : épisode neigeux sur toute la France (187 TGV ; 18980mn ; 23 suppressions)
Le 7 : épisode neigeux sur toute la France (134 TGV ; 6294mn ; 77 suppressions)
Le 8 : épisode neigeux sur toute la France (166 TGV ; 2814mn ; 30 suppressions)
Le 9 : épisode neigeux sur toute la France (151 TGV ; 2830mn ; 15 suppressions)
Le 15 : Incident caténaire à l’entrée de la gare de Paris Montparnasse (78 TGV ; 2349mn ; 15 suppressions)
Le 15 : Dérangement d’installation sur la ligne grande vitesse (22 TGV ; 672mn)
Le 21 : Présences de Chèvres aux abords de la ligne grande vitesse à Marcoussis (15 TGV ; 292mn)
Le 21 : Avarie Matérielle sur la ligne grande vitesse au niveau de St Leger (62 TGV ; 2150mn)
Le 28 : Bâche dans la caténaire à l’entrée de la gare de Paris Montparnasse (28 TGV ; 605mn)";25;8.877744511;14;6;66.66666667;13.33333333;10.0;3.333333333;6.666666667;0.0
2018-02;National;BORDEAUX ST JEAN;TOURCOING;301;28;0;;15;12.36888889;6.639880952;;10;82.2;31.21428571;;10;31.21428571;5;4;16.66666667;0.0;66.66666667;16.66666667;0.0;0.0
2018-02;National;AIX EN PROVENCE TGV;PARIS LYON;188;356;0;;143;7.292307692;2.998501873;;40;33.83583333;5.652808989;;40;5.652808989;18;3;40.0;37.5;2.5;17.5;2.5;0.0
2018-02;International;LAUSANNE;PARIS LYON;220;128;0;;105;3.964444444;3.317317708;;11;47.39848485;4.809895833;;11;4.809895833;6;4;36.36363636;27.27272727;18.18181818;9.090909091;9.090909091;0.0
2018-02;National;NANCY;PARIS EST;93;276;3;;67;9.402487562;2.346642247;;57;23.80263158;6.326923077;"01/02 : 2531? Malaise voyageur (5’)
02/02 : 2543? Pb agent escale à CGV (10’)
04/02 : 2580? Raccord avec 2514 plus long que prévu (6’)
05/02 : 2537? Rame immobilisée à Jarville en attente de restitution d'une protection du personnel (14’) + 2596? LTV neige (5’) + erreur affichage en gare de Nancy (11’)
12/02 : 2531? BM isolé (5’) + 2596? Attente ASCT (6’) + 2535? Csq pb de pantographe sur 2803 (11’)
13/02 : 2541? Erreur affichage en gare de Nancy (5’) + 2596? Décontrôle aiguille (10’) + 2531? Pb fermeture des portes (25’)
14/02 : 2596? Décontrôle aiguille (5’)
16/02 : 2531? LTV train balai (5’) + Csq alerte radio TER (17’)+ 2578? Pb réception voie 4 à PE (5’) 
17/02 : 2537? Csq accident de personne (5’)
18/02 : 2533? LTV neige (5’)
19/02 : Csq accident de personne? 2578 (24’), 2551 (6’), 2543 (73’), 2541 (166’)
20/02 : 2578? faute de conduite (7’) + 2535? Zone en non libération (13’) + 2531? Franchissement signal fermé (10’)
22/02 : 2541? Attente TER (12’) + 2547? Fontis Sarrebourg (5’)
23/02 : 2547? Csq signal d’alarme (5’) + 2596? VL 170 (5’)
27/02 : 2596? Csq pb de porte (51’)
28/02 : 2596? Csq rail cassé non libération de zone (84’)";36;6.326923077;13;5;64.1509434;9.433962264;16.98113208;7.547169811;1.886792453;0.0
2018-02;National;DUNKERQUE;PARIS NORD;116;228;5;;16;5.8125;0.419431988;;37;28.46486486;6.785127055;;23;6.785127055;9;4;56.25;12.5;12.5;12.5;3.125;3.125
2018-02;National;LYON PART DIEU;LILLE;192;265;2;;208;10.98573718;8.77103929;;85;34.69823529;13.42636248;Intempéries exceptionnelles vécues lors de la deuxième semaine, et d’autre part suite à la forte tension du parc Matériel qui perdure.En effet, les mauvaises conditions climatiques survenues tôt dans le mois  ont occasionné une situation de blocage, avec de multiples dérangements d’installations de sécurité. En ce qui concerne Réseau, il s’agit d’une répartition entre les dérangements d’installations de sécurité(rails cassés, incidents passages à niveau, incidents caténaires, le domaine Externe (heurts d’animaux) et les travaux (limitation de vitesse et espacements suite travaux de régénération).;84;13.42636248;42;6;45.33333333;18.66666667;18.66666667;14.66666667;1.333333333;1.333333333
2018-02;National;PARIS LYON;AIX EN PROVENCE TGV;186;398;3;;47;14.41276596;1.397974684;;48;31.23715278;5.201392405;;40;5.201392405;15;5;26.66666667;20.0;24.44444444;28.88888889;0.0;0.0
2018-02;National;PARIS MONTPARNASSE;RENNES;98;547;32;;117;18.19316239;3.889644013;;156;34.35;11.62252427;"Ce mois-ci, l'OD a été touchée par les incidents suivants: 
Le 3 : Avarie à la caténaire à l’entrée de la gare de Paris Montparnasse (46 TGV ; 476mn)
Le 6 : épisode neigeux sur toute la France (187 TGV ; 18980mn ; 23 suppressions)
Le 7 : épisode neigeux sur toute la France (134 TGV ; 6294mn ; 77 suppressions)
Le 8 : épisode neigeux sur toute la France (166 TGV ; 2814mn ; 30 suppressions)
Le 9 : épisode neigeux sur toute la France (151 TGV ; 2830mn ; 15 suppressions)
Le 15 : Incident caténaire à l’entrée de la gare de Paris Montparnasse (78 TGV ; 2349mn ; 15 suppressions)
Le 15 : Dérangement d’installation sur la ligne grande vitesse (22 TGV ; 672mn)
Le 21 : Présences de Chèvres aux abords de la ligne grande vitesse à Marcoussis (15 TGV ; 292mn)
Le 21 : Avarie Matérielle sur la ligne grande vitesse au niveau de St Leger (62 TGV ; 2150mn)
Le 28 : Bâche dans la caténaire à l’entrée de la gare de Paris Montparnasse (28 TGV ; 605mn)";88;11.55521236;48;24;52.0;21.6;11.2;12.8;1.6;0.8
2018-02;National;RENNES;PARIS MONTPARNASSE;98;567;27;;235;10.24737589;4.457654321;;210;31.12261905;13.30638889;"Ce mois-ci, l'OD a été touchée par les incidents suivants: 
Le 3 : Avarie à la caténaire à l’entrée de la gare de Paris Montparnasse (46 TGV ; 476mn)
Le 6 : épisode neigeux sur toute la France (187 TGV ; 18980mn ; 23 suppressions)
Le 7 : épisode neigeux sur toute la France (134 TGV ; 6294mn ; 77 suppressions)
Le 8 : épisode neigeux sur toute la France (166 TGV ; 2814mn ; 30 suppressions)
Le 9 : épisode neigeux sur toute la France (151 TGV ; 2830mn ; 15 suppressions)
Le 15 : Incident caténaire à l’entrée de la gare de Paris Montparnasse (78 TGV ; 2349mn ; 15 suppressions)
Le 15 : Dérangement d’installation sur la ligne grande vitesse (22 TGV ; 672mn)
Le 21 : Présences de Chèvres aux abords de la ligne grande vitesse à Marcoussis (15 TGV ; 292mn)
Le 21 : Avarie Matérielle sur la ligne grande vitesse au niveau de St Leger (62 TGV ; 2150mn)
Le 28 : Bâche dans la caténaire à l’entrée de la gare de Paris Montparnasse (28 TGV ; 605mn)";114;13.28179298;52;28;47.4025974;24.67532468;11.03896104;12.98701299;2.597402597;1.298701299
2018-02;National;MARSEILLE ST CHARLES;LILLE;309;167;2;;37;9.29954955;2.058484848;;50;35.56533333;12.93;Intempéries exceptionnelles vécues lors de la deuxième semaine, et d’autre part suite à la forte tension du parc Matériel qui perdure.En effet, les mauvaises conditions climatiques survenues tôt dans le mois  ont occasionné une situation de blocage, avec de multiples dérangements d’installations de sécurité. En ce qui concerne Réseau, il s’agit d’une répartition entre les dérangements d’installations de sécurité(rails cassés, incidents passages à niveau, incidents caténaires, le domaine Externe (heurts d’animaux) et les travaux (limitation de vitesse et espacements suite travaux de régénération).;50;12.93;25;4;44.0;26.0;20.0;8.0;0.0;2.0
2018-02;National;PARIS LYON;LYON PART DIEU;119;583;1;;62;9.859946237;0.640263459;;59;24.07683616;2.48382016;;43;2.48382016;13;1;21.05263158;21.05263158;14.03508772;40.35087719;3.50877193;0.0
2018-02;National;RENNES;PARIS VAUGIRARD;111;27;0;;6;7.333333333;1.62962963;;5;60.14666667;12.80432099;;5;12.80432099;3;3;50.0;25.0;25.0;0.0;0.0;0.0
2018-02;National;MACON LOCHE;PARIS LYON;99;205;0;;157;10.92781316;8.395121951;;60;21.08194444;6.982764228;Décontrôles d’aiguilles à Paris-Gare-de-Lyon dans la matinée.;47;6.982764228;9;0;11.36363636;25.0;45.45454545;18.18181818;0.0;0.0
2018-02;National;METZ;PARIS EST;85;275;2;;124;9.513709677;4.350976801;;113;19.01386431;8.521001221;"01/02 : 2881? Retard sur un autre réseau et csq alarme incendie 2827 (35’) + 2827?Alarme incendie (24’) + 2650?Malaise voyageur (6’)
02/02 : 2855 + 2881?Retard sur autre réseau (13’) 
04/02 : 2893? LTV 230 (5’) 
11/02 : 2893? Retard sur autre réseau (27’) + 2654?Non libération de voie  (7’)
12/02 : Retard autre réseau? 2861 (27’) et 2855 (9’) + 2861? bogie isolé (13’) + 2891? malaise voyageur (13’)
13/02 : Retard autre réseau? 2881 (2’), 2855 (49’) et 2853 (7’)
14/02 : 2881?ETCS (14’) +  2855? Erreur gestion (6’) + 2891? Csq 2880 en ETCS (7’) 
15/02 : 2676? LTV 40 (5’)+ 2682? Intervention police (7’)+ 2865? Retard sur autre réseau (8’)+ 2660? Pb circulation (12’)
16/02 : 2891? Retard sur autre réseau (36’) +  Csq alerte radio sur TER?2853 (5’), 2650 (23’), 2855 (11’)  + 2853? Personne sur les voies (16’) + 2650? LTV 160 train balai (6’) + 
17/02 : Csq 2617 en détresse à quai? 2676 (91’), 2861 (11’), 2855 (19’) + 2865? Csq heurt personne (58’) + 2865? Intervention police (6’) + 2855? Retard autre réseau (5’)
18/02 : 2676? Erreur de gestion (14’)
19/02 : Csq accident de personnes? 2891 (5’), 2881 (14’), 2676 (45’) + retard autre réseau? 2881 (4’), 2865 (2’), 2855 (40’)
20/02 : 2650?Pb circulation (12’)
21/02 : Retard autre réseau? 2855, 2881(8’) 
22/02 : 2855 et 2682? LTV 40 + 2891? attente clients (7’)
23/02 : 2863? Retard autre réseau (33’) + 2855 (14’) + 2660 et 2650? Csq accident de personne (20’) + 2891? Csq signal alarme 2833 (16’)
24/02 : 2855? Retard autre réseau (16’)
26/02 : Retard autre réseau? 2861 (37’), 2891 (14’)
27/02 : 2865? Double défaut BTM (34’) + 2869? Attente correspondance Ter (7’)
28/02 : Retard autre réseau? 2869 (13’), 2865 (35’), 2855 (9’) + 2865? A l’arrêt car détection non desserrage (35’) + 2855? Arrêt sup à Meuse (12’)";45;8.521001221;28;2;44.79166667;8.333333333;13.54166667;18.75;10.41666667;4.166666667
2018-02;National;LILLE;MARSEILLE ST CHARLES;306;168;2;;43;8.724806202;2.343172691;;39;32.34957265;10.36375502;Intempéries exceptionnelles vécues lors de la deuxième semaine, et d’autre part suite à la forte tension du parc Matériel qui perdure.En effet, les mauvaises conditions climatiques survenues tôt dans le mois  ont occasionné une situation de blocage, avec de multiples dérangements d’installations de sécurité. En ce qui concerne Réseau, il s’agit d’une répartition entre les dérangements d’installations de sécurité(rails cassés, incidents passages à niveau, incidents caténaires, le domaine Externe (heurts d’animaux) et les travaux (limitation de vitesse et espacements suite travaux de régénération).;39;10.36375502;13;3;40.0;8.571428571;20.0;20.0;5.714285714;5.714285714
2018-02;National;MONTPELLIER;LYON PART DIEU;112;259;1;;110;9.671363636;4.248320413;;73;28.45068493;10.74147287;Dérangement du système de détection chute de rochers à Crest.;50;10.74147287;24;8;32.75862069;22.4137931;24.13793103;15.51724138;5.172413793;0.0
2018-02;National;MULHOUSE VILLE;PARIS LYON;169;294;2;;99;4.806902357;1.678481735;;19;26.45877193;1.648344749;;13;1.648344749;6;2;31.57894737;15.78947368;21.05263158;26.31578947;5.263157895;0.0
2018-02;National;PARIS LYON;LE CREUSOT MONTCEAU MONTCHANIN;78;188;0;;16;11.89895833;0.609929078;;43;14.46976744;4.270478723;Demi ferrure sur aiguille cassée entre Vert de Maison et Alforville.;15;4.270478723;3;1;33.33333333;12.5;33.33333333;12.5;8.333333333;0.0
2018-02;National;TOULOUSE MATABIAU;PARIS MONTPARNASSE;257;168;3;;25;17.83866667;2.478787879;;40;55.19041667;15.96111111;"Ce mois-ci, l'OD a été touchée par les incidents suivants: 
Le 3 : Avarie à la caténaire à l’entrée de la gare de Paris Montparnasse (46 TGV ; 476mn)
Le 6 : épisode neigeux sur toute la France (187 TGV ; 18980mn ; 23 suppressions)
Le 7 : épisode neigeux sur toute la France (134 TGV ; 6294mn ; 77 suppressions)
Le 8 : épisode neigeux sur toute la France (166 TGV ; 2814mn ; 30 suppressions)
Le 9 : épisode neigeux sur toute la France (151 TGV ; 2830mn ; 15 suppressions)
Le 15 : Incident caténaire à l’entrée de la gare de Paris Montparnasse (78 TGV ; 2349mn ; 15 suppressions)
Le 15 : Dérangement d’installation sur la ligne grande vitesse (22 TGV ; 672mn)
Le 21 : Présences de Chèvres aux abords de la ligne grande vitesse à Marcoussis (15 TGV ; 292mn)
Le 21 : Avarie Matérielle sur la ligne grande vitesse au niveau de St Leger (62 TGV ; 2150mn)
Le 28 : Bâche dans la caténaire à l’entrée de la gare de Paris Montparnasse (28 TGV ; 605mn)";40;15.96111111;23;10;58.33333333;19.44444444;8.333333333;11.11111111;2.777777778;0.0
2018-02;National;NANTES;STRASBOURG;303;36;0;;15;4.414444444;2.000462963;;9;61.69814815;16.51990741;"02/02 : 5478? Csq bagage abandonné (43’)
12/02 : 5478? Csq problème de pantographe (8’)
14/02 : 5478? Csq alerte radio (11’)
19/02 : 5478? Csq heurt animal (12’) + 5478? ASCT refuse de prendre des voyageurs (10’)
24/02 : 5480? Affluence voyageur (11’)
27/02 : 5478? Csq signalement battement de feu (22’) + pb installation (7’)
28/02 : 5478? Restitution tardive travaux (21’)";9;16.51990741;5;2;66.66666667;11.11111111;22.22222222;0.0;0.0;0.0
2018-02;National;TOULON;PARIS LYON;241;247;2;;90;7.988518519;3.096054422;;33;34.42272727;5.748027211;;33;5.748027211;16;2;30.3030303;39.39393939;15.15151515;15.15151515;0.0;0.0
2018-02;National;PARIS MONTPARNASSE;TOURS;72;171;12;;29;36.31896552;6.301572327;;53;38.93018868;14.03322851;"Ce mois-ci, l'OD a été touchée par les incidents suivants: 
Le 3 : Avarie à la caténaire à l’entrée de la gare de Paris Montparnasse (46 TGV ; 476mn)
Le 6 : épisode neigeux sur toute la France (187 TGV ; 18980mn ; 23 suppressions)
Le 7 : épisode neigeux sur toute la France (134 TGV ; 6294mn ; 77 suppressions)
Le 8 : épisode neigeux sur toute la France (166 TGV ; 2814mn ; 30 suppressions)
Le 9 : épisode neigeux sur toute la France (151 TGV ; 2830mn ; 15 suppressions)
Le 15 : Incident caténaire à l’entrée de la gare de Paris Montparnasse (78 TGV ; 2349mn ; 15 suppressions)
Le 15 : Dérangement d’installation sur la ligne grande vitesse (22 TGV ; 672mn)
Le 21 : Présences de Chèvres aux abords de la ligne grande vitesse à Marcoussis (15 TGV ; 292mn)
Le 21 : Avarie Matérielle sur la ligne grande vitesse au niveau de St Leger (62 TGV ; 2150mn)
Le 28 : Bâche dans la caténaire à l’entrée de la gare de Paris Montparnasse (28 TGV ; 605mn)";30;14.03322851;22;8;60.52631579;15.78947368;13.15789474;7.894736842;0.0;2.631578947
2018-02;International;PARIS LYON;LAUSANNE;223;135;0;;15;14.22666667;1.25654321;;11;42.95151515;5.202469136;;11;5.202469136;5;3;50.0;10.0;0.0;40.0;0.0;0.0
2018-02;National;LILLE;LYON PART DIEU;189;279;4;;142;8.862441315;4.635212121;;44;32.95681818;6.876848485;;42;6.876848485;14;4;39.47368421;15.78947368;15.78947368;23.68421053;5.263157895;0.0
2018-02;National;PARIS EST;NANCY;94;268;4;;70;13.82428571;3.643055556;;38;25.52280702;6.342866162;;44;6.342866162;16;4;61.29032258;0.0;9.677419355;25.80645161;3.225806452;0.0
2018-02;National;PARIS LYON;TOULON;239;200;5;;25;19.396;2.175042735;;42;35.63611111;12.39162393;Un zone rouge intermittente, vers Cluny.;42;12.39162393;16;3;25.64102564;23.07692308;33.33333333;12.82051282;2.564102564;2.564102564
2018-02;National;PARIS LYON;MACON LOCHE;95;205;0;;32;13.15208333;1.866260163;;30;23.73166667;4.487235772;;21;4.487235772;6;0;18.51851852;11.11111111;25.92592593;37.03703704;3.703703704;3.703703704
2018-02;International;PARIS LYON;BARCELONA;387;56;0;;10;18.60666667;2.999702381;;12;43.58333333;11.5;;12;11.5;6;2;33.33333333;16.66666667;33.33333333;16.66666667;0.0;0.0
2018-02;National;PARIS VAUGIRARD;RENNES;122;27;0;;5;2.476666667;0.211111111;;1;58.0;2.666666667;;1;2.666666667;1;0;100.0;0.0;0.0;0.0;0.0;0.0
2018-02;International;PARIS EST;FRANCFORT;226;120;3;;26;16.44551282;3.665669516;;33;39.91414141;15.23504274;;33;15.23504274;17;6;50.0;6.25;18.75;18.75;3.125;3.125
2018-02;National;PARIS MONTPARNASSE;NANTES;124;465;22;;89;17.60655431;3.29635064;;89;47.98483146;10.81963883;"Ce mois-ci, l'OD a été touchée par les incidents suivants: 
Le 3 : Avarie à la caténaire à l’entrée de la gare de Paris Montparnasse (46 TGV ; 476mn)
Le 6 : épisode neigeux sur toute la France (187 TGV ; 18980mn ; 23 suppressions)
Le 7 : épisode neigeux sur toute la France (134 TGV ; 6294mn ; 77 suppressions)
Le 8 : épisode neigeux sur toute la France (166 TGV ; 2814mn ; 30 suppressions)
Le 9 : épisode neigeux sur toute la France (151 TGV ; 2830mn ; 15 suppressions)
Le 15 : Incident caténaire à l’entrée de la gare de Paris Montparnasse (78 TGV ; 2349mn ; 15 suppressions)
Le 15 : Dérangement d’installation sur la ligne grande vitesse (22 TGV ; 672mn)
Le 21 : Présences de Chèvres aux abords de la ligne grande vitesse à Marcoussis (15 TGV ; 292mn)
Le 21 : Avarie Matérielle sur la ligne grande vitesse au niveau de St Leger (62 TGV ; 2150mn)
Le 28 : Bâche dans la caténaire à l’entrée de la gare de Paris Montparnasse (28 TGV ; 605mn)";80;10.81963883;49;15;63.52941176;14.11764706;9.411764706;9.411764706;3.529411765;0.0
2018-02;National;PARIS NORD;LILLE;68;570;16;;178;15.05702247;4.851233454;;168;28.45922619;9.378309266;Intempéries exceptionnelles vécues lors de la deuxième semaine, et d’autre part suite à la forte tension du parc Matériel qui perdure.En effet, les mauvaises conditions climatiques survenues tôt dans le mois  ont occasionné une situation de blocage, avec de multiples dérangements d’installations de sécurité. En ce qui concerne Réseau, il s’agit d’une répartition entre les dérangements d’installations de sécurité(rails cassés, incidents passages à niveau, incidents caténaires, le domaine Externe (heurts d’animaux) et les travaux (limitation de vitesse et espacements suite travaux de régénération).;88;9.361411411;47;19;48.7654321;9.259259259;15.43209877;22.22222222;3.703703704;0.617283951
2018-02;National;ANNECY;PARIS LYON;224;181;0;;17;5.176470588;0.491712707;;42;25.59880952;7.669521179;Un zone rouge intermittente, vers Cluny.;42;7.669521179;11;2;10.71428571;32.14285714;28.57142857;28.57142857;0.0;0.0
2018-02;National;PARIS LYON;AVIGNON TGV;159;433;1;;49;14.59693878;1.341396605;;67;29.86069652;6.082330247;;48;6.082330247;19;7;31.25;14.0625;21.875;32.8125;0.0;0.0
2018-02;International;BARCELONA;PARIS LYON;390;56;0;;17;1.470588235;0.339285714;;11;38.59090909;7.836309524;;11;7.836309524;7;2;45.45454545;27.27272727;0.0;27.27272727;0.0;0.0
2018-02;National;PARIS MONTPARNASSE;LE MANS;55;401;14;;75;17.59622222;3.190999139;;95;34.43421053;8.832687339;"Ce mois-ci, l'OD a été touchée par les incidents suivants: 
Le 3 : Avarie à la caténaire à l’entrée de la gare de Paris Montparnasse (46 TGV ; 476mn)
Le 6 : épisode neigeux sur toute la France (187 TGV ; 18980mn ; 23 suppressions)
Le 7 : épisode neigeux sur toute la France (134 TGV ; 6294mn ; 77 suppressions)
Le 8 : épisode neigeux sur toute la France (166 TGV ; 2814mn ; 30 suppressions)
Le 9 : épisode neigeux sur toute la France (151 TGV ; 2830mn ; 15 suppressions)
Le 15 : Incident caténaire à l’entrée de la gare de Paris Montparnasse (78 TGV ; 2349mn ; 15 suppressions)
Le 15 : Dérangement d’installation sur la ligne grande vitesse (22 TGV ; 672mn)
Le 21 : Présences de Chèvres aux abords de la ligne grande vitesse à Marcoussis (15 TGV ; 292mn)
Le 21 : Avarie Matérielle sur la ligne grande vitesse au niveau de St Leger (62 TGV ; 2150mn)
Le 28 : Bâche dans la caténaire à l’entrée de la gare de Paris Montparnasse (28 TGV ; 605mn)";51;8.787275064;26;12;68.75;13.75;10.0;5.0;2.5;0.0
2018-02;National;PARIS MONTPARNASSE;POITIERS;93;459;16;;91;19.37747253;3.708164033;;103;38.98300971;11.08886381;"Ce mois-ci, l'OD a été touchée par les incidents suivants: 
Le 3 : Avarie à la caténaire à l’entrée de la gare de Paris Montparnasse (46 TGV ; 476mn)
Le 6 : épisode neigeux sur toute la France (187 TGV ; 18980mn ; 23 suppressions)
Le 7 : épisode neigeux sur toute la France (134 TGV ; 6294mn ; 77 suppressions)
Le 8 : épisode neigeux sur toute la France (166 TGV ; 2814mn ; 30 suppressions)
Le 9 : épisode neigeux sur toute la France (151 TGV ; 2830mn ; 15 suppressions)
Le 15 : Incident caténaire à l’entrée de la gare de Paris Montparnasse (78 TGV ; 2349mn ; 15 suppressions)
Le 15 : Dérangement d’installation sur la ligne grande vitesse (22 TGV ; 672mn)
Le 21 : Présences de Chèvres aux abords de la ligne grande vitesse à Marcoussis (15 TGV ; 292mn)
Le 21 : Avarie Matérielle sur la ligne grande vitesse au niveau de St Leger (62 TGV ; 2150mn)
Le 28 : Bâche dans la caténaire à l’entrée de la gare de Paris Montparnasse (28 TGV ; 605mn)";78;11.08886381;48;19;52.38095238;15.47619048;14.28571429;13.0952381;3.571428571;1.19047619
2018-02;National;PARIS MONTPARNASSE;ST MALO;154;92;3;;15;23.79444444;3.769475655;;18;54.18611111;11.41029963;"Ce mois-ci, l'OD a été touchée par les incidents suivants: 
Le 3 : Avarie à la caténaire à l’entrée de la gare de Paris Montparnasse (46 TGV ; 476mn)
Le 6 : épisode neigeux sur toute la France (187 TGV ; 18980mn ; 23 suppressions)
Le 7 : épisode neigeux sur toute la France (134 TGV ; 6294mn ; 77 suppressions)
Le 8 : épisode neigeux sur toute la France (166 TGV ; 2814mn ; 30 suppressions)
Le 9 : épisode neigeux sur toute la France (151 TGV ; 2830mn ; 15 suppressions)
Le 15 : Incident caténaire à l’entrée de la gare de Paris Montparnasse (78 TGV ; 2349mn ; 15 suppressions)
Le 15 : Dérangement d’installation sur la ligne grande vitesse (22 TGV ; 672mn)
Le 21 : Présences de Chèvres aux abords de la ligne grande vitesse à Marcoussis (15 TGV ; 292mn)
Le 21 : Avarie Matérielle sur la ligne grande vitesse au niveau de St Leger (62 TGV ; 2150mn)
Le 28 : Bâche dans la caténaire à l’entrée de la gare de Paris Montparnasse (28 TGV ; 605mn)";15;11.41029963;10;5;55.55555556;16.66666667;5.555555556;22.22222222;0.0;0.0
2018-02;National;MARSEILLE ST CHARLES;MARNE LA VALLEE;214;282;3;;68;12.59166667;2.952747909;;52;42.76602564;9.092353644;;52;9.092353644;29;7;26.92307692;28.84615385;19.23076923;23.07692308;0.0;1.923076923
2018-02;National;PERPIGNAN;PARIS LYON;305;160;0;;59;10.93022599;4.078020833;;31;32.71290323;7.116458333;;31;7.116458333;14;3;52.0;24.0;0.0;20.0;0.0;4.0
2018-02;International;ITALIE;PARIS LYON;440;85;0;;75;4.386666667;3.911764706;;23;24.13768116;8.891568627;;23;8.891568627;4;0;8.695652174;26.08695652;56.52173913;8.695652174;0.0;0.0
2018-02;National;PARIS MONTPARNASSE;ANGOULEME;126;215;10;;50;14.35666667;3.264390244;;58;35.76436782;11.9001626;"Ce mois-ci, l'OD a été touchée par les incidents suivants: 
Le 3 : Avarie à la caténaire à l’entrée de la gare de Paris Montparnasse (46 TGV ; 476mn)
Le 6 : épisode neigeux sur toute la France (187 TGV ; 18980mn ; 23 suppressions)
Le 7 : épisode neigeux sur toute la France (134 TGV ; 6294mn ; 77 suppressions)
Le 8 : épisode neigeux sur toute la France (166 TGV ; 2814mn ; 30 suppressions)
Le 9 : épisode neigeux sur toute la France (151 TGV ; 2830mn ; 15 suppressions)
Le 15 : Incident caténaire à l’entrée de la gare de Paris Montparnasse (78 TGV ; 2349mn ; 15 suppressions)
Le 15 : Dérangement d’installation sur la ligne grande vitesse (22 TGV ; 672mn)
Le 21 : Présences de Chèvres aux abords de la ligne grande vitesse à Marcoussis (15 TGV ; 292mn)
Le 21 : Avarie Matérielle sur la ligne grande vitesse au niveau de St Leger (62 TGV ; 2150mn)
Le 28 : Bâche dans la caténaire à l’entrée de la gare de Paris Montparnasse (28 TGV ; 605mn)";46;11.9001626;22;7;48.07692308;9.615384615;21.15384615;15.38461538;1.923076923;3.846153846
2018-02;National;PARIS EST;REIMS;45;198;2;;62;13.14112903;4.098809524;;53;21.69968553;6.272108844;"01/02, 03/02, 04/02 : 2751 et 2765? LTV 40
10/02 : 2777? Arrêt au pk 101 suite perte du cab (9’) + 2759 ? Crochet court (10’)
11/02 : 2743? Liaison courte, réutilisation rame 2358 (9’)
12/02 : 2713, 2733? Pb de pantographe (29’) + 2777? Descente tardive (7’)
13/02 : 2709? VL 40 (7’) et 2 blocs moteurs isolés  (5’)  
16/02 : 2747? Absence ASCT (14’) + 2733 et 2713? Csq personne sur les voies (10’) + 2777? Descente tardive (5’)
17/02 : 2751? VL 230 Neige (12’)
18/02 : 2765? Difficultés fermeture des trappes (5’) + 2747? Réutilisation rame 2672 et crochet court (18’) + 2743? Descente tardive TEE (14’)
19/02 : 2759? Csq accident de personne (25’) + 2713? Attente ASCT (5’) + 2709? Pb horaires billets (5’) 
20/02 : 2785? Réutilisation du 2450 (5’) + Descente tardive TEE (5’) 
21/02 : 2751? VL 40 (5’)
22/02 : 2713? Arrêt supp suite à suppression Ter (9’) + 2751?VL 40 (5’)
23/02 : 2713? VL 40 (5’) + 2747? Descente tardive (23’)
25/02 : 2733 et 2751? Zone en non libération (10’)
26/02 : 2743? Traversée de voies par 3 personnes (6’)
27/02 : 2733? Intervention SUGE (9’) + 2751? VL40 (6’)
28/02 : 2709? Absence de contrôle pour la direction de droite (8’)";27;6.272108844;7;3;57.14285714;2.040816327;8.163265306;18.36734694;14.28571429;0.0
2018-02;National;ST MALO;PARIS MONTPARNASSE;159;84;2;;2;31.375;0.79004065;;20;40.88833333;11.55;"Ce mois-ci, l'OD a été touchée par les incidents suivants: 
Le 3 : Avarie à la caténaire à l’entrée de la gare de Paris Montparnasse (46 TGV ; 476mn)
Le 6 : épisode neigeux sur toute la France (187 TGV ; 18980mn ; 23 suppressions)
Le 7 : épisode neigeux sur toute la France (134 TGV ; 6294mn ; 77 suppressions)
Le 8 : épisode neigeux sur toute la France (166 TGV ; 2814mn ; 30 suppressions)
Le 9 : épisode neigeux sur toute la France (151 TGV ; 2830mn ; 15 suppressions)
Le 15 : Incident caténaire à l’entrée de la gare de Paris Montparnasse (78 TGV ; 2349mn ; 15 suppressions)
Le 15 : Dérangement d’installation sur la ligne grande vitesse (22 TGV ; 672mn)
Le 21 : Présences de Chèvres aux abords de la ligne grande vitesse à Marcoussis (15 TGV ; 292mn)
Le 21 : Avarie Matérielle sur la ligne grande vitesse au niveau de St Leger (62 TGV ; 2150mn)
Le 28 : Bâche dans la caténaire à l’entrée de la gare de Paris Montparnasse (28 TGV ; 605mn)";13;11.41084337;6;4;47.05882353;23.52941176;11.76470588;11.76470588;5.882352941;0.0
2018-02;National;LILLE;PARIS NORD;64;578;12;;208;9.895432692;3.637485277;;176;21.62253788;7.263221437;Intempéries exceptionnelles vécues lors de la deuxième semaine, et d’autre part suite à la forte tension du parc Matériel qui perdure.En effet, les mauvaises conditions climatiques survenues tôt dans le mois  ont occasionné une situation de blocage, avec de multiples dérangements d’installations de sécurité. En ce qui concerne Réseau, il s’agit d’une répartition entre les dérangements d’installations de sécurité(rails cassés, incidents passages à niveau, incidents caténaires, le domaine Externe (heurts d’animaux) et les travaux (limitation de vitesse et espacements suite travaux de régénération).;79;7.263221437;35;13;44.58598726;15.92356688;19.10828025;17.19745223;2.547770701;0.636942675
2018-02;National;BORDEAUX ST JEAN;PARIS VAUGIRARD;144;55;0;;18;21.78240741;7.181515152;;12;63.57777778;13.79181818;;10;13.79181818;9;6;20.0;40.0;10.0;30.0;0.0;0.0
2018-02;National;NANTES;PARIS VAUGIRARD;143;55;0;;17;12.09019608;3.736363636;;7;75.55952381;9.952424242;;7;9.952424242;4;4;33.33333333;50.0;0.0;16.66666667;0.0;0.0
2018-02;National;PARIS MONTPARNASSE;LAVAL;84;196;7;;44;19.32537879;4.327689594;;51;36.4120915;10.85617284;"Ce mois-ci, l'OD a été touchée par les incidents suivants: 
Le 3 : Avarie à la caténaire à l’entrée de la gare de Paris Montparnasse (46 TGV ; 476mn)
Le 6 : épisode neigeux sur toute la France (187 TGV ; 18980mn ; 23 suppressions)
Le 7 : épisode neigeux sur toute la France (134 TGV ; 6294mn ; 77 suppressions)
Le 8 : épisode neigeux sur toute la France (166 TGV ; 2814mn ; 30 suppressions)
Le 9 : épisode neigeux sur toute la France (151 TGV ; 2830mn ; 15 suppressions)
Le 15 : Incident caténaire à l’entrée de la gare de Paris Montparnasse (78 TGV ; 2349mn ; 15 suppressions)
Le 15 : Dérangement d’installation sur la ligne grande vitesse (22 TGV ; 672mn)
Le 21 : Présences de Chèvres aux abords de la ligne grande vitesse à Marcoussis (15 TGV ; 292mn)
Le 21 : Avarie Matérielle sur la ligne grande vitesse au niveau de St Leger (62 TGV ; 2150mn)
Le 28 : Bâche dans la caténaire à l’entrée de la gare de Paris Montparnasse (28 TGV ; 605mn)";31;10.79903509;15;8;69.76744186;6.976744186;13.95348837;9.302325581;0.0;0.0
2018-02;National;PARIS NORD;ARRAS;55;295;19;;82;14.10203252;4.212862319;;74;24.62342342;7.475603865;Intempéries exceptionnelles vécues lors de la deuxième semaine, et d’autre part suite à la forte tension du parc Matériel qui perdure.En effet, les mauvaises conditions climatiques survenues tôt dans le mois  ont occasionné une situation de blocage, avec de multiples dérangements d’installations de sécurité. En ce qui concerne Réseau, il s’agit d’une répartition entre les dérangements d’installations de sécurité(rails cassés, incidents passages à niveau, incidents caténaires, le domaine Externe (heurts d’animaux) et les travaux (limitation de vitesse et espacements suite travaux de régénération).;36;7.475603865;17;4;50.0;7.142857143;18.57142857;21.42857143;2.857142857;0.0
2018-02;National;PARIS NORD;DUNKERQUE;120;256;13;;81;14.64300412;4.863854595;;48;38.5;8.205761317;;39;8.205761317;25;4;50.0;14.58333333;6.25;27.08333333;2.083333333;0.0
2018-02;International;PARIS LYON;ZURICH;243;135;0;;22;12.26818182;1.71617284;;15;34.13444444;5.693580247;;15;5.693580247;6;1;20.0;26.66666667;26.66666667;26.66666667;0.0;0.0
2018-02;National;GRENOBLE;PARIS LYON;182;227;0;;25;13.24;1.45814978;;35;28.08666667;6.905873715;;41;6.905873715;18;2;22.58064516;22.58064516;32.25806452;22.58064516;0.0;0.0
2018-02;National;MARNE LA VALLEE;LYON PART DIEU;109;333;4;;249;12.695917;9.704559271;;70;32.78619048;7.996605876;;49;7.996605876;21;7;32.75862069;17.24137931;13.79310345;29.31034483;3.448275862;3.448275862
2018-02;National;PARIS LYON;GRENOBLE;180;246;0;;40;13.84375;1.96097561;;33;25.81818182;6.266260163;;31;6.266260163;14;2;31.25;15.625;28.125;25.0;0.0;0.0
2018-02;International;STUTTGART;PARIS EST;188;136;3;;121;5.143112948;4.727568922;;36;33.69768519;11.67656642;;36;11.67656642;15;3;52.77777778;5.555555556;16.66666667;22.22222222;2.777777778;0.0
2018-02;National;ANGERS SAINT LAUD;PARIS MONTPARNASSE;91;352;11;;179;8.822346369;4.729081134;;110;35.76893939;12.92189638;"Ce mois-ci, l'OD a été touchée par les incidents suivants: 
Le 3 : Avarie à la caténaire à l’entrée de la gare de Paris Montparnasse (46 TGV ; 476mn)
Le 6 : épisode neigeux sur toute la France (187 TGV ; 18980mn ; 23 suppressions)
Le 7 : épisode neigeux sur toute la France (134 TGV ; 6294mn ; 77 suppressions)
Le 8 : épisode neigeux sur toute la France (166 TGV ; 2814mn ; 30 suppressions)
Le 9 : épisode neigeux sur toute la France (151 TGV ; 2830mn ; 15 suppressions)
Le 15 : Incident caténaire à l’entrée de la gare de Paris Montparnasse (78 TGV ; 2349mn ; 15 suppressions)
Le 15 : Dérangement d’installation sur la ligne grande vitesse (22 TGV ; 672mn)
Le 21 : Présences de Chèvres aux abords de la ligne grande vitesse à Marcoussis (15 TGV ; 292mn)
Le 21 : Avarie Matérielle sur la ligne grande vitesse au niveau de St Leger (62 TGV ; 2150mn)
Le 28 : Bâche dans la caténaire à l’entrée de la gare de Paris Montparnasse (28 TGV ; 605mn)";64;12.92189638;40;19;58.82352941;22.35294118;9.411764706;4.705882353;2.352941176;2.352941176
2018-02;National;STRASBOURG;NANTES;287;36;0;;2;4.016666667;0.070833333;;11;39.61060606;12.59583333;"04/02 : 5487? Difficulté lors de la  coupe (16’)
05/02 : 5488? Csq signal d’alarme (5’)
11/02 : 5488? LTV 220 + garage à Meuse (36’)
12/02 : 5488? Dérangement de la zone (41’)
14/02 : 5488? Csq pb enrayage (28’)
15/02 : 5488? Patinage/Enrayage (14’) + Csq affaissement caténaire (12’)
16/02 : 5488? Csq heurt de sanglier (40’)
18/02 : 5488? Baisse de panto tardive (6’)
21/02 : 5488? Csq appel du 8881 pour insuffisance traction (30’)
23/02 : 5487? Défaut géométrie de la voie (14’)";11;12.59583333;5;2;55.55555556;11.11111111;22.22222222;11.11111111;0.0;0.0
2018-02;International;MARSEILLE ST CHARLES;MADRID;464;27;0;;6;7.763888889;1.92962963;;4;23.75;0.814814815;;4;0.814814815;1;0;66.66666667;0.0;33.33333333;0.0;0.0;0.0
2018-02;National;BREST;PARIS MONTPARNASSE;227;252;8;;10;17.8;0.729508197;;51;49.8996732;13.35362022;"Ce mois-ci, l'OD a été touchée par les incidents suivants: 
Le 3 : Avarie à la caténaire à l’entrée de la gare de Paris Montparnasse (46 TGV ; 476mn)
Le 6 : épisode neigeux sur toute la France (187 TGV ; 18980mn ; 23 suppressions)
Le 7 : épisode neigeux sur toute la France (134 TGV ; 6294mn ; 77 suppressions)
Le 8 : épisode neigeux sur toute la France (166 TGV ; 2814mn ; 30 suppressions)
Le 9 : épisode neigeux sur toute la France (151 TGV ; 2830mn ; 15 suppressions)
Le 15 : Incident caténaire à l’entrée de la gare de Paris Montparnasse (78 TGV ; 2349mn ; 15 suppressions)
Le 15 : Dérangement d’installation sur la ligne grande vitesse (22 TGV ; 672mn)
Le 21 : Présences de Chèvres aux abords de la ligne grande vitesse à Marcoussis (15 TGV ; 292mn)
Le 21 : Avarie Matérielle sur la ligne grande vitesse au niveau de St Leger (62 TGV ; 2150mn)
Le 28 : Bâche dans la caténaire à l’entrée de la gare de Paris Montparnasse (28 TGV ; 605mn)";51;13.2450542;24;15;63.63636364;20.45454545;4.545454545;9.090909091;2.272727273;0.0
2018-02;National;LA ROCHELLE VILLE;PARIS MONTPARNASSE;165;200;7;;19;11.47368421;1.129533679;;55;44.19;14.86502591;"Ce mois-ci, l'OD a été touchée par les incidents suivants: 
Le 3 : Avarie à la caténaire à l’entrée de la gare de Paris Montparnasse (46 TGV ; 476mn)
Le 6 : épisode neigeux sur toute la France (187 TGV ; 18980mn ; 23 suppressions)
Le 7 : épisode neigeux sur toute la France (134 TGV ; 6294mn ; 77 suppressions)
Le 8 : épisode neigeux sur toute la France (166 TGV ; 2814mn ; 30 suppressions)
Le 9 : épisode neigeux sur toute la France (151 TGV ; 2830mn ; 15 suppressions)
Le 15 : Incident caténaire à l’entrée de la gare de Paris Montparnasse (78 TGV ; 2349mn ; 15 suppressions)
Le 15 : Dérangement d’installation sur la ligne grande vitesse (22 TGV ; 672mn)
Le 21 : Présences de Chèvres aux abords de la ligne grande vitesse à Marcoussis (15 TGV ; 292mn)
Le 21 : Avarie Matérielle sur la ligne grande vitesse au niveau de St Leger (62 TGV ; 2150mn)
Le 28 : Bâche dans la caténaire à l’entrée de la gare de Paris Montparnasse (28 TGV ; 605mn)";43;14.86502591;25;12;50.0;18.75;10.41666667;14.58333333;6.25;0.0
2018-02;National;BORDEAUX ST JEAN;PARIS MONTPARNASSE;140;824;62;;306;11.63300654;4.654418198;;199;41.85938023;12.86675416;"Ce mois-ci, l'OD a été touchée par les incidents suivants: 
Le 3 : Avarie à la caténaire à l’entrée de la gare de Paris Montparnasse (46 TGV ; 476mn)
Le 6 : épisode neigeux sur toute la France (187 TGV ; 18980mn ; 23 suppressions)
Le 7 : épisode neigeux sur toute la France (134 TGV ; 6294mn ; 77 suppressions)
Le 8 : épisode neigeux sur toute la France (166 TGV ; 2814mn ; 30 suppressions)
Le 9 : épisode neigeux sur toute la France (151 TGV ; 2830mn ; 15 suppressions)
Le 15 : Incident caténaire à l’entrée de la gare de Paris Montparnasse (78 TGV ; 2349mn ; 15 suppressions)
Le 15 : Dérangement d’installation sur la ligne grande vitesse (22 TGV ; 672mn)
Le 21 : Présences de Chèvres aux abords de la ligne grande vitesse à Marcoussis (15 TGV ; 292mn)
Le 21 : Avarie Matérielle sur la ligne grande vitesse au niveau de St Leger (62 TGV ; 2150mn)
Le 28 : Bâche dans la caténaire à l’entrée de la gare de Paris Montparnasse (28 TGV ; 605mn)";162;12.86675416;86;36;51.78571429;19.64285714;10.71428571;10.71428571;4.761904762;2.380952381
2018-02;National;PARIS MONTPARNASSE;BREST;222;256;10;;66;16.34974747;4.085365854;;50;52.04;12.08943089;"Ce mois-ci, l'OD a été touchée par les incidents suivants: 
Le 3 : Avarie à la caténaire à l’entrée de la gare de Paris Montparnasse (46 TGV ; 476mn)
Le 6 : épisode neigeux sur toute la France (187 TGV ; 18980mn ; 23 suppressions)
Le 7 : épisode neigeux sur toute la France (134 TGV ; 6294mn ; 77 suppressions)
Le 8 : épisode neigeux sur toute la France (166 TGV ; 2814mn ; 30 suppressions)
Le 9 : épisode neigeux sur toute la France (151 TGV ; 2830mn ; 15 suppressions)
Le 15 : Incident caténaire à l’entrée de la gare de Paris Montparnasse (78 TGV ; 2349mn ; 15 suppressions)
Le 15 : Dérangement d’installation sur la ligne grande vitesse (22 TGV ; 672mn)
Le 21 : Présences de Chèvres aux abords de la ligne grande vitesse à Marcoussis (15 TGV ; 292mn)
Le 21 : Avarie Matérielle sur la ligne grande vitesse au niveau de St Leger (62 TGV ; 2150mn)
Le 28 : Bâche dans la caténaire à l’entrée de la gare de Paris Montparnasse (28 TGV ; 605mn)";50;12.04048583;31;12;59.18367347;22.44897959;6.12244898;10.20408163;2.040816327;0.0
2018-02;National;DOUAI;PARIS NORD;77;193;6;;51;6.712418301;2.028877005;;56;16.52529762;6.046702317;Intempéries exceptionnelles vécues lors de la deuxième semaine, et d’autre part suite à la forte tension du parc Matériel qui perdure.En effet, les mauvaises conditions climatiques survenues tôt dans le mois  ont occasionné une situation de blocage, avec de multiples dérangements d’installations de sécurité. En ce qui concerne Réseau, il s’agit d’une répartition entre les dérangements d’installations de sécurité(rails cassés, incidents passages à niveau, incidents caténaires, le domaine Externe (heurts d’animaux) et les travaux (limitation de vitesse et espacements suite travaux de régénération).;15;6.046702317;4;3;37.25490196;11.76470588;31.37254902;13.7254902;5.882352941;0.0
2018-02;National;PARIS VAUGIRARD;NANTES;140;55;0;;11;14.48333333;2.545151515;;9;34.04444444;6.582424242;;6;6.582424242;4;1;42.85714286;28.57142857;0.0;28.57142857;0.0;0.0
2018-02;National;DIJON VILLE;PARIS LYON;99;409;2;;220;7.687424242;4.247338247;;30;35.65166667;3.157411957;;25;3.157411957;16;8;34.48275862;20.68965517;13.79310345;20.68965517;10.34482759;0.0
2018-02;National;SAINT ETIENNE CHATEAUCREUX;PARIS LYON;168;101;2;;9;5.587037037;0.494444444;;14;17.43214286;3.110942761;;6;3.110942761;2;0;18.18181818;18.18181818;9.090909091;45.45454545;9.090909091;0.0
2018-02;International;GENEVE;PARIS LYON;194;208;0;;147;2.421655329;1.930608974;;15;40.28111111;4.427323718;;15;4.427323718;8;2;33.33333333;40.0;0.0;13.33333333;13.33333333;0.0
2018-02;National;NANTES;PARIS MONTPARNASSE;128;470;15;;151;9.731015453;3.16985348;;118;41.24632768;12.66564103;"Ce mois-ci, l'OD a été touchée par les incidents suivants: 
Le 3 : Avarie à la caténaire à l’entrée de la gare de Paris Montparnasse (46 TGV ; 476mn)
Le 6 : épisode neigeux sur toute la France (187 TGV ; 18980mn ; 23 suppressions)
Le 7 : épisode neigeux sur toute la France (134 TGV ; 6294mn ; 77 suppressions)
Le 8 : épisode neigeux sur toute la France (166 TGV ; 2814mn ; 30 suppressions)
Le 9 : épisode neigeux sur toute la France (151 TGV ; 2830mn ; 15 suppressions)
Le 15 : Incident caténaire à l’entrée de la gare de Paris Montparnasse (78 TGV ; 2349mn ; 15 suppressions)
Le 15 : Dérangement d’installation sur la ligne grande vitesse (22 TGV ; 672mn)
Le 21 : Présences de Chèvres aux abords de la ligne grande vitesse à Marcoussis (15 TGV ; 292mn)
Le 21 : Avarie Matérielle sur la ligne grande vitesse au niveau de St Leger (62 TGV ; 2150mn)
Le 28 : Bâche dans la caténaire à l’entrée de la gare de Paris Montparnasse (28 TGV ; 605mn)";89;12.66564103;52;24;53.21100917;23.85321101;11.9266055;5.504587156;2.752293578;2.752293578
2018-02;National;PARIS MONTPARNASSE;ANGERS SAINT LAUD;90;351;13;;57;20.36111111;3.147682446;;70;45.05380952;10.66686391;"Ce mois-ci, l'OD a été touchée par les incidents suivants: 
Le 3 : Avarie à la caténaire à l’entrée de la gare de Paris Montparnasse (46 TGV ; 476mn)
Le 6 : épisode neigeux sur toute la France (187 TGV ; 18980mn ; 23 suppressions)
Le 7 : épisode neigeux sur toute la France (134 TGV ; 6294mn ; 77 suppressions)
Le 8 : épisode neigeux sur toute la France (166 TGV ; 2814mn ; 30 suppressions)
Le 9 : épisode neigeux sur toute la France (151 TGV ; 2830mn ; 15 suppressions)
Le 15 : Incident caténaire à l’entrée de la gare de Paris Montparnasse (78 TGV ; 2349mn ; 15 suppressions)
Le 15 : Dérangement d’installation sur la ligne grande vitesse (22 TGV ; 672mn)
Le 21 : Présences de Chèvres aux abords de la ligne grande vitesse à Marcoussis (15 TGV ; 292mn)
Le 21 : Avarie Matérielle sur la ligne grande vitesse au niveau de St Leger (62 TGV ; 2150mn)
Le 28 : Bâche dans la caténaire à l’entrée de la gare de Paris Montparnasse (28 TGV ; 605mn)";49;10.66686391;31;15;68.25396825;15.87301587;3.174603175;7.936507937;4.761904762;0.0
2018-02;National;PARIS MONTPARNASSE;VANNES;153;244;11;;54;18.51604938;3.954148784;;64;40.96875;13.07725322;"Ce mois-ci, l'OD a été touchée par les incidents suivants: 
Le 3 : Avarie à la caténaire à l’entrée de la gare de Paris Montparnasse (46 TGV ; 476mn)
Le 6 : épisode neigeux sur toute la France (187 TGV ; 18980mn ; 23 suppressions)
Le 7 : épisode neigeux sur toute la France (134 TGV ; 6294mn ; 77 suppressions)
Le 8 : épisode neigeux sur toute la France (166 TGV ; 2814mn ; 30 suppressions)
Le 9 : épisode neigeux sur toute la France (151 TGV ; 2830mn ; 15 suppressions)
Le 15 : Incident caténaire à l’entrée de la gare de Paris Montparnasse (78 TGV ; 2349mn ; 15 suppressions)
Le 15 : Dérangement d’installation sur la ligne grande vitesse (22 TGV ; 672mn)
Le 21 : Présences de Chèvres aux abords de la ligne grande vitesse à Marcoussis (15 TGV ; 292mn)
Le 21 : Avarie Matérielle sur la ligne grande vitesse au niveau de St Leger (62 TGV ; 2150mn)
Le 28 : Bâche dans la caténaire à l’entrée de la gare de Paris Montparnasse (28 TGV ; 605mn)";50;12.96595745;28;10;42.1875;26.5625;15.625;14.0625;1.5625;0.0
2018-02;National;PARIS LYON;BELLEGARDE (AIN);161;209;0;;24;6.798611111;0.493460925;;32;20.18020833;5.201674641;;16;5.201674641;4;1;19.35483871;22.58064516;45.16129032;9.677419355;3.225806452;0.0
2018-02;International;PARIS LYON;ITALIE;431;85;0;;12;5.069444444;0.401960784;;10;37.7;3.911764706;;10;3.911764706;6;1;40.0;10.0;20.0;30.0;0.0;0.0
2018-02;National;LYON PART DIEU;PARIS LYON;120;604;5;;372;4.884453405;3.132609905;;81;23.11440329;3.63049527;;46;3.63049527;14;2;21.62162162;22.97297297;21.62162162;24.32432432;8.108108108;1.351351351
2018-02;National;LYON PART DIEU;RENNES;233;86;1;;54;9.607407407;6.213137255;;27;35.2962963;13.10588235;"Ce mois-ci, l'OD a été touchée par les incidents suivants: 
Le 3 : Avarie à la caténaire à l’entrée de la gare de Paris Montparnasse (46 TGV ; 476mn)
Le 6 : épisode neigeux sur toute la France (187 TGV ; 18980mn ; 23 suppressions)
Le 7 : épisode neigeux sur toute la France (134 TGV ; 6294mn ; 77 suppressions)
Le 8 : épisode neigeux sur toute la France (166 TGV ; 2814mn ; 30 suppressions)
Le 9 : épisode neigeux sur toute la France (151 TGV ; 2830mn ; 15 suppressions)
Le 15 : Incident caténaire à l’entrée de la gare de Paris Montparnasse (78 TGV ; 2349mn ; 15 suppressions)
Le 15 : Dérangement d’installation sur la ligne grande vitesse (22 TGV ; 672mn)
Le 21 : Présences de Chèvres aux abords de la ligne grande vitesse à Marcoussis (15 TGV ; 292mn)
Le 21 : Avarie Matérielle sur la ligne grande vitesse au niveau de St Leger (62 TGV ; 2150mn)
Le 28 : Bâche dans la caténaire à l’entrée de la gare de Paris Montparnasse (28 TGV ; 605mn)";27;13.10588235;8;3;34.61538462;19.23076923;30.76923077;11.53846154;3.846153846;0.0
2018-02;National;PARIS MONTPARNASSE;ST PIERRE DES CORPS;61;360;24;;65;22.3874359;4.022519841;;100;32.9395;10.67584325;"Ce mois-ci, l'OD a été touchée par les incidents suivants: 
Le 3 : Avarie à la caténaire à l’entrée de la gare de Paris Montparnasse (46 TGV ; 476mn)
Le 6 : épisode neigeux sur toute la France (187 TGV ; 18980mn ; 23 suppressions)
Le 7 : épisode neigeux sur toute la France (134 TGV ; 6294mn ; 77 suppressions)
Le 8 : épisode neigeux sur toute la France (166 TGV ; 2814mn ; 30 suppressions)
Le 9 : épisode neigeux sur toute la France (151 TGV ; 2830mn ; 15 suppressions)
Le 15 : Incident caténaire à l’entrée de la gare de Paris Montparnasse (78 TGV ; 2349mn ; 15 suppressions)
Le 15 : Dérangement d’installation sur la ligne grande vitesse (22 TGV ; 672mn)
Le 21 : Présences de Chèvres aux abords de la ligne grande vitesse à Marcoussis (15 TGV ; 292mn)
Le 21 : Avarie Matérielle sur la ligne grande vitesse au niveau de St Leger (62 TGV ; 2150mn)
Le 28 : Bâche dans la caténaire à l’entrée de la gare de Paris Montparnasse (28 TGV ; 605mn)";59;10.67584325;32;11;58.33333333;13.88888889;12.5;13.88888889;0.0;1.388888889
2018-02;National;PARIS LYON;MONTPELLIER;209;269;1;;43;16.95581395;2.42300995;;34;34.56617647;4.1664801;;34;4.1664801;19;3;36.36363636;21.21212121;12.12121212;30.3030303;0.0;0.0
2018-02;National;PARIS LYON;NIMES;177;269;1;;43;16.95581395;2.42300995;;53;26.64245283;5.992537313;;35;5.992537313;19;4;26.92307692;15.38461538;21.15384615;32.69230769;3.846153846;0.0
2018-02;National;PARIS MONTPARNASSE;BORDEAUX ST JEAN;144;698;46;;189;15.50811287;4.281083845;;157;41.85435244;10.11359918;"Ce mois-ci, l'OD a été touchée par les incidents suivants: 
Le 3 : Avarie à la caténaire à l’entrée de la gare de Paris Montparnasse (46 TGV ; 476mn)
Le 6 : épisode neigeux sur toute la France (187 TGV ; 18980mn ; 23 suppressions)
Le 7 : épisode neigeux sur toute la France (134 TGV ; 6294mn ; 77 suppressions)
Le 8 : épisode neigeux sur toute la France (166 TGV ; 2814mn ; 30 suppressions)
Le 9 : épisode neigeux sur toute la France (151 TGV ; 2830mn ; 15 suppressions)
Le 15 : Incident caténaire à l’entrée de la gare de Paris Montparnasse (78 TGV ; 2349mn ; 15 suppressions)
Le 15 : Dérangement d’installation sur la ligne grande vitesse (22 TGV ; 672mn)
Le 21 : Présences de Chèvres aux abords de la ligne grande vitesse à Marcoussis (15 TGV ; 292mn)
Le 21 : Avarie Matérielle sur la ligne grande vitesse au niveau de St Leger (62 TGV ; 2150mn)
Le 28 : Bâche dans la caténaire à l’entrée de la gare de Paris Montparnasse (28 TGV ; 605mn)";123;10.11359918;72;27;49.65986395;15.6462585;14.28571429;17.68707483;2.721088435;0.0
2018-02;International;ZURICH;PARIS LYON;177;108;0;;72;4.597222222;3.064814815;;5;40.79333333;2.087808642;;4;2.087808642;2;2;20.0;0.0;40.0;40.0;0.0;0.0
2018-02;National;LAVAL;PARIS MONTPARNASSE;86;187;7;;72;7.006712963;2.852685185;;70;24.21142857;10.10574074;"Ce mois-ci, l'OD a été touchée par les incidents suivants: 
Le 3 : Avarie à la caténaire à l’entrée de la gare de Paris Montparnasse (46 TGV ; 476mn)
Le 6 : épisode neigeux sur toute la France (187 TGV ; 18980mn ; 23 suppressions)
Le 7 : épisode neigeux sur toute la France (134 TGV ; 6294mn ; 77 suppressions)
Le 8 : épisode neigeux sur toute la France (166 TGV ; 2814mn ; 30 suppressions)
Le 9 : épisode neigeux sur toute la France (151 TGV ; 2830mn ; 15 suppressions)
Le 15 : Incident caténaire à l’entrée de la gare de Paris Montparnasse (78 TGV ; 2349mn ; 15 suppressions)
Le 15 : Dérangement d’installation sur la ligne grande vitesse (22 TGV ; 672mn)
Le 21 : Présences de Chèvres aux abords de la ligne grande vitesse à Marcoussis (15 TGV ; 292mn)
Le 21 : Avarie Matérielle sur la ligne grande vitesse au niveau de St Leger (62 TGV ; 2150mn)
Le 28 : Bâche dans la caténaire à l’entrée de la gare de Paris Montparnasse (28 TGV ; 605mn)";27;10.04990792;15;7;50.0;18.0;22.0;4.0;2.0;4.0
2018-02;National;TOURCOING;BORDEAUX ST JEAN;286;28;0;;5;4.8;0.857142857;;6;64.13611111;15.09702381;;6;15.09702381;4;3;25.0;0.0;25.0;25.0;25.0;0.0
2018-02;National;MONTPELLIER;PARIS LYON;206;317;0;;163;8.507157464;4.484490011;;52;34.94166667;6.593953733;;52;6.593953733;25;4;40.90909091;40.90909091;2.272727273;13.63636364;0.0;2.272727273
2018-02;National;MARSEILLE ST CHARLES;PARIS LYON;202;388;0;;90;7.621481481;1.685524055;;43;33.46317829;5.427276632;;43;5.427276632;19;3;37.20930233;39.53488372;2.325581395;18.60465116;2.325581395;0.0
2018-02;National;PARIS LYON;DIJON VILLE;99;430;2;;58;13.92528736;1.577725857;;19;39.77807018;2.527180685;;12;2.527180685;8;4;31.57894737;5.263157895;10.52631579;52.63157895;0.0;0.0
2018-02;National;VALENCE ALIXAN TGV;PARIS LYON;132;263;0;;154;10.20930736;5.996324461;;60;29.49444444;6.725158428;Heurt d’un chien par le TGV 6103 (rame 4723) en gare de Valence.;43;6.725158428;21;4;34.0;40.0;6.0;20.0;0.0;0.0
2018-02;National;NICE VILLE;PARIS LYON;346;175;2;;61;5.689344262;2.036705202;;22;32.43333333;5.02283237;;22;5.02283237;11;1;18.18181818;50.0;22.72727273;9.090909091;0.0;0.0
2018-02;National;PARIS LYON;BESANCON FRANCHE COMTE TGV;128;181;2;;25;12.97066667;1.489385475;;14;29.025;3.660800745;;9;3.660800745;4;1;16.66666667;0.0;8.333333333;66.66666667;8.333333333;0.0
2018-02;National;ST PIERRE DES CORPS;PARIS MONTPARNASSE;61;390;23;;197;9.261167513;5.085876476;;147;25.74727891;11.05154405;"Ce mois-ci, l'OD a été touchée par les incidents suivants: 
Le 3 : Avarie à la caténaire à l’entrée de la gare de Paris Montparnasse (46 TGV ; 476mn)
Le 6 : épisode neigeux sur toute la France (187 TGV ; 18980mn ; 23 suppressions)
Le 7 : épisode neigeux sur toute la France (134 TGV ; 6294mn ; 77 suppressions)
Le 8 : épisode neigeux sur toute la France (166 TGV ; 2814mn ; 30 suppressions)
Le 9 : épisode neigeux sur toute la France (151 TGV ; 2830mn ; 15 suppressions)
Le 15 : Incident caténaire à l’entrée de la gare de Paris Montparnasse (78 TGV ; 2349mn ; 15 suppressions)
Le 15 : Dérangement d’installation sur la ligne grande vitesse (22 TGV ; 672mn)
Le 21 : Présences de Chèvres aux abords de la ligne grande vitesse à Marcoussis (15 TGV ; 292mn)
Le 21 : Avarie Matérielle sur la ligne grande vitesse au niveau de St Leger (62 TGV ; 2150mn)
Le 28 : Bâche dans la caténaire à l’entrée de la gare de Paris Montparnasse (28 TGV ; 605mn)";74;11.05154405;36;14;50.0;18.08510638;11.70212766;11.70212766;7.446808511;1.063829787
2018-02;National;ARRAS;PARIS NORD;51;333;15;;137;5.912287105;2.724266247;;103;15.7566343;5.872169811;Intempéries exceptionnelles vécues lors de la deuxième semaine, et d’autre part suite à la forte tension du parc Matériel qui perdure.En effet, les mauvaises conditions climatiques survenues tôt dans le mois  ont occasionné une situation de blocage, avec de multiples dérangements d’installations de sécurité. En ce qui concerne Réseau, il s’agit d’une répartition entre les dérangements d’installations de sécurité(rails cassés, incidents passages à niveau, incidents caténaires, le domaine Externe (heurts d’animaux) et les travaux (limitation de vitesse et espacements suite travaux de régénération).;25;5.872169811;9;4;36.47058824;16.47058824;27.05882353;12.94117647;5.882352941;1.176470588
2018-02;National;ANGOULEME;PARIS MONTPARNASSE;125;256;24;;145;6.18137931;3.932399425;;68;42.02867647;14.49425287;"Ce mois-ci, l'OD a été touchée par les incidents suivants: 
Le 3 : Avarie à la caténaire à l’entrée de la gare de Paris Montparnasse (46 TGV ; 476mn)
Le 6 : épisode neigeux sur toute la France (187 TGV ; 18980mn ; 23 suppressions)
Le 7 : épisode neigeux sur toute la France (134 TGV ; 6294mn ; 77 suppressions)
Le 8 : épisode neigeux sur toute la France (166 TGV ; 2814mn ; 30 suppressions)
Le 9 : épisode neigeux sur toute la France (151 TGV ; 2830mn ; 15 suppressions)
Le 15 : Incident caténaire à l’entrée de la gare de Paris Montparnasse (78 TGV ; 2349mn ; 15 suppressions)
Le 15 : Dérangement d’installation sur la ligne grande vitesse (22 TGV ; 672mn)
Le 21 : Présences de Chèvres aux abords de la ligne grande vitesse à Marcoussis (15 TGV ; 292mn)
Le 21 : Avarie Matérielle sur la ligne grande vitesse au niveau de St Leger (62 TGV ; 2150mn)
Le 28 : Bâche dans la caténaire à l’entrée de la gare de Paris Montparnasse (28 TGV ; 605mn)";54;14.49425287;29;13;49.18032787;21.31147541;3.278688525;11.47540984;11.47540984;3.278688525
2018-02;National;MARSEILLE ST CHARLES;TOURCOING;302;28;1;;10;6.045;1.929012346;;4;51.5;9.555555556;;4;9.555555556;3;1;0.0;100.0;0.0;0.0;0.0;0.0
2018-02;National;PARIS NORD;DOUAI;74;191;5;;56;14.51815476;4.330645161;;42;30.33531746;6.528763441;Intempéries exceptionnelles vécues lors de la deuxième semaine, et d’autre part suite à la forte tension du parc Matériel qui perdure.En effet, les mauvaises conditions climatiques survenues tôt dans le mois  ont occasionné une situation de blocage, avec de multiples dérangements d’installations de sécurité. En ce qui concerne Réseau, il s’agit d’une répartition entre les dérangements d’installations de sécurité(rails cassés, incidents passages à niveau, incidents caténaires, le domaine Externe (heurts d’animaux) et les travaux (limitation de vitesse et espacements suite travaux de régénération).;25;6.528763441;12;3;47.61904762;7.142857143;23.80952381;21.42857143;0.0;0.0
2018-02;National;AVIGNON TGV;PARIS LYON;159;477;2;;155;8.984623656;2.756596491;;91;24.94157509;5.520210526;;57;5.520210526;26;3;26.37362637;37.36263736;19.78021978;13.18681319;2.197802198;1.098901099
2018-02;National;LYON PART DIEU;MARSEILLE ST CHARLES;107;498;3;;268;14.70951493;8.077777778;;134;33.18022388;10.24498316;Colis suspect en gare de Lyon Part-Dieu.;107;10.24498316;44;14;39.66942149;11.57024793;20.66115702;18.18181818;5.785123967;4.132231405
2018-02;National;PARIS LYON;NICE VILLE;349;182;3;;23;19.76884058;2.229329609;;30;43.19555556;9.031564246;Décontrôle d’aiguille sur le TGV 6404, à Solers.;30;9.031564246;16;4;42.30769231;19.23076923;19.23076923;15.38461538;3.846153846;0.0
2018-02;National;PARIS MONTPARNASSE;TOULOUSE MATABIAU;257;155;2;;52;13.375;4.366448802;;39;51.13290598;13.47647059;"Ce mois-ci, l'OD a été touchée par les incidents suivants: 
Le 3 : Avarie à la caténaire à l’entrée de la gare de Paris Montparnasse (46 TGV ; 476mn)
Le 6 : épisode neigeux sur toute la France (187 TGV ; 18980mn ; 23 suppressions)
Le 7 : épisode neigeux sur toute la France (134 TGV ; 6294mn ; 77 suppressions)
Le 8 : épisode neigeux sur toute la France (166 TGV ; 2814mn ; 30 suppressions)
Le 9 : épisode neigeux sur toute la France (151 TGV ; 2830mn ; 15 suppressions)
Le 15 : Incident caténaire à l’entrée de la gare de Paris Montparnasse (78 TGV ; 2349mn ; 15 suppressions)
Le 15 : Dérangement d’installation sur la ligne grande vitesse (22 TGV ; 672mn)
Le 21 : Présences de Chèvres aux abords de la ligne grande vitesse à Marcoussis (15 TGV ; 292mn)
Le 21 : Avarie Matérielle sur la ligne grande vitesse au niveau de St Leger (62 TGV ; 2150mn)
Le 28 : Bâche dans la caténaire à l’entrée de la gare de Paris Montparnasse (28 TGV ; 605mn)";39;13.47647059;27;12;51.35135135;29.72972973;8.108108108;8.108108108;2.702702703;0.0
2018-02;International;MADRID;MARSEILLE ST CHARLES;481;27;0;;13;9.384615385;4.333333333;;5;30.84333333;8.464814815;;5;8.464814815;2;0;40.0;0.0;20.0;40.0;0.0;0.0
2018-02;National;REIMS;PARIS EST;46;206;2;;73;11.74155251;4.284558824;;85;18.53803922;8.668627451;"01/02 : 2722? Bloc moteur isolé (5’) + Csq colis suspect (138’) + 2714? VL40 (14’)
02/02 : 2714 et 2722? VL40 (23’)
04/02 : 2754 + 2720? VL40 (13’)
05/02 : 2714? VL 40 (11’)
10/02 : 2720? VL 40 (14’)
11/02 : 2720 et 2754 ? VL 40 (10’)
12/02 : 2722 et 2714 ? VL 40 (25’)
13/02 : 2722? VOL 40 (18’) et 3 blocs moteurs isolés (17’) + 2714? Dérangement installation (120’) + 2778? Csq alerte radio suite portes ouvertes au départ (5’)
15/02 : 2784? Coupure diesel (99’) + 2714? VL 40 (13’)
16/02 : 2784? Raté ouverture PN (13’) + 2722, 2778, 2706, 2712 ? Csq personne dans les voies (17’, 11’, 25’, 10’) + 2722? VL 40 (5’) + 2706 et 2778? Train balai limité à 160 (10’)
17/02 : 2726? Csq accident de personne (61’)
18/02 : 2766? VL40 (8’)
19/02 : Csq accident de personne ? 2784 (10’), 2760 (86’), 2752 (53’) + VL40? 2722 (5’) et 2714 (6’)
21/02 : 2714? VL40 (12’) + 2706? Mission de reconnaissance (6’)
22/02 : 2714? Arrêt supplémentaire (26’) + 2722? LTV40 (5’)
23/02 : 2756? Descente tardive (14’) + 2714? VL40 (23’)
24/02 : 2750? LTV 40 (5’)
26/02 : 2712? Csq pb essais de freins (29’) + 2714? Problème horaire billet et sillon (12’)
27/02 : 2714? Pb raccordement (14’) + VL 40 (6’)
28/02 : 2714? Défaut de liaison électrique entre les 2 rames (43’) + dérangement de signaux (9’)+ 2706? Décontrôle aiguille (5’)";29;8.668627451;14;3;42.62295082;26.2295082;14.75409836;13.1147541;1.639344262;1.639344262
2018-02;National;LYON PART DIEU;MONTPELLIER;112;286;6;;173;8.115799615;5.103333333;;40;22.09958333;3.364702381;;16;3.364702381;8;3;36.84210526;18.42105263;23.68421053;13.15789474;5.263157895;2.631578947
2018-02;National;POITIERS;PARIS MONTPARNASSE;94;456;38;;207;9.445571659;4.678708134;;129;32.79534884;13.02838915;"Ce mois-ci, l'OD a été touchée par les incidents suivants: 
Le 3 : Avarie à la caténaire à l’entrée de la gare de Paris Montparnasse (46 TGV ; 476mn)
Le 6 : épisode neigeux sur toute la France (187 TGV ; 18980mn ; 23 suppressions)
Le 7 : épisode neigeux sur toute la France (134 TGV ; 6294mn ; 77 suppressions)
Le 8 : épisode neigeux sur toute la France (166 TGV ; 2814mn ; 30 suppressions)
Le 9 : épisode neigeux sur toute la France (151 TGV ; 2830mn ; 15 suppressions)
Le 15 : Incident caténaire à l’entrée de la gare de Paris Montparnasse (78 TGV ; 2349mn ; 15 suppressions)
Le 15 : Dérangement d’installation sur la ligne grande vitesse (22 TGV ; 672mn)
Le 21 : Présences de Chèvres aux abords de la ligne grande vitesse à Marcoussis (15 TGV ; 292mn)
Le 21 : Avarie Matérielle sur la ligne grande vitesse au niveau de St Leger (62 TGV ; 2150mn)
Le 28 : Bâche dans la caténaire à l’entrée de la gare de Paris Montparnasse (28 TGV ; 605mn)";93;13.02838915;46;22;49.49494949;15.15151515;14.14141414;13.13131313;6.060606061;2.02020202
2018-02;National;PARIS LYON;ANNECY;227;183;0;;34;12.65686275;2.186247723;;30;42.7;9.5;Un zone rouge intermittente, vers Cluny.;30;9.5;16;3;24.13793103;17.24137931;10.34482759;41.37931034;3.448275862;3.448275862
2018-02;International;FRANCFORT;PARIS EST;217;120;2;;51;10.79477124;4.772316384;;57;45.7245614;23.98728814;;56;23.98728814;30;10;41.50943396;16.98113208;15.09433962;20.75471698;5.660377358;0.0
2018-02;National;BELLEGARDE (AIN);PARIS LYON;162;233;0;;101;6.448019802;2.841773963;;30;33.89944444;5.082546495;;20;5.082546495;11;4;25.0;28.57142857;25.0;10.71428571;7.142857143;3.571428571
2018-02;National;PARIS EST;STRASBOURG;112;448;14;;136;13.4125;4.180030722;;95;31.17701754;7.339208909;"04/04 : 2465? Obstacle à la fermeture des portes (5’) + 2443? LTV 230 (5’)  
11/02 : 2365? Avitaillement tardif et descente tardive (5’) et intervention SUGE (11’) + 2407? BM isolé motrice (5’) + 2583? LTV 250 (5’)
12/02 : 2407, 2365, 2421? Pb de pantographe (25’) 
13/02 : 2583, 2377? Croisement matériel (14’)
14/02 : 2407? Attente ADC (5’) et décontrôle aiguille (5’min) + 2457? RS signaux fermés (10’)
15/02 : 2465? Descente tardive TEE (11’)
16/02 : 2407? Csq personne sur les voies (10’)
17/02 : 2443 et 2377? VL 230 (16’) + 2377? Erreur affichage du train en gare (10’) + 2443? Csq détresse à quai (17’)
18/02 : 2365 et 2407 ? Csq alarme simple DBC (57’)
19/02 : 2465? Csq accident de personne (5’) + 2407? Essai frein tardif (5’)
20/02 : 2443? Descente tardive TEE (13’), 2371? Csq bagage abandonné (5’), 2407? Réutilisation rame du 2706 (7’), 2371? Attente ASCT (5’)
22/02 : 2465? Intervention SUGE (5’), 2407? Pb conducteur (10’), 2457? ERTMS (14’)
23/02 : 2459? réutilisation du 2676 (14’), 1407? Csq accident de personne (6’)
25/02 : 2471? Intervention SUGE (6’)
26/02 : 2443? Descente tardive TEE (5’) 
27/02 : 2583 et 2457 ? Descentes tardives TEE (15’)
28/02 : 2377? Attentes correspondance (5’) + 2371? Défaut torches en cabine (5’)";70;7.339208909;36;11;56.52173913;4.347826087;5.434782609;29.34782609;4.347826087;0.0
2018-02;National;TOURCOING;MARSEILLE ST CHARLES;309;28;1;;2;26.0;1.925925926;;6;25.43055556;6.322222222;;6;6.322222222;1;0;0.0;40.0;60.0;0.0;0.0;0.0
2018-02;National;BESANCON FRANCHE COMTE TGV;PARIS LYON;131;186;2;;33;4.216666667;0.421557971;;12;20.83055556;1.17173913;;6;1.17173913;4;0;41.66666667;25.0;8.333333333;16.66666667;8.333333333;0.0
2018-02;National;LE CREUSOT MONTCEAU MONTCHANIN;PARIS LYON;81;199;0;;124;6.552284946;4.076214405;;39;17.09401709;2.841122278;;12;2.841122278;2;1;20.0;17.14285714;25.71428571;20.0;11.42857143;5.714285714
2018-02;National;NIMES;PARIS LYON;176;318;0;;183;8.001275046;4.686268344;;71;28.99694836;6.626310273;Heurt d’un chien par le TGV 6103 (rame 4723) en gare de Valence.;53;6.626310273;25;4;36.66666667;40.0;5.0;16.66666667;0.0;1.666666667
2018-02;National;PARIS LYON;CHAMBERY CHALLES LES EAUX;193;294;0;;51;12.19901961;1.855725624;;42;30.46111111;4.786451247;;31;4.786451247;18;2;20.0;27.5;20.0;27.5;2.5;2.5
2018-02;National;PARIS LYON;MARSEILLE ST CHARLES;201;441;4;;53;14.81603774;1.468154081;;50;31.55166667;5.576659039;;50;5.576659039;15;5;29.16666667;14.58333333;20.83333333;33.33333333;2.083333333;0.0
2018-02;National;PARIS LYON;VALENCE ALIXAN TGV;130;292;1;;43;16.65658915;2.161798396;;50;25.06566667;5.123081329;;31;5.123081329;13;3;16.66666667;18.75;20.83333333;41.66666667;2.083333333;0.0
2018-02;National;PARIS LYON;PERPIGNAN;308;136;1;;26;17.96794872;3.108148148;;24;40.83194444;8.791358025;Heurt d’un chien par le TGV 6103 (rame 4723) en gare de Valence.;24;8.791358025;13;4;30.43478261;8.695652174;30.43478261;30.43478261;0.0;0.0
2018-02;National;VANNES;PARIS MONTPARNASSE;155;243;9;;145;5.420689655;3.346153846;;73;38.41575342;13.76894587;"Ce mois-ci, l'OD a été touchée par les incidents suivants: 
Le 3 : Avarie à la caténaire à l’entrée de la gare de Paris Montparnasse (46 TGV ; 476mn)
Le 6 : épisode neigeux sur toute la France (187 TGV ; 18980mn ; 23 suppressions)
Le 7 : épisode neigeux sur toute la France (134 TGV ; 6294mn ; 77 suppressions)
Le 8 : épisode neigeux sur toute la France (166 TGV ; 2814mn ; 30 suppressions)
Le 9 : épisode neigeux sur toute la France (151 TGV ; 2830mn ; 15 suppressions)
Le 15 : Incident caténaire à l’entrée de la gare de Paris Montparnasse (78 TGV ; 2349mn ; 15 suppressions)
Le 15 : Dérangement d’installation sur la ligne grande vitesse (22 TGV ; 672mn)
Le 21 : Présences de Chèvres aux abords de la ligne grande vitesse à Marcoussis (15 TGV ; 292mn)
Le 21 : Avarie Matérielle sur la ligne grande vitesse au niveau de St Leger (62 TGV ; 2150mn)
Le 28 : Bâche dans la caténaire à l’entrée de la gare de Paris Montparnasse (28 TGV ; 605mn)";51;13.76894587;21;12;43.5483871;29.03225806;8.064516129;14.51612903;4.838709677;0.0
2018-02;National;LE MANS;PARIS MONTPARNASSE;56;373;15;;205;7.299186992;4.263594041;;150;25.88455556;11.4570298;"Ce mois-ci, l'OD a été touchée par les incidents suivants: 
Le 3 : Avarie à la caténaire à l’entrée de la gare de Paris Montparnasse (46 TGV ; 476mn)
Le 6 : épisode neigeux sur toute la France (187 TGV ; 18980mn ; 23 suppressions)
Le 7 : épisode neigeux sur toute la France (134 TGV ; 6294mn ; 77 suppressions)
Le 8 : épisode neigeux sur toute la France (166 TGV ; 2814mn ; 30 suppressions)
Le 9 : épisode neigeux sur toute la France (151 TGV ; 2830mn ; 15 suppressions)
Le 15 : Incident caténaire à l’entrée de la gare de Paris Montparnasse (78 TGV ; 2349mn ; 15 suppressions)
Le 15 : Dérangement d’installation sur la ligne grande vitesse (22 TGV ; 672mn)
Le 21 : Présences de Chèvres aux abords de la ligne grande vitesse à Marcoussis (15 TGV ; 292mn)
Le 21 : Avarie Matérielle sur la ligne grande vitesse au niveau de St Leger (62 TGV ; 2150mn)
Le 28 : Bâche dans la caténaire à l’entrée de la gare de Paris Montparnasse (28 TGV ; 605mn)";65;11.42511606;32;15;49.05660377;23.58490566;16.98113208;5.660377358;2.830188679;1.886792453
2018-02;National;CHAMBERY CHALLES LES EAUX;PARIS LYON;187;282;0;;152;11.80482456;6.261583924;;73;24.67260274;7.19391253;Demi ferrure sur aiguille cassée entre Vert de Maison et Alforville.;60;7.19391253;15;4;8.333333333;20.0;46.66666667;18.33333333;3.333333333;3.333333333
2018-02;National;MARNE LA VALLEE;MARSEILLE ST CHARLES;216;301;3;;197;12.95456853;8.679306488;;67;37.71243781;10.72225951;;67;10.72225951;24;9;28.33333333;13.33333333;21.66666667;26.66666667;6.666666667;3.333333333
2018-02;National;PARIS LYON;SAINT ETIENNE CHATEAUCREUX;168;102;1;;12;10.04583333;0.710726073;;23;22.35144928;6.277227723;Heurt d’un chien par le TGV 6103 (rame 4723) en gare de Valence.;15;6.277227723;5;1;34.7826087;13.04347826;17.39130435;26.08695652;8.695652174;0.0
2018-02;International;PARIS LYON;GENEVE;194;188;0;;20;7.830833333;0.545656028;;10;31.53333333;0.811524823;;10;0.811524823;3;1;33.33333333;55.55555556;0.0;0.0;11.11111111;0.0
2018-02;National;PARIS MONTPARNASSE;LA ROCHELLE VILLE;166;205;3;;42;17.46507937;3.343151815;;46;50.2826087;12.08910891;"Ce mois-ci, l'OD a été touchée par les incidents suivants: 
Le 3 : Avarie à la caténaire à l’entrée de la gare de Paris Montparnasse (46 TGV ; 476mn)
Le 6 : épisode neigeux sur toute la France (187 TGV ; 18980mn ; 23 suppressions)
Le 7 : épisode neigeux sur toute la France (134 TGV ; 6294mn ; 77 suppressions)
Le 8 : épisode neigeux sur toute la France (166 TGV ; 2814mn ; 30 suppressions)
Le 9 : épisode neigeux sur toute la France (151 TGV ; 2830mn ; 15 suppressions)
Le 15 : Incident caténaire à l’entrée de la gare de Paris Montparnasse (78 TGV ; 2349mn ; 15 suppressions)
Le 15 : Dérangement d’installation sur la ligne grande vitesse (22 TGV ; 672mn)
Le 21 : Présences de Chèvres aux abords de la ligne grande vitesse à Marcoussis (15 TGV ; 292mn)
Le 21 : Avarie Matérielle sur la ligne grande vitesse au niveau de St Leger (62 TGV ; 2150mn)
Le 28 : Bâche dans la caténaire à l’entrée de la gare de Paris Montparnasse (28 TGV ; 605mn)";42;12.08910891;27;14;53.48837209;16.27906977;11.62790698;11.62790698;4.651162791;2.325581395
2018-02;National;LYON PART DIEU;MARNE LA VALLEE;108;271;2;;214;12.0423676;9.661028501;;74;31.23400901;9.88692689;;59;9.88692689;33;5;25.3968254;25.3968254;25.3968254;22.22222222;0.0;1.587301587
2018-02;National;MARSEILLE ST CHARLES;LYON PART DIEU;106;492;4;;128;10.49557292;2.756796448;;89;27.55561798;7.563217213;;55;7.563217213;24;10;20.98765432;25.92592593;30.86419753;20.98765432;0.0;1.234567901
2018-03;National;PARIS LYON;AVIGNON TGV;159;466;7;;47;12.98865248;1.013435004;;47;29.49609929;4.449745824;;34;4.449745824;21;3;31.11111111;11.11111111;35.55555556;15.55555556;6.666666667;0.0
2018-03;International;LAUSANNE;PARIS LYON;221;141;1;;118;5.045056497;4.351190476;;15;48.32888889;5.747261905;;15;5.747261905;8;4;35.71428571;14.28571429;28.57142857;21.42857143;0.0;0.0
2018-03;National;BORDEAUX ST JEAN;PARIS MONTPARNASSE;141;878;35;;303;10.59625963;3.69371293;;135;28.64111111;6.19849743;;88;6.19849743;38;12;31.19266055;32.11009174;8.256880734;22.01834862;4.587155963;1.834862385
2018-03;National;MARSEILLE ST CHARLES;LILLE;309;189;5;;40;7.52125;1.660144928;;38;37.93991228;10.44365942;"En ce qui concerne Réseau, le défaut de géométrie de la voie constaté à Pierrefitte a perturbé fortement le plan de transport à partir du 23 mars, un défaut suite à une zone boueuse découverte, avec des retards de cinq minutes au maximum  pour un volet de deux à vingt-cinq trains par jour, une situation qui perdure aujourd’hui. Pour les autres dérangements, il s’agit de l’incident de Beuvraignes le 19 (zone au rouge), l’arrachement caténaire de Goussainville le 10, et le dérangement électrique de Roissy le 15 avec un nid de pies dans la caténaire (26 trains pour 1096 minutes). 
Le train 758101 du 26 mars à Pierrefitte arrêté sous la section de séparation(zone non alimentée en courant) est l’évènement marquant du secteur « Autres EF » et du mois , il a concerné 48 trains Voyages pour 3854 minutes perdues, et  en totalité  213 trains pour 11187 minutes. Le sectionneur incriminé a été réparé depuis…";38;10.44365942;18;9;18.91891892;13.51351351;18.91891892;37.83783784;8.108108108;2.702702703
2018-03;National;RENNES;LYON PART DIEU;234;93;0;;21;3.997619048;0.902688172;;5;57.18333333;2.076344086;"Ce mois-ci, l'OD a été touchée par les incidents suivants :
le 1er : une limitation de la vitesse des trains sur les lignes à grande vitesse Atlantique  (28 TGV pour un total de 605 minutes) et Sud-Est suite aux conditions climatiques (7 TGV pour 136 minutes) ;
le 6 : un dérangement des installations sur la ligne à grande vitesse Atlantique (23 TGV pour un total de 461 minutes)
le 18 : un souterrain inondé au niveau de Chemin d'Antony - en région parisienne - impacte les installations (7 TGV pour 93' perdues) ;
le 20 : un accident de personne sur la ligne à grande vitesse Atlantique (47 TGV retardés pour 3028 minutes) ;
le 27 : un dérangement des installations à Massy - en région parisienne - (34 TGV retardés pour 736 minutes) ;
le 30 : heurt d'un animal par un train sur la ligne à grande vitesse Sud-Est (près de Lyon (25 TGV retardés pour 1132 minutes).";5;2.076344086;3;2;33.33333333;0.0;33.33333333;33.33333333;0.0;0.0
2018-03;National;PARIS VAUGIRARD;NANTES;140;58;0;;8;6.13125;0.348850575;;5;21.38333333;2.597701149;;2;2.597701149;2;0;20.0;20.0;60.0;0.0;0.0;0.0
2018-03;National;ARRAS;PARIS NORD;51;353;19;;119;7.503781513;2.846506986;;119;18.18095238;7.39505988;"En ce qui concerne Réseau, le défaut de géométrie de la voie constaté à Pierrefitte a perturbé fortement le plan de transport à partir du 23 mars, un défaut suite à une zone boueuse découverte, avec des retards de cinq minutes au maximum  pour un volet de deux à vingt-cinq trains par jour, une situation qui perdure aujourd’hui. Pour les autres dérangements, il s’agit de l’incident de Beuvraignes le 19 (zone au rouge), l’arrachement caténaire de Goussainville le 10, et le dérangement électrique de Roissy le 15 avec un nid de pies dans la caténaire (26 trains pour 1096 minutes). 
Le train 758101 du 26 mars à Pierrefitte arrêté sous la section de séparation(zone non alimentée en courant) est l’évènement marquant du secteur « Autres EF » et du mois , il a concerné 48 trains Voyages pour 3854 minutes perdues, et  en totalité  213 trains pour 11187 minutes. Le sectionneur incriminé a été réparé depuis…";32;7.39505988;12;7;5.714285714;35.23809524;43.80952381;6.666666667;5.714285714;2.857142857
2018-03;National;LILLE;MARSEILLE ST CHARLES;307;187;5;;62;10.1344086;3.502472527;;36;44.93888889;10.78205128;;36;10.78205128;16;6;21.875;18.75;28.125;28.125;3.125;0.0
2018-03;National;PARIS VAUGIRARD;BORDEAUX ST JEAN;165;55;0;;5;27.02333333;1.911515152;;6;36.51666667;4.158787879;;3;4.158787879;3;2;60.0;20.0;0.0;20.0;0.0;0.0
2018-03;National;MARSEILLE ST CHARLES;PARIS LYON;202;432;9;;105;7.995079365;1.903546099;;40;32.69291667;3.940149724;;40;3.940149724;16;3;36.84210526;13.15789474;13.15789474;28.94736842;5.263157895;2.631578947
2018-03;National;PARIS EST;REIMS;45;220;6;;41;4.229674797;0.71923676;;22;10.52651515;1.416900312;;4;1.416900312;0;0;28.57142857;0.0;19.04761905;38.0952381;14.28571429;0.0
2018-03;National;LYON PART DIEU;LILLE;193;305;11;;222;10.63160661;8.125453515;;60;38.15166667;10.69348073;;60;10.69348073;30;13;21.56862745;17.64705882;19.60784314;33.33333333;5.882352941;1.960784314
2018-03;National;NICE VILLE;PARIS LYON;346;196;7;;68;7.134558824;2.678306878;;26;35.94487179;4.620546737;;26;4.620546737;13;2;24.0;32.0;24.0;16.0;0.0;4.0
2018-03;National;PARIS LYON;PERPIGNAN;309;148;1;;34;13.99607843;2.865646259;;27;53.66604938;11.09988662;Accident de personne voie 1bis en sortie de Paris-Gare-de-Lyon.;27;11.09988662;15;8;30.76923077;38.46153846;11.53846154;15.38461538;0.0;3.846153846
2018-03;International;PARIS LYON;ITALIE;431;95;1;;19;22.3877193;4.216489362;;20;43.875;9.590425532;;20;9.590425532;10;4;15.78947368;15.78947368;21.05263158;42.10526316;5.263157895;0.0
2018-03;National;PARIS MONTPARNASSE;BREST;221;283;6;;43;9.363565891;1.076895307;;21;50.28571429;4.80866426;"Ce mois-ci, l'OD a été touchée par les incidents suivants :
le 1er : une limitation de la vitesse des trains sur la ligne à grande vitesse suite aux conditions climatiques (28 TGV pour un total de 605 minutes) ; 
le 6 : un dérangement des installations sur la ligne à grande vitesse Atlantique (23 TGV pour un total de 461 minutes) ;
le 15 : un problème technique sur une rame sortant du chantier de Montrouge perturbe les entrées/sorties en gare de Paris Montparnasse (25 TGV retardés pour un total de 536 minutes) ;
le 20 : un accident de personne sur la ligne à grande vitesse Atlantique (47 TGV retardés pour 3028 minutes) ;
le 27 : un dérangement des installations à Massy - en région parisienne - (34 TGV retardés pour 736 minutes)";21;4.791366906;12;4;38.0952381;9.523809524;9.523809524;19.04761905;4.761904762;19.04761905
2018-03;National;QUIMPER;PARIS MONTPARNASSE;223;260;5;;7;4.285714286;0.117647059;;13;30.29487179;4.043071895;;13;4.043071895;3;1;70.0;20.0;0.0;10.0;0.0;0.0
2018-03;National;VANNES;PARIS MONTPARNASSE;155;282;7;;141;2.432624113;1.243636364;;29;20.31724138;4.102181818;;14;4.102181818;3;1;38.46153846;34.61538462;3.846153846;15.38461538;3.846153846;3.846153846
2018-03;National;PARIS MONTPARNASSE;TOURS;72;191;8;;28;6.745238095;0.659198543;;38;20.23947368;5.399362477;;12;5.399362477;4;3;32.0;20.0;32.0;16.0;0.0;0.0
2018-03;National;MONTPELLIER;PARIS LYON;206;340;8;;120;14.78277778;5.398694779;;40;50.62458333;5.9687751;Accident de personne voie 1bis en sortie de Paris-Gare-de-Lyon.;40;5.9687751;23;8;62.85714286;14.28571429;8.571428571;11.42857143;0.0;2.857142857
2018-03;National;LYON PART DIEU;MONTPELLIER;112;305;11;;167;14.39021956;8.298922902;;55;43.54030303;8.236678005;;49;8.236678005;23;13;25.0;25.0;18.75;22.91666667;6.25;2.083333333
2018-03;National;PARIS EST;NANCY;94;300;13;;61;8.940983607;1.875958188;;31;31.68709677;4.562020906;;30;4.562020906;9;2;46.66666667;13.33333333;20.0;20.0;0.0;0.0
2018-03;National;AIX EN PROVENCE TGV;PARIS LYON;188;396;8;;148;7.855518018;3.069974227;;39;32.43589744;4.288187285;;39;4.288187285;14;3;33.33333333;16.66666667;11.11111111;30.55555556;5.555555556;2.777777778
2018-03;National;BESANCON FRANCHE COMTE TGV;PARIS LYON;131;203;5;;49;10.30102041;2.219444444;;19;37.9254386;4.106565657;;13;4.106565657;8;3;42.10526316;21.05263158;5.263157895;21.05263158;5.263157895;5.263157895
2018-03;National;PARIS MONTPARNASSE;ST PIERRE DES CORPS;61;389;17;;54;7.419753086;0.731630824;;69;14.25048309;3.490098566;;21;3.490098566;5;1;31.57894737;23.68421053;23.68421053;18.42105263;2.631578947;0.0
2018-03;National;NANTES;STRASBOURG;302;41;1;;23;3.541304348;2.219166667;;4;21.80416667;4.220833333;;4;4.220833333;1;0;75.0;0.0;25.0;0.0;0.0;0.0
2018-03;National;PARIS NORD;ARRAS;55;326;19;;70;13.41880952;3.028773073;;76;18.82083333;5.463409338;"En ce qui concerne Réseau, le défaut de géométrie de la voie constaté à Pierrefitte a perturbé fortement le plan de transport à partir du 23 mars, un défaut suite à une zone boueuse découverte, avec des retards de cinq minutes au maximum  pour un volet de deux à vingt-cinq trains par jour, une situation qui perdure aujourd’hui. Pour les autres dérangements, il s’agit de l’incident de Beuvraignes le 19 (zone au rouge), l’arrachement caténaire de Goussainville le 10, et le dérangement électrique de Roissy le 15 avec un nid de pies dans la caténaire (26 trains pour 1096 minutes). 
Le train 758101 du 26 mars à Pierrefitte arrêté sous la section de séparation(zone non alimentée en courant) est l’évènement marquant du secteur « Autres EF » et du mois , il a concerné 48 trains Voyages pour 3854 minutes perdues, et  en totalité  213 trains pour 11187 minutes. Le sectionneur incriminé a été réparé depuis…";26;5.463409338;13;4;19.71830986;28.16901408;25.35211268;18.30985915;5.633802817;2.816901408
2018-03;National;LILLE;PARIS NORD;63;638;22;;204;9.778022876;3.212121212;;196;18.64863946;6.53517316;"En ce qui concerne Réseau, le défaut de géométrie de la voie constaté à Pierrefitte a perturbé fortement le plan de transport à partir du 23 mars, un défaut suite à une zone boueuse découverte, avec des retards de cinq minutes au maximum  pour un volet de deux à vingt-cinq trains par jour, une situation qui perdure aujourd’hui. Pour les autres dérangements, il s’agit de l’incident de Beuvraignes le 19 (zone au rouge), l’arrachement caténaire de Goussainville le 10, et le dérangement électrique de Roissy le 15 avec un nid de pies dans la caténaire (26 trains pour 1096 minutes). 
Le train 758101 du 26 mars à Pierrefitte arrêté sous la section de séparation(zone non alimentée en courant) est l’évènement marquant du secteur « Autres EF » et du mois , il a concerné 48 trains Voyages pour 3854 minutes perdues, et  en totalité  213 trains pour 11187 minutes. Le sectionneur incriminé a été réparé depuis…";53;6.53517316;26;10;9.941520468;23.97660819;42.10526316;12.28070175;8.771929825;2.923976608
2018-03;National;PARIS MONTPARNASSE;ST MALO;154;102;2;;18;11.09722222;1.618666667;;11;34.69242424;4.524333333;;8;4.524333333;3;3;36.36363636;45.45454545;9.090909091;9.090909091;0.0;0.0
2018-03;National;TOURCOING;MARSEILLE ST CHARLES;309;31;0;;2;3.0;0.193548387;;3;31.88888889;4.148387097;;3;4.148387097;1;0;50.0;0.0;50.0;0.0;0.0;0.0
2018-03;National;LYON PART DIEU;PARIS LYON;120;664;11;;404;5.177681518;3.318836141;;56;23.8827381;2.210030628;;39;2.210030628;12;1;39.21568627;5.882352941;13.7254902;23.52941176;15.68627451;1.960784314
2018-03;International;GENEVE;PARIS LYON;194;229;3;;169;3.321893491;2.676769912;;21;31.8484127;3.684513274;;21;3.684513274;9;1;28.57142857;14.28571429;19.04761905;23.80952381;14.28571429;0.0
2018-03;National;PARIS MONTPARNASSE;LAVAL;84;218;4;;33;10.30959596;1.294937695;;31;18.99462366;3.931853583;;13;3.931853583;5;2;25.0;20.0;10.0;30.0;5.0;10.0
2018-03;National;PARIS NORD;DUNKERQUE;120;285;14;;65;18.20615385;4.234378844;;39;41.28205128;6.697416974;;28;6.697416974;19;7;30.76923077;17.94871795;15.38461538;33.33333333;2.564102564;0.0
2018-03;National;DUNKERQUE;PARIS NORD;116;255;9;;14;9.142857143;0.520325203;;46;27.19963768;7.155081301;;22;7.155081301;10;4;15.38461538;28.20512821;41.02564103;7.692307692;7.692307692;0.0
2018-03;National;PARIS LYON;GRENOBLE;181;259;5;;41;14.1300813;2.050524934;;37;35.75675676;7.994094488;;38;7.994094488;21;5;25.71428571;14.28571429;28.57142857;25.71428571;5.714285714;0.0
2018-03;National;PARIS MONTPARNASSE;BORDEAUX ST JEAN;144;760;27;;123;7.625880759;1.020031833;;80;23.09583333;2.415507049;;49;2.415507049;17;2;35.52631579;31.57894737;11.84210526;19.73684211;0.0;1.315789474
2018-03;International;PARIS LYON;GENEVE;194;203;3;;26;10.03269231;1.00425;;20;24.04583333;0.9825;;20;0.9825;4;0;25.0;15.0;35.0;10.0;15.0;0.0
2018-03;International;MADRID;MARSEILLE ST CHARLES;481;30;1;;7;2.571428571;0.24137931;;5;79.63333333;15.57643678;;5;15.57643678;4;3;20.0;20.0;60.0;0.0;0.0;0.0
2018-03;National;MARNE LA VALLEE;MARSEILLE ST CHARLES;217;331;7;;203;10.92627258;6.927469136;;52;42.96153846;8.680915638;Rail cassé vers St Louis les Aygalades.;52;8.680915638;25;8;21.27659574;23.40425532;25.53191489;23.40425532;4.255319149;2.127659574
2018-03;National;PARIS MONTPARNASSE;VANNES;151;270;5;;40;11.23625;1.28408805;;31;37.83870968;5.724528302;;20;5.724528302;13;5;25.80645161;16.12903226;16.12903226;22.58064516;6.451612903;12.90322581
2018-03;National;STRASBOURG;PARIS EST;112;505;13;;250;7.831733333;4.039092141;;81;29.80205761;5.754031165;;64;5.754031165;26;6;37.66233766;15.58441558;19.48051948;16.88311688;6.493506494;3.896103896
2018-03;National;PARIS LYON;MACON LOCHE;95;224;5;;26;13.78076923;1.4043379;;19;31.09649123;3.25304414;;12;3.25304414;5;2;42.85714286;0.0;7.142857143;50.0;0.0;0.0
2018-03;National;PARIS LYON;NICE VILLE;349;203;10;;26;10.58333333;1.12029361;;33;39.54242424;8.696545769;;33;8.696545769;19;4;38.70967742;22.58064516;12.90322581;25.80645161;0.0;0.0
2018-03;National;PARIS LYON;VALENCE ALIXAN TGV;130;325;7;;60;13.11916667;2.157180294;;37;30.68288288;4.141247379;;27;4.141247379;14;4;29.72972973;10.81081081;2.702702703;48.64864865;5.405405405;2.702702703
2018-03;National;ST MALO;PARIS MONTPARNASSE;156;92;1;;4;2.554166667;0.155494505;;8;24.41041667;4.114285714;;6;4.114285714;2;0;33.33333333;33.33333333;16.66666667;16.66666667;0.0;0.0
2018-03;National;BREST;PARIS MONTPARNASSE;224;266;6;;3;2.0;0.023076923;;11;31.19242424;3.705769231;;11;3.705769231;4;1;55.55555556;22.22222222;0.0;22.22222222;0.0;0.0
2018-03;National;CHAMBERY CHALLES LES EAUX;PARIS LYON;187;306;4;;178;12.2414794;7.166501104;;77;26.52337662;7.250220751;Chute de neige générant des décontrôles d’aiguilles vers Chambéry.;65;7.250220751;17;6;15.27777778;23.61111111;29.16666667;18.05555556;12.5;1.388888889
2018-03;National;TOULOUSE MATABIAU;PARIS MONTPARNASSE;257;183;4;;17;4.467647059;0.129422719;;29;37.90229885;8.020670391;;29;8.020670391;12;5;37.5;25.0;12.5;25.0;0.0;0.0
2018-03;National;TOULON;PARIS LYON;241;276;11;;110;9.316969697;4.023836478;;36;31.89953704;4.083647799;;36;4.083647799;16;1;29.41176471;32.35294118;20.58823529;14.70588235;0.0;2.941176471
2018-03;National;NANTES;PARIS MONTPARNASSE;128;517;13;;165;6.22969697;1.953373016;;69;26.13091787;5.163359788;;41;5.163359788;20;5;41.66666667;21.66666667;18.33333333;13.33333333;5.0;0.0
2018-03;National;METZ;PARIS EST;85;305;10;;119;7.944397759;3.214293785;;76;18.10635965;4.989943503;;36;4.989943503;12;1;26.47058824;14.70588235;32.35294118;16.17647059;7.352941176;2.941176471
2018-03;National;MACON LOCHE;PARIS LYON;99;217;2;;146;10.94783105;7.41875969;;36;30.21805556;5.377829457;;26;5.377829457;10;5;24.13793103;24.13793103;24.13793103;17.24137931;6.896551724;3.448275862
2018-03;National;PARIS LYON;MARSEILLE ST CHARLES;202;478;14;;50;14.133;1.206321839;;42;34.49325397;4.924425287;;42;4.924425287;22;3;28.57142857;30.95238095;11.9047619;26.19047619;2.380952381;0.0
2018-03;National;PARIS LYON;MULHOUSE VILLE;173;287;4;;44;11.58371212;1.522555948;;38;34.10614035;4.485924617;;27;4.485924617;12;5;40.54054054;8.108108108;18.91891892;24.32432432;5.405405405;2.702702703
2018-03;National;MULHOUSE VILLE;PARIS LYON;172;323;4;;97;9.271134021;2.799791014;;37;35.83828829;3.006739812;;25;3.006739812;13;7;36.11111111;11.11111111;19.44444444;16.66666667;13.88888889;2.777777778
2018-03;International;PARIS EST;STUTTGART;187;151;4;;41;14.26422764;4.024943311;;26;41.48397436;10.9654195;;26;10.9654195;11;4;38.46153846;3.846153846;0.0;46.15384615;7.692307692;3.846153846
2018-03;National;LAVAL;PARIS MONTPARNASSE;86;205;2;;68;6.038235294;2.065517241;;60;13.67888889;4.629638752;"Ce mois-ci, l'OD a été touchée par les incidents suivants :
le 1er : une limitation de la vitesse des trains sur la ligne à grande vitesse suite aux conditions climatiques (28 TGV pour un total de 605 minutes) ; 
le 6 : un dérangement des installations sur la ligne à grande vitesse Atlantique (23 TGV pour un total de 461 minutes)
le 13 : un dérangement de signalisation à Laval (7 TGV pour 82 minutes)
le 15 : un problème technique sur une rame sortant du chantier de Montrouge perturbe les entrées/sorties en gare de Paris Montparnasse (25 TGV retardés pour un total de 536 minutes) ;
le 20 : accident de personne sur la ligne à grande vitesse Atlantique (47 TGV retardés pour 3028 minutes) ;
le 27 : un dérangement des installations à Massy - en région parisienne - (34 TGV retardés pour 736 minutes).";18;4.629638752;5;1;28.125;21.875;18.75;12.5;12.5;6.25
2018-03;National;MARSEILLE ST CHARLES;TOURCOING;302;31;0;;3;5.205555556;0.160215054;;0;0.0;2.387096774;;0;2.387096774;0;0;0.0;0.0;0.0;0.0;0.0;0.0
2018-03;National;LYON PART DIEU;MARNE LA VALLEE;108;307;11;;224;10.58392857;8.106306306;;61;32.09125683;7.553772523;;45;7.553772523;23;10;20.0;14.0;12.0;38.0;8.0;8.0
2018-03;National;PARIS LYON;BESANCON FRANCHE COMTE TGV;128;199;5;;30;12.35;1.644415808;;24;30.53958333;4.95532646;;13;4.95532646;8;2;27.27272727;4.545454545;13.63636364;36.36363636;4.545454545;13.63636364
2018-03;International;STUTTGART;PARIS EST;189;152;3;;133;4.105889724;3.731879195;;24;31.94027778;7.234340045;;24;7.234340045;10;1;29.16666667;12.5;20.83333333;25.0;8.333333333;4.166666667
2018-03;National;PARIS MONTPARNASSE;LA ROCHELLE VILLE;166;225;4;;31;6.019892473;0.528431373;;19;26.05263158;2.791855204;;14;2.791855204;5;1;47.36842105;21.05263158;5.263157895;21.05263158;0.0;5.263157895
2018-03;National;PARIS MONTPARNASSE;RENNES;98;599;17;;85;10.47901961;1.194816724;;74;25.31081081;4.118556701;;33;4.118556701;18;7;27.77777778;22.22222222;18.51851852;24.07407407;7.407407407;0.0
2018-03;National;VALENCE ALIXAN TGV;PARIS LYON;132;285;9;;154;12.04978355;6.723007246;;41;36.10162602;4.548852657;;33;4.548852657;19;5;63.63636364;12.12121212;3.03030303;18.18181818;0.0;3.03030303
2018-03;National;PARIS LYON;ANNECY;226;196;5;;30;17.57333333;2.579842932;;32;41.171875;9.188481675;Accident de personne voie 1bis en sortie de Paris-Gare-de-Lyon.;32;9.188481675;11;5;20.68965517;24.13793103;31.03448276;24.13793103;0.0;0.0
2018-03;National;NIMES;PARIS LYON;176;343;8;;161;13.47639752;6.597761194;;53;41.35880503;5.944378109;Accident de personne voie 1bis en sortie de Paris-Gare-de-Lyon.;40;5.944378109;23;8;53.19148936;12.76595745;12.76595745;19.14893617;0.0;2.127659574
2018-03;National;LYON PART DIEU;RENNES;233;97;1;;63;8.685185185;5.788368056;;18;42.88888889;9.802083333;"Ce mois-ci, l'OD a été touchée par les incidents suivants :
le 1er : une limitation de la vitesse des trains sur les lignes à grande vitesse Atlantique  (28 TGV pour un total de 605 minutes) et Sud-Est suite aux conditions climatiques (7 TGV pour 136 minutes) ;
le 6 : dérangement des installations sur la ligne à grande vitesse Atlantique (23 TGV pour un total de 461 minutes)
le 18 : un souterrain inondé au niveau de Chemin d'Antony - en région parisienne - impacte les installations (7 TGV pour 93' perdues) ;
le 20 : un accident de personne sur la ligne à grande vitesse Atlantique (47 TGV retardés pour 3028 minutes) ;
le 27 : un dérangement des installations à Massy - en région parisienne - (34 TGV retardés pour 736 minutes) ;
le 30 : heurt d'un animal par un train sur la ligne à grande vitesse Sud-Est (près de Lyon (25 TGV retardés pour 1132 minutes).";18;9.802083333;8;5;23.52941176;11.76470588;5.882352941;58.82352941;0.0;0.0
2018-03;National;BORDEAUX ST JEAN;PARIS VAUGIRARD;144;60;0;;11;9.259090909;1.698888889;;4;66.22083333;3.420277778;"13/03: Divagation de bestiaux : Collision poste 58==> 182 minutes perdues
17/03: Attente/absence matériel roulant==> 49 Minutes perdues
18/03 : Soin matériel roulant au 7656 ==> 25 minutes de perdues";3;3.420277778;2;2;0.0;50.0;50.0;0.0;0.0;0.0
2018-03;National;MARNE LA VALLEE;LYON PART DIEU;109;361;13;;264;14.10656566;10.76532567;;66;43.5770202;8.888122605;La commande disjoncteur est HS sur le TGV 6104, à Solers.;57;8.888122605;31;17;20.0;12.0;14.0;36.0;14.0;4.0
2018-03;National;PARIS LYON;DIJON VILLE;98;443;11;;63;12.32619048;1.480169753;;28;27.47797619;1.552430556;;20;1.552430556;12;1;22.72727273;4.545454545;9.090909091;50.0;9.090909091;4.545454545
2018-03;National;PARIS LYON;LYON PART DIEU;119;646;15;;53;12.35974843;0.624432118;;38;27.12850877;1.390676175;;29;1.390676175;14;1;41.66666667;16.66666667;8.333333333;27.77777778;5.555555556;0.0
2018-03;International;ITALIE;PARIS LYON;452;94;1;;80;4.3375;3.801075269;;20;26.58916667;8.083154122;;20;8.083154122;5;1;10.0;30.0;25.0;30.0;0.0;5.0
2018-03;National;LILLE;LYON PART DIEU;190;308;11;;154;12.84231602;6.704040404;;56;45.35505952;9.245454545;;52;9.245454545;28;15;19.51219512;12.19512195;12.19512195;39.02439024;17.07317073;0.0
2018-03;National;PARIS VAUGIRARD;RENNES;122;29;0;;6;8.263888889;1.282758621;;2;12.0;0.655172414;;0;0.655172414;0;0;0.0;0.0;50.0;50.0;0.0;0.0
2018-03;International;PARIS LYON;LAUSANNE;224;149;1;;19;7.854385965;0.619481982;;12;35.95972222;4.754391892;;12;4.754391892;4;1;36.36363636;0.0;27.27272727;36.36363636;0.0;0.0
2018-03;National;RENNES;PARIS MONTPARNASSE;99;586;17;;173;5.703564547;1.731839484;;115;16.4357971;4.522231986;;41;4.522231986;12;3;30.43478261;27.53623188;11.5942029;18.84057971;7.246376812;4.347826087
2018-03;National;SAINT ETIENNE CHATEAUCREUX;PARIS LYON;168;114;2;;10;9.443333333;0.833928571;;9;26.60555556;2.615178571;;6;2.615178571;3;0;57.14285714;14.28571429;14.28571429;0.0;14.28571429;0.0
2018-03;National;GRENOBLE;PARIS LYON;183;251;5;;47;5.127659574;0.979674797;;31;30.45107527;4.521409214;;32;4.521409214;9;3;30.43478261;21.73913043;26.08695652;8.695652174;8.695652174;4.347826087
2018-03;National;ANGOULEME;PARIS MONTPARNASSE;125;273;13;;129;5.991085271;3.066666667;;44;25.2280303;6.447115385;;23;6.447115385;11;3;25.0;42.5;7.5;15.0;10.0;0.0
2018-03;National;PARIS MONTPARNASSE;NANTES;124;512;13;;61;8.246721311;0.691850367;;50;26.419;3.593987976;;29;3.593987976;11;4;32.55813953;27.90697674;16.27906977;20.93023256;2.325581395;0.0
2018-03;National;TOURS;PARIS MONTPARNASSE;75;194;5;;22;6.038636364;0.667901235;;32;20.73697917;4.074162257;;13;4.074162257;5;1;26.08695652;30.43478261;13.04347826;26.08695652;4.347826087;0.0
2018-03;National;DOUAI;PARIS NORD;77;212;8;;27;4.628395062;0.841911765;;63;17.11031746;6.294035948;"En ce qui concerne Réseau, le défaut de géométrie de la voie constaté à Pierrefitte a perturbé fortement le plan de transport à partir du 23 mars, un défaut suite à une zone boueuse découverte, avec des retards de cinq minutes au maximum  pour un volet de deux à vingt-cinq trains par jour, une situation qui perdure aujourd’hui. Pour les autres dérangements, il s’agit de l’incident de Beuvraignes le 19 (zone au rouge), l’arrachement caténaire de Goussainville le 10, et le dérangement électrique de Roissy le 15 avec un nid de pies dans la caténaire (26 trains pour 1096 minutes). 
Le train 758101 du 26 mars à Pierrefitte arrêté sous la section de séparation(zone non alimentée en courant) est l’évènement marquant du secteur « Autres EF » et du mois , il a concerné 48 trains Voyages pour 3854 minutes perdues, et  en totalité  213 trains pour 11187 minutes. Le sectionneur incriminé a été réparé depuis…";13;6.294035948;6;3;3.773584906;39.62264151;47.16981132;3.773584906;5.660377358;0.0
2018-03;National;RENNES;PARIS VAUGIRARD;111;31;0;;4;16.0;2.064516129;;1;56.0;2.370967742;;1;2.370967742;1;0;100.0;0.0;0.0;0.0;0.0;0.0
2018-03;National;ANNECY;PARIS LYON;224;200;4;;23;10.47826087;1.232142857;;39;27.9534188;6.975340136;;39;6.975340136;9;3;27.27272727;27.27272727;15.15151515;21.21212121;9.090909091;0.0
2018-03;National;PARIS LYON;CHAMBERY CHALLES LES EAUX;187;271;3;;44;15.30909091;2.233955224;;40;35.42041667;6.029228856;;33;6.029228856;18;5;13.15789474;10.52631579;39.47368421;34.21052632;2.631578947;0.0
2018-03;National;PARIS LYON;LE CREUSOT MONTCEAU MONTCHANIN;78;208;0;;15;15.07111111;0.699519231;;34;13.97254902;3.371474359;;10;3.371474359;5;0;33.33333333;4.761904762;33.33333333;23.80952381;4.761904762;0.0
2018-03;National;PERPIGNAN;PARIS LYON;305;163;1;;63;8.189417989;3.216769547;;23;59.96304348;8.470884774;Accident de personne voie 1bis en sortie de Paris-Gare-de-Lyon.;23;8.470884774;14;7;57.14285714;14.28571429;14.28571429;14.28571429;0.0;0.0
2018-03;International;ZURICH;PARIS LYON;247;138;1;;69;2.909661836;1.863868613;;8;55.46458333;1.560340633;;8;1.560340633;5;4;37.5;12.5;25.0;0.0;25.0;0.0
2018-03;International;PARIS LYON;BARCELONA;387;61;0;;20;12.05916667;3.607923497;;13;55.30769231;14.32786885;;13;14.32786885;9;5;38.46153846;23.07692308;15.38461538;23.07692308;0.0;0.0
2018-03;International;PARIS LYON;ZURICH;259;152;1;;23;12.96014493;1.677262693;;22;37.63863636;7.15584989;;22;7.15584989;12;3;22.72727273;13.63636364;40.90909091;13.63636364;4.545454545;4.545454545
2018-03;National;PARIS EST;STRASBOURG;111;493;20;;112;12.22886905;2.852043693;;74;31.41013514;5.185835095;;54;5.185835095;23;6;38.35616438;1.369863014;5.479452055;42.46575342;8.219178082;4.109589041
2018-03;National;NANCY;PARIS EST;93;305;11;;68;9.988970588;2.379251701;;40;31.37125;4.507596372;;22;4.507596372;10;7;45.71428571;22.85714286;20.0;11.42857143;0.0;0.0
2018-03;National;BORDEAUX ST JEAN;TOURCOING;301;30;0;;15;4.124444444;2.096666667;;4;42.5;8.133333333;"12/03 : accident de personne à SP ==> 113 minutes perdues
7/03 : Soin Matériel Roulant ==> 37 Minutes perdues
4/03: Dérangement d'installation==> 5 minutes perdues";4;8.133333333;2;1;33.33333333;33.33333333;0.0;33.33333333;0.0;0.0
2018-03;National;BELLEGARDE (AIN);PARIS LYON;162;254;3;;100;7.974;3.201527224;;35;28.35904762;4.097144754;;25;4.097144754;13;1;21.21212121;15.15151515;33.33333333;18.18181818;12.12121212;0.0
2018-03;National;PARIS LYON;SAINT ETIENNE CHATEAUCREUX;168;118;4;;10;10.035;0.364766082;;12;27.22083333;4.703070175;;8;4.703070175;5;0;25.0;8.333333333;25.0;8.333333333;33.33333333;0.0
2018-03;National;PARIS MONTPARNASSE;LE MANS;54;444;7;;57;9.247660819;0.850915332;;49;24.71904762;3.144927536;;23;3.144927536;9;4;28.125;25.0;18.75;21.875;3.125;3.125
2018-03;National;PARIS MONTPARNASSE;QUIMPER;220;265;5;;40;11.23625;1.322435897;;19;57.36842105;5.469230769;"Ce mois-ci, l'OD a été touchée par les incidents suivants :
le 1er : une limitation de la vitesse des trains sur la ligne à grande vitesse suite aux conditions climatiques (28 TGV pour un total de 605 minutes) ; 
le 6 : un dérangement des installations sur la ligne à grande vitesse Atlantique (23 TGV pour un total de 461 minutes) ;
le 15 : un problème technique sur une rame sortant du chantier de Montrouge perturbe les entrées/sorties en gare de Paris Montparnasse (25 TGV retardés pour un total de 536 minutes);le 20 : accident de personne sur la ligne à grande vitesse Atlantique (47 TGV retardés pour 3028 minutes) ;
le 20 : un accident de personne sur la ligne à grande vitesse Atlantique (47 TGV retardés pour 3028 minutes) ; 
le 27 : un dérangement des installations à Massy - en région parisienne - (34 TGV retardés pour 736 minutes)";19;5.469230769;14;6;22.22222222;27.77777778;16.66666667;33.33333333;0.0;0.0
2018-03;National;PARIS EST;METZ;84;311;13;;68;13.03137255;2.922651007;;46;21.56956522;3.574161074;;28;3.574161074;7;3;38.0952381;0.0;7.142857143;40.47619048;11.9047619;2.380952381
2018-03;National;REIMS;PARIS EST;46;221;5;;42;5.412698413;1.156018519;;36;10.88009259;2.482638889;;9;2.482638889;0;0;30.76923077;23.07692308;26.92307692;7.692307692;3.846153846;7.692307692
2018-03;National;STRASBOURG;NANTES;287;32;1;;8;15.14166667;3.853763441;;5;42.63333333;7.455913978;;5;7.455913978;3;0;60.0;0.0;20.0;20.0;0.0;0.0
2018-03;National;NANTES;PARIS VAUGIRARD;142;61;0;;8;4.689583333;0.221857923;;7;31.24047619;3.916939891;;4;3.916939891;3;1;42.85714286;42.85714286;0.0;14.28571429;0.0;0.0
2018-03;National;PARIS LYON;BELLEGARDE (AIN);160;226;3;;27;10.7154321;0.978998505;;38;21.34736842;5.62877429;;22;5.62877429;10;0;15.78947368;15.78947368;42.10526316;13.15789474;10.52631579;2.631578947
2018-03;National;PARIS NORD;DOUAI;74;213;8;;47;12.81382979;2.840813008;;39;21.23034188;3.517642276;;13;3.517642276;7;3;30.76923077;12.82051282;30.76923077;17.94871795;7.692307692;0.0
2018-03;International;BARCELONA;PARIS LYON;390;58;0;;23;1.347826087;0.534482759;;9;47.68148148;6.961206897;;9;6.961206897;4;3;75.0;12.5;12.5;0.0;0.0;0.0
2018-03;National;ANGERS SAINT LAUD;PARIS MONTPARNASSE;91;389;6;;166;6.175903614;2.820844212;;70;19.95333333;4.64408181;;30;4.64408181;14;3;40.0;22.22222222;15.55555556;15.55555556;6.666666667;0.0
2018-03;National;TOURCOING;BORDEAUX ST JEAN;286;30;0;;1;1.0;0.033333333;;6;27.05;5.870555556;;6;5.870555556;2;0;16.66666667;33.33333333;50.0;0.0;0.0;0.0
2018-03;National;LE CREUSOT MONTCEAU MONTCHANIN;PARIS LYON;81;225;1;;136;7.114583333;4.293526786;;38;16.05921053;1.842857143;;16;1.842857143;4;0;31.03448276;3.448275862;24.13793103;13.79310345;13.79310345;13.79310345
2018-03;National;PARIS LYON;TOULON;239;235;12;;27;10.30987654;0.939686099;;47;32.07163121;9.975411061;;47;9.975411061;22;5;15.90909091;25.0;27.27272727;27.27272727;0.0;4.545454545
2018-03;National;MONTPELLIER;LYON PART DIEU;112;286;14;;83;10.49558233;3.318443627;;45;29.86888889;7.485355392;;32;7.485355392;9;5;31.42857143;28.57142857;14.28571429;22.85714286;0.0;2.857142857
2018-03;National;AVIGNON TGV;PARIS LYON;159;529;13;;150;10.53266667;2.875839793;;83;26.68935743;4.438662791;;58;4.438662791;21;4;25.0;16.25;30.0;23.75;2.5;2.5
2018-03;National;MARSEILLE ST CHARLES;LYON PART DIEU;106;566;18;;140;8.489404762;2.196259124;;72;26.06134259;5.316119221;;47;5.316119221;17;6;19.40298507;10.44776119;22.3880597;32.8358209;5.970149254;8.955223881
2018-03;International;MARSEILLE ST CHARLES;MADRID;464;31;1;;8;2.222916667;0.743888889;;1;190.0;4.266666667;;1;4.266666667;1;1;0.0;0.0;0.0;0.0;0.0;0.0
2018-03;National;MARSEILLE ST CHARLES;MARNE LA VALLEE;214;313;5;;67;8.336318408;1.719209957;;38;37.54912281;5.281385281;;38;5.281385281;19;8;25.0;16.66666667;11.11111111;36.11111111;8.333333333;2.777777778
2018-03;National;PARIS MONTPARNASSE;ANGOULEME;126;238;7;;36;8.500462963;1.027200577;;37;24.95315315;5.907792208;;21;5.907792208;10;2;25.0;36.11111111;16.66666667;13.88888889;0.0;8.333333333
2018-03;National;LE MANS;PARIS MONTPARNASSE;56;406;7;;196;5.86122449;3.012614871;;97;14.40017182;4.038137009;"Ce mois-ci, l'OD a été touchée par les incidents suivants :
le 1er : une limitation de la vitesse des trains sur la ligne à grande vitesse suite aux conditions climatiques (28 TGV pour un total de 605 minutes) ; 
le 6 : un dérangement des installations sur la ligne à grande vitesse Atlantique (23 TGV pour un total de 461 minutes) ;
le 14 : un accident de personne à Voivres - 15km du Mans- (17 TGV retardés pour un total de 174 minutes) ;
le 15 : un problème technique sur une rame sortant du chantier de Montrouge perturbe les entrées/sorties en gare de Paris Montparnasse (25 TGV retardés pour un total de 536 minutes);
le 20 : un accident de personne sur la ligne à grande vitesse Atlantique (47 TGV retardés pour 3028 minutes) ;
le 27 : un dérangement des installations à Massy - en région parisienne - (34 TGV retardés pour 736 minutes) ;";30;4.038137009;7;1;27.11864407;27.11864407;15.25423729;13.55932203;13.55932203;3.389830508
2018-03;National;PARIS LYON;MONTPELLIER;209;296;7;;55;14.07363636;2.367589389;;33;43.68080808;4.470069204;Accident de personne voie 1bis en sortie de Paris-Gare-de-Lyon.;33;4.470069204;21;9;40.625;21.875;3.125;28.125;3.125;3.125
2018-03;International;PARIS EST;FRANCFORT;221;86;2;;15;11.05555556;1.965674603;;36;46.74722222;23.10337302;;36;23.10337302;15;6;25.0;27.77777778;36.11111111;8.333333333;0.0;2.777777778
2018-03;National;PARIS MONTPARNASSE;ANGERS SAINT LAUD;90;386;6;;44;9.220833333;0.670438596;;49;23.55;4.425570175;;23;4.425570175;9;4;34.28571429;20.0;17.14285714;20.0;5.714285714;2.857142857
2018-03;National;PARIS MONTPARNASSE;POITIERS;93;507;14;;72;7.071990741;0.696450304;;56;16.84613095;3.224036511;;30;3.224036511;9;2;35.8974359;25.64102564;12.82051282;25.64102564;0.0;0.0
2018-03;National;PARIS MONTPARNASSE;TOULOUSE MATABIAU;257;179;4;;41;8.367479675;1.762761905;;20;27.9525;4.24752381;;20;4.24752381;5;1;45.0;35.0;0.0;20.0;0.0;0.0
2018-03;National;PARIS NORD;LILLE;67;637;25;;135;16.28975309;3.58496732;;130;24.38089744;5.750245098;"En ce qui concerne Réseau, le défaut de géométrie de la voie constaté à Pierrefitte a perturbé fortement le plan de transport à partir du 23 mars, un défaut suite à une zone boueuse découverte, avec des retards de cinq minutes au maximum  pour un volet de deux à vingt-cinq trains par jour, une situation qui perdure aujourd’hui. Pour les autres dérangements, il s’agit de l’incident de Beuvraignes le 19 (zone au rouge), l’arrachement caténaire de Goussainville le 10, et le dérangement électrique de Roissy le 15 avec un nid de pies dans la caténaire (26 trains pour 1096 minutes). 
Le train 758101 du 26 mars à Pierrefitte arrêté sous la section de séparation(zone non alimentée en courant) est l’évènement marquant du secteur « Autres EF » et du mois , il a concerné 48 trains Voyages pour 3854 minutes perdues, et  en totalité  213 trains pour 11187 minutes. Le sectionneur incriminé a été réparé depuis…";54;5.750245098;26;9;21.42857143;22.22222222;25.3968254;23.01587302;7.142857143;0.793650794
2018-03;National;DIJON VILLE;PARIS LYON;100;451;8;;262;9.218638677;5.545221971;;45;36.38962963;3.589917231;;33;3.589917231;18;8;38.63636364;15.90909091;22.72727273;18.18181818;2.272727273;2.272727273
2018-03;National;PARIS LYON;NIMES;177;299;7;;56;13.85267857;2.345319635;;37;31.58918919;4.740696347;;28;4.740696347;15;5;32.43243243;10.81081081;2.702702703;45.94594595;5.405405405;2.702702703
2018-03;International;FRANCFORT;PARIS EST;168;86;2;;52;7.247115385;4.619246032;;30;29.46888889;12.72876984;;23;12.72876984;9;3;46.66666667;13.33333333;16.66666667;16.66666667;3.333333333;3.333333333
2018-03;National;LA ROCHELLE VILLE;PARIS MONTPARNASSE;165;221;5;;11;3.363636364;0.171296296;;26;23.66025641;5.073611111;;13;5.073611111;7;2;20.0;44.0;16.0;4.0;16.0;0.0
2018-03;National;POITIERS;PARIS MONTPARNASSE;94;469;18;;203;6.85410509;3.029046563;;89;15.80786517;5.170583888;;35;5.170583888;15;3;22.95081967;39.3442623;13.1147541;16.39344262;6.557377049;1.639344262
2018-03;National;ST PIERRE DES CORPS;PARIS MONTPARNASSE;62;416;13;;172;7.162984496;3.158105873;;101;16.92607261;4.886683209;"Ce mois-ci, l'OD a été touchée par les incidents suivants :
le 1er : une limitation de la vitesse des trains sur la ligne à grande vitesse suite aux conditions climatiques (28 TGV pour un total de 605 minutes) ; 
le 6 : dérangement des installations sur la ligne à grande vitesse Atlantique (23 TGV pour un total de 461 minutes)
le 12 : un accident de personne en sortie de la gare de St Pierre-des-Corps (18 TGV pour un total de 945 minutes) ;
le 15 : un problème technique sur une rame sortant du chantier de Montrouge perturbe les entrées/sorties en gare de Paris Montparnasse (25 TGV retardés pour un total de 536 minutes)
le 20 : un accident de personne sur la ligne à grande vitesse Atlantique (47 TGV retardés pour 3028 minutes) ;
le 27 : un dérangement des installations à Massy - en région parisienne - (34 TGV retardés pour 736 minutes)";30;4.886683209;13;3;26.78571429;25.0;14.28571429;23.21428571;8.928571429;1.785714286
2018-03;National;PARIS LYON;AIX EN PROVENCE TGV;186;430;9;;47;13.22340426;1.177790974;;37;36.11171171;4.212470309;;36;4.212470309;23;3;30.55555556;16.66666667;19.44444444;27.77777778;5.555555556;0.0
2018-03;National;LYON PART DIEU;MARSEILLE ST CHARLES;107;556;15;;262;13.35903308;6.606962415;;126;33.82539683;8.870640789;Accident de personne voie 1bis en sortie de Paris-Gare-de-Lyon.;92;8.870640789;43;17;20.51282051;23.93162393;28.20512821;21.36752137;1.709401709;4.273504274
2018-04;International;PARIS LYON;ZURICH;242;143;42;;25;10.72266667;2.375412541;;15;26.87666667;5.082013201;;12;5.082013201;4;1;50.0;10.0;20.0;10.0;10.0;0.0
2018-04;National;PARIS MONTPARNASSE;RENNES;97;651;251;;65;8.657948718;1.07375;;68;18.97058824;3.845;;30;3.845;10;1;32.14285714;42.85714286;7.142857143;12.5;1.785714286;3.571428571
2018-04;National;LYON PART DIEU;PARIS LYON;120;658;152;;277;6.417990373;3.592555995;;47;32.47375887;2.900131752;;28;2.900131752;16;5;47.72727273;15.90909091;6.818181818;13.63636364;6.818181818;9.090909091
2018-04;International;ITALIE;PARIS LYON;407;92;39;;46;5.032608696;4.386792453;;26;42.03269231;22.62264151;;26;22.62264151;9;4;30.0;20.0;25.0;15.0;5.0;5.0
2018-04;National;POITIERS;PARIS MONTPARNASSE;93;434;142;;133;7.419799499;3.265696347;;53;18.9663522;5.900570776;;29;5.900570776;12;5;18.91891892;37.83783784;29.72972973;8.108108108;2.702702703;2.702702703
2018-04;National;PARIS MONTPARNASSE;QUIMPER;220;245;81;;41;7.836585366;1.57398374;;23;35.43478261;6.74695122;;23;6.74695122;10;2;36.36363636;40.90909091;0.0;18.18181818;0.0;4.545454545
2018-04;National;TOULON;PARIS LYON;239;342;134;;83;9.646987952;3.948237179;;21;44.87301587;4.394310897;;21;4.394310897;14;5;28.57142857;19.04761905;23.80952381;14.28571429;4.761904762;9.523809524
2018-04;International;MADRID;MARSEILLE ST CHARLES;481;24;17;;3;1.0;0.285714286;;1;73.16666667;12.33571429;;1;12.33571429;1;1;0.0;0.0;0.0;100.0;0.0;0.0
2018-04;National;PARIS MONTPARNASSE;TOULOUSE MATABIAU;257;148;42;;29;10.01896552;2.521698113;;15;36.00333333;7.40172956;;15;7.40172956;8;1;38.46153846;15.38461538;0.0;30.76923077;7.692307692;7.692307692
2018-04;National;PARIS NORD;DOUAI;72;186;67;;27;16.39320988;3.683893557;;20;31.8975;5.218907563;;15;5.218907563;8;2;15.0;20.0;25.0;30.0;10.0;0.0
2018-04;National;PARIS NORD;LILLE;67;650;222;;115;10.28652174;2.804205607;;97;17.23075601;4.223870717;;36;4.223870717;14;5;19.31818182;21.59090909;23.86363636;21.59090909;10.22727273;3.409090909
2018-04;National;PARIS MONTPARNASSE;ST MALO;156;96;31;;9;6.561111111;0.586410256;;47;22.36843972;17.22641026;"Ce mois-ci, l'OD a été touchée par la grève (12 journées sur le mois) ainsi que  par les incidents suivants :
- du 10 au 16 : un défaut de nivellement de la voie à Pontchaillou - ligne Rennes/St Malo -  a nécessité une réduction de la vitesse trains (34 TGV retardés pour un total de 785 minutes perdues);
- le 5 : un dérangement des installations  (23 TGV pour 387 minutes perdues) et le heurt d'un blaireau sur la  ligne à grande vitesse Atlantique (11 TGV pour 322 minutes perdues)  ;
- le 6 : un dérangement des installations sur la Ligne à Grande Vitesse Atlantique (16 TGV retardés pour 295 minutes perdues) et l'évacuation de la gare de Rennes suite à l'incendie d'un camion à proximité (8 TGV retardés pour 229 minutes perdues) ;
- le 16 : défaillance d'un Transilien entraînant une absence d'alimentation électrique en région parisienne (25 TGV  pour 493 minutes perdues) ;
- le 27 : heurt d'un chevreuil par un TGV sur la ligne à grande vitesse Atlantique (33 TGV poru un total de  1163 minutes perdues) et un incident caténaire en sortie de Paris Montparnasse (32 TGV retardés pour un total de 410 minutes perdues) 
- le 30 : présence d'une personne dans les voies en sortie de Paris Montparnasse (36 TGV pour un total 380 minutes perdues)";30;17.22641026;9;1;2.941176471;82.35294118;2.941176471;5.882352941;5.882352941;0.0
2018-04;National;PARIS LYON;AIX EN PROVENCE TGV;187;461;134;;41;18.1101626;1.917074414;;37;36.59774775;4.954689093;;35;4.954689093;16;7;16.21621622;8.108108108;13.51351351;45.94594595;16.21621622;0.0
2018-04;National;PARIS LYON;NICE VILLE;350;253;100;;37;13.70630631;3.041394336;;21;40.5;6.577559913;Heurt d'une personne par le TGV 9773, vers Maisons-Alfort.;21;6.577559913;11;3;19.04761905;9.523809524;33.33333333;38.0952381;0.0;0.0
2018-04;National;PARIS MONTPARNASSE;TOURS;72;171;33;;24;7.888194444;0.931642512;;34;12.01127451;3.849637681;;10;3.849637681;2;0;38.0952381;28.57142857;14.28571429;9.523809524;9.523809524;0.0
2018-04;National;RENNES;PARIS MONTPARNASSE;98;687;258;;206;10.49587379;5.041414141;;133;21.14511278;7.672455322;;59;7.672455322;20;5;29.47368421;32.63157895;16.84210526;10.52631579;4.210526316;6.315789474
2018-04;National;PARIS MONTPARNASSE;ANGOULEME;126;210;64;;18;6.702777778;0.547146119;;23;18.14710145;4.4;;11;4.4;3;0;21.73913043;13.04347826;17.39130435;26.08695652;13.04347826;8.695652174
2018-04;National;TOURS;PARIS MONTPARNASSE;75;174;36;;18;8.756481481;1.016666667;;46;14.07826087;5.165942029;"Ce mois-ci, l'OD a été touchée par la grève (12 journées sur le mois) ainsi que  par les incidents suivants :
- le 5 : un dérangement des installations  (23 TGV pour 387 minutes perdues) et le heurt d'un blaireau sur la  ligne à grande vitesse Atlantique (11 TGV pour 322 minutes perdues)  ;
- le 6 : un dérangement des installations sur la Ligne à Grande Vitesse Atlantique (16 TGV retardés pour 295 minutes perdues)  ;
- le 16 : défaillance d'un Transilien entraînant une absence d'alimentation électrique en région parisienne (25 TGV  pour 493 minutes perdues) ;
- le 27 : heurt d'un chevreuil par un TGV sur la ligne à grande vitesse Atlantique (33 TGV poru un total de  1163 minutes perdues) et un incident caténaire en sortie de Paris Montparnasse (32 TGV retardés pour un total de 410 minutes perdues) 
- le 30 : présence d'une personne dans les voies en sortie de Paris Montparnasse (36 TGV pour un total 380 minutes perdues)";12;5.165942029;5;1;33.33333333;20.83333333;25.0;20.83333333;0.0;0.0
2018-04;National;BORDEAUX ST JEAN;PARIS MONTPARNASSE;141;841;279;;200;9.49825;3.302906287;;109;25.85978593;6.522419929;;79;6.522419929;29;5;40.2173913;18.47826087;18.47826087;14.13043478;6.52173913;2.173913043
2018-04;National;TOULOUSE MATABIAU;PARIS MONTPARNASSE;259;150;42;;16;6.747916667;0.604475309;;17;23.79705882;5.863888889;;17;5.863888889;3;0;42.85714286;7.142857143;14.28571429;28.57142857;7.142857143;0.0
2018-04;International;STUTTGART;PARIS EST;171;143;15;;114;5.817982456;5.210416667;;21;30.20079365;6.909765625;;19;6.909765625;7;1;12.5;25.0;12.5;25.0;6.25;18.75
2018-04;National;LILLE;PARIS NORD;63;616;195;;121;6.699724518;1.931591449;;103;12.55598706;3.813064133;;26;3.804028436;6;0;14.13043478;29.34782609;30.43478261;17.39130435;6.52173913;2.173913043
2018-04;National;TOURCOING;BORDEAUX ST JEAN;284;27;10;;3;3.0;0.529411765;;4;24.75833333;6.503921569;;4;6.503921569;1;0;0.0;25.0;75.0;0.0;0.0;0.0
2018-04;National;PARIS MONTPARNASSE;BORDEAUX ST JEAN;142;756;251;;91;9.065567766;1.371749175;;57;24.51461988;2.377623762;;37;2.377623762;15;3;43.63636364;12.72727273;7.272727273;29.09090909;5.454545455;1.818181818
2018-04;National;PARIS EST;NANCY;95;322;95;;46;11.11376812;2.230690162;;17;22.76568627;2.059618209;;14;2.059618209;6;1;11.76470588;17.64705882;17.64705882;17.64705882;29.41176471;5.882352941
2018-04;National;PARIS VAUGIRARD;RENNES;122;20;0;;3;12.75;1.31;;1;29.0;1.7;;1;1.7;0;0;0.0;0.0;0.0;100.0;0.0;0.0
2018-04;National;ANNECY;PARIS LYON;224;191;72;;12;8.166666667;0.823529412;;29;38.05747126;9.976610644;;29;9.976610644;10;4;38.0952381;33.33333333;14.28571429;9.523809524;4.761904762;0.0
2018-04;National;MULHOUSE VILLE;PARIS LYON;173;329;111;;98;7.273809524;3.287691131;;28;24.36011905;2.316284404;;19;2.316284404;6;2;40.0;10.0;20.0;20.0;5.0;5.0
2018-04;National;PARIS LYON;PERPIGNAN;307;186;89;;27;20.29074074;5.365635739;;25;36.07;11.48487973;;25;11.48487973;11;2;21.73913043;21.73913043;17.39130435;26.08695652;13.04347826;0.0
2018-04;International;PARIS LYON;GENEVE;190;192;68;;20;11.57;1.627284946;;15;42.89;4.420430108;;14;4.420430108;6;2;60.0;10.0;0.0;30.0;0.0;0.0
2018-04;National;ANGOULEME;PARIS MONTPARNASSE;125;246;75;;90;7.136296296;3.829824561;;38;28.03859649;8.056432749;;24;8.056432749;11;4;32.43243243;21.62162162;24.32432432;10.81081081;2.702702703;8.108108108
2018-04;National;LYON PART DIEU;RENNES;232;95;40;;36;10.49907407;6.971818182;;14;34.71428571;11.2;;14;11.2;7;2;16.66666667;33.33333333;16.66666667;16.66666667;8.333333333;8.333333333
2018-04;National;PARIS MONTPARNASSE;ST PIERRE DES CORPS;61;396;129;;46;7.04057971;0.843071161;;53;11.1918239;3.010736579;;11;3.010736579;1;0;34.375;25.0;12.5;15.625;12.5;0.0
2018-04;National;LILLE;MARSEILLE ST CHARLES;307;187;60;;37;5.563063063;1.685433071;;23;32.31304348;7.877427822;;23;7.877427822;8;2;18.18181818;31.81818182;13.63636364;22.72727273;9.090909091;4.545454545
2018-04;National;MACON LOCHE;PARIS LYON;100;227;66;;111;18.94144144;13.06635611;;46;39.55942029;11.1320911;Heurt d'une personne par le TGV 9773, vers Maisons-Alfort.;37;11.1320911;12;7;25.71428571;11.42857143;34.28571429;17.14285714;8.571428571;2.857142857
2018-04;National;MARSEILLE ST CHARLES;PARIS LYON;202;447;124;;84;11.28988095;2.823529412;;28;39.2827381;3.779308566;;28;3.779308566;14;5;36.0;12.0;28.0;20.0;4.0;0.0
2018-04;International;PARIS EST;STUTTGART;168;147;15;;43;12.38527132;4.029166667;;19;38.93684211;7.937752525;;19;7.937752525;10;3;5.882352941;11.76470588;5.882352941;58.82352941;17.64705882;0.0
2018-04;National;NICE VILLE;PARIS LYON;345;262;103;;57;6.64122807;2.450838574;;17;46.87058824;4.971593291;Absence d’alimentation sur LGV au niveau d’Aix-en-Provence.;17;4.971593291;12;4;23.52941176;17.64705882;23.52941176;17.64705882;5.882352941;11.76470588
2018-04;International;PARIS LYON;LAUSANNE;213;146;47;;18;17.96111111;2.967508418;;18;42.84074074;10.23249158;;16;10.23249158;9;2;16.66666667;16.66666667;16.66666667;41.66666667;8.333333333;0.0
2018-04;National;PARIS MONTPARNASSE;POITIERS;92;464;155;;51;6.27875817;0.735814455;;37;16.59774775;3.179449838;;16;3.179449838;6;0;37.03703704;33.33333333;7.407407407;14.81481481;3.703703704;3.703703704
2018-04;National;PARIS LYON;TOULON;240;329;139;;42;12.86626984;2.56122807;;28;39.05714286;5.729649123;;28;5.729649123;15;4;21.42857143;3.571428571;28.57142857;39.28571429;7.142857143;0.0
2018-04;National;PARIS LYON;VALENCE ALIXAN TGV;130;415;178;;48;16.41215278;3.01230661;;27;31.21111111;3.948101266;;22;3.948101266;8;1;18.51851852;7.407407407;11.11111111;48.14814815;14.81481481;0.0
2018-04;National;ST MALO;PARIS MONTPARNASSE;159;81;24;;11;3.584848485;-2.158187135;;17;19.01372549;7.208479532;"Ce mois-ci, l'OD a été touchée par la grève (12 journées sur le mois) ainsi que  par les incidents suivants :
- du 10 au 16 : un défaut de nivellement de la voie à Pontchaillou - ligne Rennes/St Malo -  a nécessité une réduction de la vitesse trains (34 TGV retardés pour un total de 785 minutes perdues);
- le 5 : un dérangement des installations  (23 TGV pour 387 minutes perdues) et le heurt d'un blaireau sur la  ligne à grande vitesse Atlantique (11 TGV pour 322 minutes perdues)  ;
- le 6 : un dérangement des installations sur la Ligne à Grande Vitesse Atlantique (16 TGV retardés pour 295 minutes perdues) et l'évacuation de la gare de Rennes suite à l'incendie d'un camion à proximité (8 TGV retardés pour 229 minutes perdues) ;
- le 16 : défaillance d'un Transilien entraînant une absence d'alimentation électrique en région parisienne (25 TGV  pour 493 minutes perdues) ;
- le 27 : heurt d'un chevreuil par un TGV sur la ligne à grande vitesse Atlantique (33 TGV poru un total de  1163 minutes perdues) et un incident caténaire en sortie de Paris Montparnasse (32 TGV retardés pour un total de 410 minutes perdues) 
- le 30 : présence d'une personne dans les voies en sortie de Paris Montparnasse (36 TGV pour un total 380 minutes perdues)";9;7.208479532;1;0;17.64705882;64.70588235;5.882352941;11.76470588;0.0;0.0
2018-04;National;MARSEILLE ST CHARLES;TOURCOING;301;25;7;;0;0.0;-0.37037037;;0;0.0;2.5;;0;2.5;0;0;0.0;0.0;0.0;0.0;0.0;0.0
2018-04;International;FRANCFORT;PARIS EST;184;167;33;;66;6.173737374;3.104975124;;24;23.41388889;6.698631841;;16;6.698631841;7;0;14.28571429;35.71428571;14.28571429;14.28571429;14.28571429;7.142857143
2018-04;International;PARIS EST;FRANCFORT;193;168;34;;23;14.07101449;2.396393035;;22;36.30454545;9.169402985;;21;9.169402985;11;2;5.555555556;16.66666667;16.66666667;50.0;11.11111111;0.0
2018-04;National;ANGERS SAINT LAUD;PARIS MONTPARNASSE;90;403;112;;139;6.567266187;3.247021764;;74;16.20788288;5.217296678;;31;5.217296678;6;1;35.71428571;17.85714286;12.5;21.42857143;7.142857143;5.357142857
2018-04;National;STRASBOURG;NANTES;287;53;28;;4;4.883333333;0.726;;3;30.54444444;4.167333333;;3;4.167333333;1;0;33.33333333;33.33333333;0.0;33.33333333;0.0;0.0
2018-04;National;PERPIGNAN;PARIS LYON;304;186;86;;50;14.40266667;7.257166667;;24;35.37916667;9.107833333;;24;9.107833333;7;5;33.33333333;27.77777778;11.11111111;22.22222222;0.0;5.555555556
2018-04;National;NANTES;PARIS MONTPARNASSE;129;522;155;;136;5.413602941;1.899954587;;51;21.40947712;4.974477748;;34;4.974477748;6;1;27.65957447;21.27659574;23.40425532;19.14893617;4.255319149;4.255319149
2018-04;National;REIMS;PARIS EST;46;224;54;;31;7.362365591;1.451960784;;23;20.83043478;3.490588235;;6;3.490588235;1;1;5.555555556;16.66666667;16.66666667;27.77777778;22.22222222;11.11111111
2018-04;National;GRENOBLE;PARIS LYON;183;235;81;;13;3.0;0.253246753;;15;30.28555556;3.233008658;;15;3.233008658;7;3;27.27272727;36.36363636;18.18181818;0.0;0.0;18.18181818
2018-04;National;MARNE LA VALLEE;LYON PART DIEU;109;369;126;;152;8.537609649;5.45877915;;30;21.76166667;2.698765432;;23;2.698765432;5;0;12.5;25.0;20.83333333;20.83333333;12.5;8.333333333
2018-04;National;PARIS MONTPARNASSE;BREST;219;257;89;;33;7.094444444;1.008730159;;24;54.58333333;9.142857143;"Ce mois-ci, l'OD a été touchée par la grève (12 journées sur le mois) ainsi que  par les incidents suivants :
- le 5 : un dérangement des installations  (23 TGV pour 387 minutes perdues) et le heurt d'un blaireau sur la  ligne à grande vitesse Atlantique (11 TGV pour 322 minutes perdues)  ;
- le 6 : un dérangement des installations sur la Ligne à Grande Vitesse Atlantique (16 TGV retardés pour 295 minutes perdues), une absence d'alimentation électrique entre Broons et Plestan -entre Rennes et St Brieuc - (13 TGV retardés pour 817 minutes perdues) et l'évacuation de la gare de Rennes suite à l'incendie d'un camion à proximité (8 TGV retardés pour 229 minutes perdues) ;
- le 16 : défaillance d'un Transilien entraînant une absence d'alimentation électrique en région parisienne (25 TGV  pour 493 minutes perdues) ;
- le 22 : le heurt d'une personne par un TGV à Plouigneau (7 TGV pour un total de 355 minutes perdues) ;
- le 27 : heurt d'un chevreuil par un TGV sur la ligne à grande vitesse Atlantique (33 TGV pouu un total de  1163 minutes perdues) et un incident caténaire en sortie de Paris Montparnasse (32 TGV retardés pour un total de 410 minutes perdues) 
- le 30 : présence d'une personne dans les voies en sortie de Paris Montparnasse (36 TGV pour un total 380 minutes perdues)";24;9.142857143;13;6;39.13043478;39.13043478;0.0;13.04347826;0.0;8.695652174
2018-04;National;PARIS EST;REIMS;46;226;54;;37;9.242792793;1.907364341;;21;20.09920635;2.532655039;;9;2.532655039;2;1;17.64705882;17.64705882;11.76470588;47.05882353;5.882352941;0.0
2018-04;National;BORDEAUX ST JEAN;TOURCOING;301;27;11;;10;3.281666667;2.121875;;1;20.0;5.375;;1;5.375;0;0;0.0;0.0;100.0;0.0;0.0;0.0
2018-04;National;PARIS VAUGIRARD;NANTES;139;40;0;;4;31.45;2.609583333;;3;57.62777778;4.99125;"02/04/2018 : présence de personne au bord des voies 36' à l'arrivée
06/04/2018 : 16' pour problème signalisation  
29/04/2018 : défaillance matériel avec 120' de retard";3;4.99125;2;1;33.33333333;0.0;33.33333333;33.33333333;0.0;0.0
2018-04;National;ST PIERRE DES CORPS;PARIS MONTPARNASSE;62;418;126;;129;8.393281654;3.827283105;;100;15.377;5.799543379;"Ce mois-ci, l'OD a été touchée par la grève (12 journées sur le mois) ainsi que  par les incidents suivants :
- le 5 : un dérangement des installations  (23 TGV pour 387 minutes perdues) et le heurt d'un blaireau sur la  ligne à grande vitesse Atlantique (11 TGV pour 322 minutes perdues)  ;
- le 6 : un dérangement des installations sur la Ligne à Grande Vitesse Atlantique (16 TGV retardés pour 295 minutes perdues) ;
- le 16 : défaillance d'un Transilien entraînant une absence d'alimentation électrique en région parisienne (25 TGV  pour 493 minutes perdues) ;
- le 27 : heurt d'un chevreuil par un TGV sur la ligne à grande vitesse Atlantique (33 TGV poru un total de  1163 minutes perdues) et un incident caténaire en sortie de Paris Montparnasse (32 TGV retardés pour un total de 410 minutes perdues) 
- le 30 : présence d'une personne dans les voies en sortie de Paris Montparnasse (36 TGV pour un total 380 minutes perdues)";30;5.799543379;13;3;39.0625;20.3125;21.875;12.5;1.5625;4.6875
2018-04;National;PARIS LYON;ANNECY;225;194;68;;16;24.46354167;2.959656085;;15;46.73333333;7.900793651;Heurt d'une personne par le TGV 9773, vers Maisons-Alfort.;15;7.900793651;4;4;14.28571429;50.0;7.142857143;28.57142857;0.0;0.0
2018-04;International;PARIS LYON;ITALIE;360;99;39;;13;12.05897436;2.353333333;;13;52.61538462;11.54166667;;13;11.54166667;8;3;30.0;10.0;10.0;40.0;10.0;0.0
2018-04;National;PARIS VAUGIRARD;BORDEAUX ST JEAN;165;57;15;;4;6.733333333;0.099603175;;2;17.3;-0.160714286;;1;-0.160714286;0;0;0.0;0.0;0.0;100.0;0.0;0.0
2018-04;National;LYON PART DIEU;MARNE LA VALLEE;108;333;128;;152;14.21392544;10.62268293;;54;34.07962963;9.701219512;;43;9.701219512;19;8;25.0;13.63636364;25.0;15.90909091;9.090909091;11.36363636
2018-04;National;PARIS LYON;GRENOBLE;181;246;85;;24;10.64583333;1.273602484;;20;23.825;3.822981366;;14;3.822981366;6;0;15.78947368;36.84210526;15.78947368;26.31578947;5.263157895;0.0
2018-04;National;PARIS LYON;LYON PART DIEU;119;653;169;;46;14.36449275;0.949070248;;35;30.38285714;1.46714876;;22;1.46714876;13;3;51.42857143;11.42857143;2.857142857;22.85714286;11.42857143;0.0
2018-04;National;PARIS LYON;SAINT ETIENNE CHATEAUCREUX;170;109;43;;6;4.327777778;0.055555556;;9;22.29259259;5.334343434;;5;5.334343434;3;0;37.5;25.0;0.0;37.5;0.0;0.0
2018-04;National;QUIMPER;PARIS MONTPARNASSE;223;245;82;;16;16.4375;1.613496933;;23;33.32101449;7.515030675;;23;7.515030675;6;2;30.0;40.0;5.0;15.0;5.0;5.0
2018-04;National;DUNKERQUE;PARIS NORD;116;211;76;;5;12.6;0.47037037;;17;17.54803922;4.140617284;;9;4.140617284;1;0;12.5;62.5;18.75;0.0;6.25;0.0
2018-04;National;LYON PART DIEU;LILLE;192;325;128;;144;14.36377315;10.58637902;;50;36.36733333;12.06725888;;50;12.06725888;20;7;18.60465116;25.58139535;25.58139535;13.95348837;6.976744186;9.302325581
2018-04;National;LA ROCHELLE VILLE;PARIS MONTPARNASSE;165;198;52;;11;6.545454545;0.493150685;;22;25.97575758;5.569063927;;15;5.569063927;4;2;28.57142857;33.33333333;28.57142857;4.761904762;4.761904762;0.0
2018-04;National;METZ;PARIS EST;85;300;79;;87;7.114367816;2.80158371;;41;13.87886179;3.064781297;;10;3.064781297;2;0;20.68965517;24.13793103;13.79310345;13.79310345;20.68965517;6.896551724
2018-04;National;NANCY;PARIS EST;93;321;89;;45;8.272962963;1.667672414;;21;22.42142857;2.573275862;;13;2.573275862;5;1;5.882352941;11.76470588;17.64705882;29.41176471;35.29411765;0.0
2018-04;National;PARIS LYON;MULHOUSE VILLE;173;308;106;;36;12.45787037;1.927805281;;23;23.80942029;2.298349835;;15;2.298349835;5;2;42.85714286;23.80952381;14.28571429;4.761904762;14.28571429;0.0
2018-04;National;PARIS MONTPARNASSE;LA ROCHELLE VILLE;166;202;53;;27;8.300617284;1.255033557;;14;24.5;2.818791946;;12;2.818791946;1;0;42.85714286;21.42857143;7.142857143;28.57142857;0.0;0.0
2018-04;National;BESANCON FRANCHE COMTE TGV;PARIS LYON;130;204;61;;32;8.346875;1.592540793;;13;21.55;2.05034965;;7;2.05034965;1;1;30.76923077;7.692307692;23.07692308;30.76923077;0.0;7.692307692
2018-04;National;LYON PART DIEU;MONTPELLIER;112;301;121;;122;10.28551913;7.065555556;;43;35.29728682;8.89712963;;35;8.89712963;15;6;17.5;22.5;27.5;10.0;12.5;10.0
2018-04;National;PARIS LYON;MARSEILLE ST CHARLES;202;505;149;;44;16.17916667;1.655477528;;37;37.72297297;5.247893258;;37;5.247893258;17;6;29.72972973;10.81081081;10.81081081;35.13513514;13.51351351;0.0
2018-04;National;DIJON VILLE;PARIS LYON;99;447;133;;168;7.664087302;4.212048832;;31;23.07473118;1.770488323;;19;1.770488323;3;2;26.08695652;4.347826087;21.73913043;30.43478261;8.695652174;8.695652174
2018-04;National;MARSEILLE ST CHARLES;LYON PART DIEU;106;604;241;;100;9.6655;2.575298439;;76;29.42061404;8.144674013;;47;8.144674013;22;10;17.24137931;15.51724138;32.75862069;20.68965517;8.620689655;5.172413793
2018-04;National;PARIS LYON;BESANCON FRANCHE COMTE TGV;127;201;71;;16;13.39375;1.311923077;;24;21.97152778;5.88025641;;16;5.88025641;5;1;22.22222222;16.66666667;22.22222222;27.77777778;11.11111111;0.0
2018-04;National;MARSEILLE ST CHARLES;LILLE;307;205;74;;32;11.1078125;2.700381679;;39;37.15384615;13.67531807;;39;13.67531807;14;6;17.14285714;25.71428571;28.57142857;14.28571429;5.714285714;8.571428571
2018-04;National;LE MANS;PARIS MONTPARNASSE;56;426;127;;167;6.935429142;3.963991081;;103;14.36553398;5.330267559;"Ce mois-ci, l'OD a été touchée par la grève (12 journées sur le mois) ainsi que  par les incidents suivants :
- le 5 : un dérangement des installations  (23 TGV pour 387 minutes perdues) et le heurt d'un blaireau sur la  ligne à Grande Vitesse Atlantique (11 TGV pour 322 minutes perdues)  ;
- le 6 : un dérangement des installations sur la Ligne à grande Vitesse Atlantique (16 TGV pour 295 minutes perdues );
- le 10 : dérangement d'un détecteur de chute de véhicule à Connerré près du Mans (9 TGV pour 95 minutes perdues) ;
- le 16 : défaillance d'un Transilien entraînant une absence d'alimentation électrique en région parisienne (25 TGV  pour 493 minutes perdues) ;
- le 27 : heurt d'un chevreuil par un TGV sur la Ligne à Grande Vitesse Atlantique (33 TGV poru un total de  1163 minutes perdues) et un incident caténaire en sortie de Paris Montparnasse (32 TGV retardés pour un total de 410 minutes perdues) 
- le 30 : présence d'une personne dans les voies en sortie de Paris Montparnasse (36 TGV pour un total 380 minutes perdues)";34;5.330267559;6;1;41.53846154;27.69230769;15.38461538;10.76923077;3.076923077;1.538461538
2018-04;National;PARIS MONTPARNASSE;LAVAL;84;209;65;;14;9.641666667;0.675694444;;27;13.10925926;3.527546296;;7;3.527546296;2;0;25.0;50.0;0.0;15.0;10.0;0.0
2018-04;National;PARIS LYON;BELLEGARDE (AIN);160;208;78;;21;12.39761905;1.757051282;;25;35.09733333;8.236794872;;19;8.236794872;10;2;36.0;8.0;24.0;20.0;12.0;0.0
2018-04;National;SAINT ETIENNE CHATEAUCREUX;PARIS LYON;170;81;18;;8;4.945833333;-1.066666667;;5;26.28;3.248677249;;4;3.248677249;2;0;33.33333333;33.33333333;0.0;0.0;33.33333333;0.0
2018-04;National;VALENCE ALIXAN TGV;PARIS LYON;132;346;135;;121;9.507438017;5.455608215;;25;28.73533333;2.369747235;;22;2.369747235;4;3;33.33333333;27.77777778;11.11111111;22.22222222;5.555555556;0.0
2018-04;International;MARSEILLE ST CHARLES;MADRID;464;23;16;;2;1.208333333;0.383333333;;0;0.0;-2.714285714;;0;-2.714285714;0;0;0.0;0.0;0.0;0.0;0.0;0.0
2018-04;National;LAVAL;PARIS MONTPARNASSE;86;209;66;;73;7.265296804;3.752331002;;48;14.59826389;5.118414918;"Ce mois-ci, l'OD a été touchée par la grève (12 journées sur le mois) ainsi que  par les incidents suivants :
- le 5 : dérangement des installations  (23 TGV pour 387 minutes perdues) et le heurt d'un blaireau sur la  ligne à grande vitesse Atlantique (11 TGV pour 322 minutes perdues)  ;
- le 6 : dérangement des installations sur la Ligne à Grande Vitesse Atlantique (16 TGV pour 295 minutes perdues) ;
- le 10 : dérangement d'un détecteur de chute de véhicule à Connerré près du Mans (9 TGV pour 95 minutes perdues) ;
- le 16 : défaillance d'un Transilien entraînant une absence d'alimentation électrique en région parisienne (25 TGV  pour 493 minutes perdues) ;
- le 27 : heurt d'un chevreuil par un TGV sur la ligne à grande vitesse Atlantique (33 TGV pouu un total de  1163 minutes perdues) et un incident caténaire en sortie de Paris Montparnasse (32 TGV retardés pour un total de 410 minutes perdues) ;
- le 30 : présence d'une personne dans les voies en sortie de Paris Montparnasse (36 TGV pour un total 380 minutes perdues)";10;5.118414918;4;1;25.92592593;44.44444444;18.51851852;11.11111111;0.0;0.0
2018-04;National;PARIS MONTPARNASSE;VANNES;153;251;84;;42;7.698809524;1.55758483;;36;26.94444444;6.922754491;;24;6.881547619;9;2;29.41176471;29.41176471;11.76470588;23.52941176;0.0;5.882352941
2018-04;National;PARIS EST;METZ;86;323;98;;61;11.90163934;3.184740741;;34;21.24656863;2.243777778;;16;2.243777778;7;1;24.13793103;17.24137931;10.34482759;17.24137931;27.5862069;3.448275862
2018-04;National;PARIS EST;STRASBOURG;112;521;122;;97;10.4185567;2.474686717;;44;28.13598485;3.111570593;;30;3.111570593;15;3;16.27906977;13.95348837;13.95348837;39.53488372;13.95348837;2.325581395
2018-04;National;TOURCOING;MARSEILLE ST CHARLES;309;26;8;;5;2.8;0.777777778;;1;22.91666667;2.112962963;;1;2.112962963;0;0;0.0;0.0;100.0;0.0;0.0;0.0
2018-04;National;BELLEGARDE (AIN);PARIS LYON;163;231;85;;48;6.767708333;2.291894977;;10;35.96833333;2.061187215;;8;2.061187215;4;2;42.85714286;0.0;14.28571429;28.57142857;14.28571429;0.0
2018-04;National;LE CREUSOT MONTCEAU MONTCHANIN;PARIS LYON;82;218;44;;104;8.395032051;5.00967433;;19;26.65701754;1.987835249;;7;1.987835249;3;1;31.57894737;10.52631579;15.78947368;21.05263158;15.78947368;5.263157895
2018-04;National;MARNE LA VALLEE;MARSEILLE ST CHARLES;218;328;111;;112;8.683035714;4.618356375;;37;34.83828829;7.643394777;;37;7.643394777;17;5;18.18181818;30.3030303;18.18181818;24.24242424;6.060606061;3.03030303
2018-04;National;PARIS LYON;DIJON VILLE;96;441;150;;43;14.15542636;1.763344788;;28;25.17380952;2.96884307;;17;2.96884307;6;2;19.23076923;19.23076923;19.23076923;38.46153846;3.846153846;0.0
2018-04;International;PARIS LYON;BARCELONA;387;44;17;;10;19.775;7.024691358;;9;57.88888889;21.66666667;;9;21.66666667;8;2;22.22222222;22.22222222;33.33333333;11.11111111;11.11111111;0.0
2018-04;International;ZURICH;PARIS LYON;236;146;41;;64;2.525;1.849047619;;11;29.11060606;1.763968254;;10;1.763968254;3;1;20.0;20.0;0.0;20.0;20.0;20.0
2018-04;National;PARIS NORD;DUNKERQUE;119;231;87;;42;11.57738095;3.318981481;;25;27.36;5.069444444;;17;5.069444444;7;1;16.0;20.0;16.0;32.0;12.0;4.0
2018-04;National;MARSEILLE ST CHARLES;MARNE LA VALLEE;215;313;105;;42;13.77857143;2.638141026;;37;41.41306306;7.975;Absence d’alimentation sur LGV au niveau d’Aix-en-Provence.;37;7.975;16;8;25.0;21.875;25.0;18.75;3.125;6.25
2018-04;National;PARIS LYON;NIMES;177;405;168;;46;15.6884058;2.746554149;;26;34.48269231;4.350421941;;23;4.350421941;9;2;20.0;16.0;8.0;44.0;12.0;0.0
2018-04;National;LYON PART DIEU;MARSEILLE ST CHARLES;107;588;229;;192;9.694184028;5.293918292;;90;26.64481481;7.837975859;;69;7.837975859;25;4;17.94871795;25.64102564;29.48717949;16.66666667;7.692307692;2.564102564
2018-04;National;PARIS LYON;MACON LOCHE;95;208;60;;17;22.35980392;2.334797297;;10;43.695;3.23704955;Heurt d'une personne par le TGV 9773, vers Maisons-Alfort.;8;3.23704955;4;3;10.0;40.0;10.0;40.0;0.0;0.0
2018-04;National;PARIS NORD;ARRAS;54;333;148;;40;14.77041667;3.191621622;;41;20.68617886;5.083603604;;18;5.083603604;7;3;12.82051282;20.51282051;25.64102564;28.20512821;5.128205128;7.692307692
2018-04;National;BREST;PARIS MONTPARNASSE;225;257;89;;7;15.85714286;0.660714286;;22;35.13409091;7.495039683;;22;7.495039683;7;2;33.33333333;38.88888889;5.555555556;16.66666667;0.0;5.555555556
2018-04;National;VANNES;PARIS MONTPARNASSE;155;264;91;;103;6.600970874;3.930057803;;41;25.8995935;8.0022158;;28;8.0022158;7;2;31.42857143;25.71428571;14.28571429;14.28571429;8.571428571;5.714285714
2018-04;National;CHAMBERY CHALLES LES EAUX;PARIS LYON;182;260;100;;96;18.46128472;11.10697917;;40;38.38875;10.69104167;;37;10.69104167;16;7;34.48275862;24.13793103;20.68965517;10.34482759;6.896551724;3.448275862
2018-04;National;ARRAS;PARIS NORD;51;372;153;;100;9.833166667;4.643835616;;77;17.30411255;7.199391172;"En ce qui concerne Réseau, ce sont les dérangements qui devancent la rubrique « externe », soit respectivement 3,8% et 2,1 %.
Pour le classement, le dérangement d’installations de sécurité et les incidents « caténaire » dominent, avec les dysfonctionnements de passages à niveau ensuite.
Le dernier vendredi, le dérangement d’aiguille à Sainghin a coûté 19 trains pour 209 minutes. Dans le domaine des caténaires, le dernier jour du mois, la rupture d’un feeder d’alimentation à Val Noël a concerné 33 trains pour 1029 minutes.
Pour Voyages, l’irrégularité est marquante dans  le secteur des Gares, tout juste devant le domaine du  Matériel qui demeure avec un taux important.
Concernant le Matériel, il s'agit d' incidents techniques, les mises à quai tardives liées à la tension du parc qui perdure. Par ailleurs le mouvement social et les constantes adaptations n’ont pas facilité les opérations en Technicentre et en Gare, voire en chantier de remisage.";25;7.199391172;11;4;13.84615385;30.76923077;46.15384615;6.153846154;3.076923077;0.0
2018-04;National;PARIS LYON;MONTPELLIER;209;399;168;;46;15.6884058;2.833549784;;23;45.45942029;4.086002886;Absence d’alimentation sur LGV au niveau d’Aix-en-Provence.;23;4.086002886;12;4;34.7826087;21.73913043;8.695652174;30.43478261;4.347826087;0.0
2018-04;National;NIMES;PARIS LYON;176;459;177;;139;11.49580336;3.596985816;;43;34.98565891;4.993676123;;37;4.993676123;13;8;38.88888889;25.0;8.333333333;22.22222222;2.777777778;2.777777778
2018-04;National;PARIS LYON;AVIGNON TGV;159;518;142;;46;16.68152174;1.689007092;;52;28.60897436;4.763741135;;37;4.763741135;16;4;29.41176471;5.882352941;11.76470588;41.17647059;11.76470588;0.0
2018-04;National;PARIS MONTPARNASSE;NANTES;124;506;160;;62;9.075806452;1.306936416;;53;26.26666667;5.060356455;;38;5.060356455;15;3;36.53846154;28.84615385;13.46153846;17.30769231;3.846153846;0.0
2018-04;National;DOUAI;PARIS NORD;77;191;68;;31;9.199462366;2.54701897;;34;14.77205882;5.545663957;;9;5.545663957;3;1;6.896551724;27.5862069;62.06896552;3.448275862;0.0;0.0
2018-04;National;RENNES;PARIS VAUGIRARD;111;20;0;;4;2.25;0.45;;0;0.0;0.710833333;;0;0.710833333;0;0;0.0;0.0;0.0;0.0;0.0;0.0
2018-04;National;MONTPELLIER;LYON PART DIEU;112;308;136;;61;12.50628415;4.563275194;;42;35.50753968;10.45920543;;32;10.45920543;16;6;25.0;28.57142857;25.0;10.71428571;10.71428571;0.0
2018-04;National;STRASBOURG;PARIS EST;111;498;85;;203;7.680377668;3.80645682;;55;22.07484848;3.564124294;;33;3.564124294;11;1;20.83333333;20.83333333;25.0;16.66666667;6.25;10.41666667
2018-04;National;RENNES;LYON PART DIEU;233;93;36;;18;3.0;0.929824561;;10;26.74666667;4.043274854;;10;4.043274854;2;0;22.22222222;22.22222222;33.33333333;22.22222222;0.0;0.0
2018-04;National;LILLE;LYON PART DIEU;190;299;100;;84;7.023611111;3.018760469;;23;22.4057971;2.726633166;;20;2.726633166;3;0;10.52631579;21.05263158;26.31578947;21.05263158;15.78947368;5.263157895
2018-04;National;NANTES;PARIS VAUGIRARD;142;40;0;;7;17.76190476;2.832083333;;3;47.48888889;3.817916667;"02/04/2018 : suite  retard train précédent  14'
25/04 : 34' suite dérangement signallisation
29/04/2018 : suite retard train précédent 94'";2;3.817916667;2;1;0.0;33.33333333;0.0;66.66666667;0.0;0.0
2018-04;National;AVIGNON TGV;PARIS LYON;159;608;176;;160;12.595;4.523881173;;55;35.26636364;4.549498457;;42;4.549498457;25;8;30.76923077;19.23076923;21.15384615;21.15384615;3.846153846;3.846153846
2018-04;National;PARIS LYON;CHAMBERY CHALLES LES EAUX;181;235;89;;26;14.7224359;2.387100457;;20;34.42916667;5.057762557;;14;5.057762557;6;3;26.31578947;31.57894737;10.52631579;31.57894737;0.0;0.0
2018-04;National;AIX EN PROVENCE TGV;PARIS LYON;188;414;108;;128;8.807161458;3.758442266;;26;38.79294872;3.735675381;;26;3.735675381;13;4;34.7826087;13.04347826;21.73913043;26.08695652;4.347826087;0.0
2018-04;National;PARIS LYON;LE CREUSOT MONTCEAU MONTCHANIN;77;202;21;;18;10.65740741;0.576703499;;19;17.29736842;2.533793738;;8;2.533793738;4;0;26.66666667;13.33333333;6.666666667;26.66666667;20.0;6.666666667
2018-04;International;GENEVE;PARIS LYON;190;215;76;;84;4.062698413;1.867026379;;13;46.26410256;4.085131894;;12;4.085131894;8;3;70.0;0.0;0.0;20.0;10.0;0.0
2018-04;International;LAUSANNE;PARIS LYON;202;134;41;;55;2.567575758;1.472222222;;7;42.56428571;3.241397849;;7;3.241397849;3;1;40.0;0.0;20.0;0.0;40.0;0.0
2018-04;National;PARIS MONTPARNASSE;LE MANS;54;426;119;;50;10.03833333;1.300542888;;58;16.32931034;3.28805646;;22;3.28805646;6;1;36.17021277;29.78723404;4.255319149;25.53191489;4.255319149;0.0
2018-04;National;PARIS MONTPARNASSE;ANGERS SAINT LAUD;90;383;121;;48;10.74375;1.573791349;;55;21.58969697;6.043129771;;27;6.043129771;9;2;37.25490196;23.52941176;13.7254902;17.64705882;3.921568627;3.921568627
2018-04;National;NANTES;STRASBOURG;301;55;29;;9;3.053703704;1.184615385;;1;17.86666667;2.502564103;;1;2.502564103;0;0;100.0;0.0;0.0;0.0;0.0;0.0
2018-04;National;MONTPELLIER;PARIS LYON;207;451;177;;111;12.89894895;5.283880779;;37;38.65675676;5.044282238;;37;5.044282238;13;8;38.70967742;25.80645161;6.451612903;22.58064516;3.225806452;3.225806452
2018-04;International;BARCELONA;PARIS LYON;390;43;18;;8;4.25;1.32;;5;40.72;8.166;;5;8.166;1;1;40.0;40.0;0.0;20.0;0.0;0.0
2018-04;National;BORDEAUX ST JEAN;PARIS VAUGIRARD;139;56;14;;8;9.129166667;1.785714286;;6;25.39166667;2.565873016;;4;2.565873016;1;0;33.33333333;16.66666667;16.66666667;16.66666667;16.66666667;0.0
2018-05;National;PARIS MONTPARNASSE;ANGERS SAINT LAUD;90;407;102;;24;18.70763889;1.23715847;;54;35.73487654;8.201147541;;33;8.201147541;20;6;57.77777778;11.11111111;4.444444444;20.0;4.444444444;2.222222222
2018-05;National;PARIS LYON;ANNECY;227;181;65;;10;28.035;2.432327586;;18;42.27777778;8.38362069;Heurt d’une personne par le TGV 6608 à Maisons-Alfort.;18;8.38362069;8;2;44.44444444;11.11111111;16.66666667;27.77777778;0.0;0.0
2018-05;National;PARIS MONTPARNASSE;LAVAL;83;229;47;;9;24.6537037;1.095787546;;19;15.77894737;2.182234432;;5;2.182234432;3;0;23.07692308;15.38461538;7.692307692;30.76923077;0.0;23.07692308
2018-05;National;PARIS MONTPARNASSE;VANNES;153;248;76;;11;15.28030303;0.776453488;;20;22.2;3.45494186;;13;3.45494186;3;0;10.0;35.0;15.0;30.0;5.0;5.0
2018-05;National;LYON PART DIEU;MARNE LA VALLEE;108;308;92;;98;17.25289116;8.707638889;;57;26.3494152;7.903626543;;37;7.903626543;13;5;51.85185185;9.259259259;16.66666667;9.259259259;5.555555556;7.407407407
2018-05;National;VANNES;PARIS MONTPARNASSE;156;263;72;;12;19.87777778;1.930715532;;27;27.02098765;5.511692845;;18;5.511692845;6;2;25.92592593;11.11111111;14.81481481;37.03703704;3.703703704;7.407407407
2018-05;National;REIMS;PARIS EST;49;234;36;;23;11.55797101;1.811784512;;34;13.2004902;2.663215488;;8;2.663215488;3;1;24.13793103;27.5862069;13.79310345;20.68965517;13.79310345;0.0
2018-05;National;AIX EN PROVENCE TGV;PARIS LYON;188;410;60;;47;24.70106383;3.992952381;;52;37.06666667;5.488238095;Heurt d’une personne par le TGV 6608 à Maisons-Alfort.;38;5.488238095;23;8;50.0;9.615384615;15.38461538;15.38461538;7.692307692;1.923076923
2018-05;National;PARIS LYON;CHAMBERY CHALLES LES EAUX;181;186;59;;13;25.31410256;2.588188976;;18;42.08055556;6.735958005;Heurt d’une personne par le TGV 6176 entre Bonlieu et Allan.;16;6.735958005;8;1;33.33333333;11.11111111;11.11111111;27.77777778;16.66666667;0.0
2018-05;International;PARIS LYON;ZURICH;179;134;21;;16;26.221875;3.789675516;;35;28.25714286;10.07964602;;23;10.07964602;10;2;0.0;0.0;0.0;0.0;0.0;0.0
2018-05;National;LE MANS;PARIS MONTPARNASSE;56;419;102;;69;16.77125604;4.665509989;;99;17.91717172;6.148843323;"Ce mois-ci, l'OD a été touchée par la grève (12 journées sur le mois) ainsi que  par les incidents suivants :
- le 15 : défaillance Matériel d'un train sur la ligne à Grande Vitesse Atlantique - vers Marcoussis - (13 TGV retardés pour un total de 389 minutes perdues) 
- le 16 : restitution tardive des travaux liée à des difficultés techniques à Paris Montparnasse (41 TGV pour un total de 675 minutes perdues) et le heurt d'une personne par un train de marchandises à Angers (10 TGV pour un total de 623 minutes perdues) ;
- le 17 : défaut de nivellement de la voie entre Sablé et Morannes (entre Le Mans et Angers) impose une réduction de la vitesse des trains sur zone (11 TGV pour un total de 157 minutes perdues) 
- les 26 et 27 : absence de tension électrique entre Angers et Le Mans liée aux intempéries avec incendie d'un transformateur éléctrique à Sablé (49 TGV pour un total de 3658 minutes perdues) , certains trains ont emprunté un autre itinéraire via Rennes ou St Pierre-des-Corps pour éviter la zone d'incident.";37;6.148843323;14;5;39.18918919;29.72972973;9.459459459;13.51351351;4.054054054;4.054054054
2018-05;National;NANTES;PARIS VAUGIRARD;142;30;0;;6;78.40833333;15.62722222;;5;122.6666667;19.94333333;"27/05 :  suite fermeture ligne ASL-NS suite intempéries => 7628 + 392' et 7626 + 107' 
06/05 : suite détresse 8432 entre PMP et MPW => 7628 + 83' et 7626 + 38'";4;19.94333333;3;3;60.0;20.0;0.0;20.0;0.0;0.0
2018-05;National;VALENCE ALIXAN TGV;PARIS LYON;132;378;120;;72;21.84537037;6.859560724;;48;36.4875;5.615116279;;40;5.615116279;20;5;48.48484848;18.18181818;12.12121212;12.12121212;0.0;9.090909091
2018-05;National;LYON PART DIEU;MARSEILLE ST CHARLES;107;590;184;;119;19.82619048;6.508004926;;117;32.4462963;10.7089491;;97;10.7089491;34;13;42.25352113;15.49295775;15.49295775;15.49295775;7.042253521;4.225352113
2018-05;National;STRASBOURG;NANTES;288;60;22;;0;0.0;0.0;;6;49.125;8.076754386;"02/05: 5488 ? Problème de coupe à CGV (35’)
17/05: 5487 ? Attente correspondance à MVC (25’)
21/05: 5488 ? Problème/instabilité boggie (VL 270) + LTV inopinée coté ATL (25’)
22/05: 5488 ? Dérangement installations (7’)
25/05: 5487 ? Csq accident de personne (8’)  + 5488 ? Intervention PAF  (6’)
27/05: 5488 ? Incident caténaire (87’)
30/05: 5488 ? Intervention police + sac abandonné (malveillance) (65’)";6;8.076754386;4;2;50.0;16.66666667;16.66666667;16.66666667;0.0;0.0
2018-05;National;PARIS NORD;LILLE;61;697;224;;64;32.62734375;4.634073291;;116;29.29612069;7.95359408;;46;7.95359408;32;18;40.54054054;18.91891892;23.42342342;9.90990991;5.405405405;1.801801802
2018-05;National;PARIS LYON;LYON PART DIEU;120;634;101;;50;19.14933333;1.516572858;;50;32.41266667;2.36916823;;35;2.36916823;18;4;31.25;10.41666667;10.41666667;41.66666667;6.25;0.0
2018-05;National;PARIS LYON;PERPIGNAN;307;180;65;;13;18.46410256;1.968695652;;21;52.93888889;10.73043478;Heurt d’une personne par le TGV 6608 à Maisons-Alfort.;21;10.73043478;10;5;33.33333333;33.33333333;9.523809524;14.28571429;9.523809524;0.0
2018-05;National;PARIS MONTPARNASSE;RENNES;98;618;184;;23;18.45;0.858563748;;50;16.424;2.575652842;;21;2.569731801;3;0;22.22222222;19.44444444;13.88888889;33.33333333;5.555555556;5.555555556
2018-05;National;PARIS MONTPARNASSE;NANTES;127;532;141;;31;17.63172043;1.225959079;;62;49.7516129;9.039855072;"Ce mois-ci, l'OD a été touchée par la grève (12 journées sur le mois) ainsi que  par les incidents suivants :
- le 15 : défaillance Matériel d'un train sur la ligne à Grande Vitesse Atlantique - vers Marcoussis - (13 TGV retardés pour un total de 389 minutes perdues) 
- le 16 : restitution tardive des travaux liée à des difficultés techniques à Paris Montparnasse (41 TGV pour un total de 675 minutes perdues) et le heurt d'une personne par un train de marchandises à Angers (10 TGV pour un total de 623 minutes perdues) 
- le 17 : défaut de nivellement de la voie entre Sablé et Morannes (entre Le Mans et Angers) impose une réduction de la vitesse des trains sur zone (11 TGV pour un total de 157 minutes perdues) 
- les 26 et 27 : absence de tension électrique entre Angers et Le Mans liée aux intempéries avec incendie d'un transformateur éléctrique à Sablé (49 TGV pour un total de 3658 minutes perdues) , certains trains ont emprunté un autre itinéraire via Rennes ou St Pierre-des-Corps pour éviter la zone d'incident.";52;8.948312236;33;12;60.6557377;8.196721311;11.47540984;14.75409836;3.278688525;1.639344262
2018-05;National;PARIS NORD;DUNKERQUE;115;252;91;;28;41.42380952;7.285507246;;23;67.69565217;10.34782609;Le domaine réseau externe dominant, avec notamment les  conséquences de l’inondation du souterrain de Pierrefitte d’une part, et d’autre part avec l’accident de personne de Joncherolles le lendemain (vendredi 25 et samedi 26).Pour ce même  domaine Externe il convient d’ajouter aux causes principales précitées, un second accident de personne près de Vaumort, soit au total un taux d’irrégularité avoisinant les 6 %.;19;10.34782609;16;11;73.91304348;4.347826087;8.695652174;13.04347826;0.0;0.0
2018-05;National;PARIS LYON;AVIGNON TGV;160;510;72;;42;24.95396825;2.258561644;;61;32.79098361;5.817199391;;47;5.817199391;26;8;27.5862069;12.06896552;29.31034483;22.4137931;6.896551724;1.724137931
2018-05;National;PARIS LYON;DIJON VILLE;97;435;96;;39;20.81495726;2.375663717;;33;34.75909091;3.562979351;;26;3.562979351;15;5;37.5;9.375;6.25;40.625;6.25;0.0
2018-05;National;BELLEGARDE (AIN);PARIS LYON;163;234;63;;17;13.66666667;2.088693957;;45;40.60851852;10.7791423;Heurt d’une personne par le TGV 6608 à Maisons-Alfort.;42;10.7791423;29;5;0.0;0.0;0.0;0.0;0.0;0.0
2018-05;National;PARIS LYON;MACON LOCHE;97;198;61;;12;22.55833333;1.879318735;;16;27.55520833;4.105961071;;13;4.105961071;6;0;18.75;12.5;25.0;37.5;6.25;0.0
2018-05;National;PARIS LYON;VALENCE ALIXAN TGV;132;414;147;;31;18.54408602;2.028401998;;34;33.31617647;4.834581773;;21;4.834581773;11;3;29.41176471;17.64705882;5.882352941;38.23529412;5.882352941;2.941176471
2018-05;International;PARIS LYON;ITALIE;259;89;20;;7;26.68095238;2.73647343;;13;45.07692308;11.57971014;;13;11.57971014;6;1;0.0;0.0;0.0;0.0;0.0;0.0
2018-05;International;LAUSANNE;PARIS LYON;182;135;27;;14;16.35714286;2.592592593;;25;43.628;9.773919753;;21;9.773919753;15;4;0.0;0.0;0.0;0.0;0.0;0.0
2018-05;National;MACON LOCHE;PARIS LYON;100;234;42;;88;19.52935606;9.511284722;;56;27.36994048;7.665885417;Décontrôle d’aiguille à Mâcon-Loché (bifurcation de Savoie).;49;7.665885417;13;5;36.84210526;5.263157895;26.31578947;15.78947368;7.894736842;7.894736842
2018-05;International;MADRID;MARSEILLE ST CHARLES;205;30;17;;0;0.0;0.0;;3;62.22777778;16.92179487;;3;16.92179487;3;1;0.0;0.0;0.0;0.0;0.0;0.0
2018-05;National;ANGOULEME;PARIS MONTPARNASSE;126;264;76;;33;13.71919192;3.195656028;;38;22.15175439;5.973138298;;18;5.973138298;8;1;15.78947368;34.21052632;21.05263158;18.42105263;7.894736842;2.631578947
2018-05;National;PARIS EST;STRASBOURG;119;507;57;;59;21.24774011;3.066814815;;39;28.63162393;1.803925926;;30;1.803925926;11;2;30.76923077;5.128205128;5.128205128;41.02564103;12.82051282;5.128205128
2018-05;National;LYON PART DIEU;LILLE;187;307;92;;97;17.33024055;8.702790698;;54;29.34290123;9.715271318;;37;9.715271318;14;6;48.07692308;11.53846154;13.46153846;15.38461538;5.769230769;5.769230769
2018-05;National;LILLE;LYON PART DIEU;190;306;76;;59;19.97062147;5.733043478;;56;27.6202381;6.803405797;;42;6.803405797;16;4;18.18181818;18.18181818;9.090909091;36.36363636;12.12121212;6.060606061
2018-05;National;LYON PART DIEU;MONTPELLIER;112;322;110;;66;27.36161616;9.269261006;;49;38.32278912;8.824056604;;41;8.824056604;21;7;34.375;28.125;15.625;15.625;3.125;3.125
2018-05;National;NANTES;PARIS MONTPARNASSE;129;532;136;;46;18.8673913;2.628998316;;71;39.92910798;8.648106061;;54;8.648106061;27;12;39.43661972;25.35211268;9.85915493;15.49295775;0.0;9.85915493
2018-05;National;BORDEAUX ST JEAN;PARIS VAUGIRARD;144;38;0;;3;14.18333333;1.418859649;;1;16.03333333;0.109649123;;1;0.109649123;0;0;100.0;0.0;0.0;0.0;0.0;0.0
2018-05;National;TOURCOING;BORDEAUX ST JEAN;285;26;3;;2;14.5;1.889855072;;3;21.11666667;4.252898551;;3;4.252898551;0;0;0.0;0.0;0.0;33.33333333;66.66666667;0.0
2018-05;International;PARIS EST;STUTTGART;125;147;0;;20;23.18916667;3.448072562;;17;29.05882353;3.843537415;;11;3.843537415;5;2;0.0;0.0;0.0;0.0;0.0;0.0
2018-05;National;PARIS MONTPARNASSE;ANGOULEME;126;226;81;;5;19.58333333;0.477586207;;15;14.82888889;3.454137931;;5;3.454137931;1;0;13.33333333;13.33333333;26.66666667;33.33333333;13.33333333;0.0
2018-05;National;PARIS MONTPARNASSE;TOURS;72;171;25;;7;17.66666667;0.619406393;;23;17.6942029;3.886872146;;7;3.886872146;2;1;41.17647059;5.882352941;17.64705882;23.52941176;5.882352941;5.882352941
2018-05;National;PARIS LYON;MARSEILLE ST CHARLES;204;498;97;;40;27.06083333;2.572194514;;67;39.64626866;7.785619285;Evacuation de la gare de Marseille-St-Charles, cause colis suspect.;51;7.785619285;30;13;38.80597015;10.44776119;23.88059701;20.89552239;4.47761194;1.492537313
2018-05;National;PARIS LYON;MULHOUSE VILLE;167;281;64;;26;26.23461538;3.192089094;;59;27.01666667;8.46797235;;40;8.46797235;15;5;54.23728814;6.779661017;8.474576271;22.03389831;1.694915254;6.779661017
2018-05;National;NIMES;PARIS LYON;176;484;146;;82;21.92560976;6.043195266;;66;41.33686869;7.264891519;Heurt d’une personne par le TGV 6608 à Maisons-Alfort.;54;7.264891519;29;12;48.07692308;23.07692308;9.615384615;9.615384615;1.923076923;7.692307692
2018-05;National;PARIS MONTPARNASSE;TOULOUSE MATABIAU;257;164;41;;13;9.458974359;1.040514905;;15;32.94777778;5.63401084;;15;5.63401084;5;3;20.0;33.33333333;26.66666667;13.33333333;0.0;6.666666667
2018-05;National;TOULOUSE MATABIAU;PARIS MONTPARNASSE;258;161;34;;10;21.83166667;1.696062992;;17;26.09019608;6.029396325;;17;6.029396325;6;0;23.52941176;11.76470588;5.882352941;52.94117647;5.882352941;0.0
2018-05;National;RENNES;LYON PART DIEU;233;89;37;;10;13.535;3.244230769;;12;36.59444444;8.936858974;;12;8.936858974;4;2;33.33333333;16.66666667;16.66666667;33.33333333;0.0;0.0
2018-05;National;PARIS VAUGIRARD;BORDEAUX ST JEAN;165;36;3;;4;30.52083333;3.434343434;;4;36.2625;5.340909091;;4;5.340909091;2;0;0.0;0.0;25.0;75.0;0.0;0.0
2018-05;National;PARIS VAUGIRARD;NANTES;139;30;0;;1;13.28333333;0.125555556;;7;87.13095238;21.61222222;"30/05 : suite MAQT => 7621 + 25'
27/05 :  suite fermeture ligne ASL-NS suite intempéries => 7621 + 374' et 7623 + 69' 
16/05 : restitution tardive TVX => 7621 + 31'
15/05 : balayage LGV, espacement et dérangement installation => 7621 + 29'
06/05 : Suite détresse 8432 entre PMP et MPW => 7623 + 56'";7;21.61222222;5;2;28.57142857;42.85714286;28.57142857;0.0;0.0;0.0
2018-05;National;NICE VILLE;PARIS LYON;346;230;46;;17;12.02843137;1.659692029;;27;51.98888889;8.180253623;Heurt d’une personne par le TGV 6608 à Maisons-Alfort.;27;8.180253623;16;9;55.55555556;14.81481481;11.11111111;7.407407407;7.407407407;3.703703704
2018-05;International;PARIS EST;FRANCFORT;114;163;0;;13;30.11410256;2.592433538;;11;38.09090909;2.26993865;;8;2.26993865;5;1;0.0;0.0;0.0;0.0;0.0;0.0
2018-05;National;PARIS VAUGIRARD;RENNES;122;19;0;;2;23.55833333;2.435087719;;4;16.7375;3.239473684;"26/05 : intervention SUGE suite client ayant forcé l'AE =>  7603 + 11'
16/05 : restitution tardive TVX => 7603 + 25'
04/05 : balayage LGV BPL => 7603 + 15'
03/05 : balayage LGV BPL => 7603 + 15'";1;3.239473684;0;0;25.0;25.0;50.0;0.0;0.0;0.0
2018-05;National;PARIS MONTPARNASSE;BORDEAUX ST JEAN;140;800;266;;39;14.58803419;0.956585518;;55;26.07636364;2.380243446;;36;2.380243446;9;1;18.18181818;29.09090909;9.090909091;30.90909091;10.90909091;1.818181818
2018-05;National;PARIS MONTPARNASSE;ST MALO;169;88;23;;4;20.2;1.263333333;;17;26.59803922;6.203589744;;14;6.203589744;4;2;9.090909091;36.36363636;9.090909091;27.27272727;9.090909091;9.090909091
2018-05;National;PARIS LYON;MONTPELLIER;210;402;139;;28;18.24821429;1.80652725;;29;43.64022989;3.970342205;Heurt d’une personne par le TGV 6608 à Maisons-Alfort.;27;3.970342205;15;6;48.27586207;20.68965517;3.448275862;24.13793103;0.0;3.448275862
2018-05;International;PARIS LYON;GENEVE;179;193;52;;17;18.30588235;2.178250591;;48;39.14583333;14.27659574;;43;14.27659574;35;7;0.0;0.0;0.0;0.0;0.0;0.0
2018-05;National;MARSEILLE ST CHARLES;LILLE;302;197;40;;9;19.20185185;1.437261146;;30;39.80722222;10.83949045;;30;10.83949045;13;6;65.51724138;13.79310345;6.896551724;10.34482759;0.0;3.448275862
2018-05;National;PARIS LYON;BELLEGARDE (AIN);162;205;56;;18;18.34722222;2.208836689;;55;36.69060606;14.62964206;Heurt d’une personne par le TGV 6608 à Maisons-Alfort.;46;14.62964206;37;6;65.45454545;12.72727273;7.272727273;10.90909091;3.636363636;0.0
2018-05;International;GENEVE;PARIS LYON;180;217;59;;8;14.875;-1.759493671;;43;41.54418605;11.45242616;;40;11.45242616;29;5;0.0;0.0;0.0;0.0;0.0;0.0
2018-05;National;BORDEAUX ST JEAN;PARIS MONTPARNASSE;140;844;252;;107;15.51028037;3.139949324;;99;22.76936027;5.222072072;;59;5.222072072;19;5;20.65217391;25.0;14.13043478;30.43478261;6.52173913;3.260869565
2018-05;National;LYON PART DIEU;RENNES;233;80;32;;20;26.12583333;11.81215278;;10;60.42666667;15.24756944;"Ce mois-ci, l'OD a été touchée par la grève (12 journées sur le mois) ainsi que  par les incidents suivants :
- le 1er : interruption des circulations à Rennes suite au signalement de personnes et d'objets sur les voies (8 TGV retardés pour un total de 182 minutes perdues)
- le 15 : défaillance Matériel d'un train sur la ligne à Grande Vitesse Atlantique - vers Marcoussis - (13 TGV retardés pour un total de 389 minutes perdues) 
- les 26 et 27 : absence de tension électrique entre Angers et Le Mans liée aux intempéries avec incendie d'un transformateur éléctrique à Sablé (49 TGV pour un total de 3658 minutes perdues) , certains trains ont emprunté un autre itinéraire via Rennes ou St Pierre-des-Corps pour éviter la zone d'incident.";10;15.24756944;6;2;22.22222222;11.11111111;22.22222222;33.33333333;11.11111111;0.0
2018-05;National;DOUAI;PARIS NORD;77;206;61;;20;21.5325;3.670574713;;43;24.98604651;8.118850575;Le domaine réseau externe dominant, avec notamment les  conséquences de l’inondation du souterrain de Pierrefitte d’une part, et d’autre part avec l’accident de personne de Joncherolles le lendemain (vendredi 25 et samedi 26).Pour ce même  domaine Externe il convient d’ajouter aux causes principales précitées, un second accident de personne près de Vaumort, soit au total un taux d’irrégularité avoisinant les 6 %.;26;8.118850575;10;3;33.33333333;20.51282051;23.07692308;17.94871795;0.0;5.128205128
2018-05;National;MARSEILLE ST CHARLES;TOURCOING;299;26;9;;1;99.2;5.670588235;;2;55.0;7.941176471;"30/05 : suite accident de personne à Vergigny => +90'
19/05 : bagage abandonné en gare à MSC => +64'";2;7.941176471;1;1;50.0;50.0;0.0;0.0;0.0;0.0
2018-05;National;MARSEILLE ST CHARLES;LYON PART DIEU;106;584;180;;33;23.06060606;2.240759076;;80;29.85520833;8.13960396;;52;8.13960396;18;9;48.0;10.66666667;24.0;8.0;4.0;5.333333333
2018-05;International;ITALIE;PARIS LYON;286;82;19;;28;12.92857143;6.857142857;;22;28.58484848;12.38174603;;22;12.38174603;8;1;0.0;0.0;0.0;0.0;0.0;0.0
2018-05;National;PARIS MONTPARNASSE;POITIERS;92;496;162;;13;14.2525641;0.415768463;;26;19.0224359;1.92739521;;10;1.92739521;4;1;16.66666667;38.88888889;0.0;22.22222222;11.11111111;11.11111111
2018-05;National;BORDEAUX ST JEAN;TOURCOING;300;28;7;;3;7.961111111;1.798412698;;2;101.0;12.76190476;26/05 : Rétention à PS  pour prise en charge client 5284 suite intempérie => +166' à l'arrivée à TG;2;12.76190476;2;1;0.0;50.0;0.0;0.0;0.0;50.0
2018-05;National;BESANCON FRANCHE COMTE TGV;PARIS LYON;131;196;41;;19;13.70087719;1.852903226;;12;30.04027778;2.235268817;;7;2.235268817;4;2;33.33333333;11.11111111;22.22222222;11.11111111;22.22222222;0.0
2018-05;National;POITIERS;PARIS MONTPARNASSE;92;449;135;;48;10.52534722;2.181475584;;66;15.36691919;4.246231423;;17;4.246231423;7;1;18.36734694;32.65306122;12.24489796;24.48979592;4.081632653;8.163265306
2018-05;National;PARIS LYON;SAINT ETIENNE CHATEAUCREUX;171;101;30;;8;16.58333333;1.602816901;;14;25.68690476;5.45258216;;10;5.45258216;3;0;28.57142857;14.28571429;7.142857143;21.42857143;0.0;28.57142857
2018-05;International;MARSEILLE ST CHARLES;MADRID;202;25;14;;0;0.0;0.0;;3;26.66666667;8.181818182;;3;8.181818182;1;0;0.0;0.0;0.0;0.0;0.0;0.0
2018-05;National;LAVAL;PARIS MONTPARNASSE;85;204;48;;20;12.60666667;2.266452991;;43;16.9251938;5.102136752;"Ce mois-ci, l'OD a été touchée par la grève (12 journées sur le mois) ainsi que  par les incidents suivants :
- le 1er : interruption des circulations à Rennes suite au signalement de personnes et d'objets sur les voies (8 TGV retardés pour un total de 182 minutes perdues)
- le 15 : défaillance Matériel d'un train sur la ligne à Grande Vitesse Atlantique - vers Marcoussis - (13 TGV retardés pour un total de 389 minutes perdues) 
- le 16 : restitution tardive des travaux liée à des difficultés techniques à Paris Montparnasse (41 TGV pour un total de 675 minutes perdues) ;
- les 26 et 27 : absence de tension électrique entre Angers et Le Mans liée aux intempéries avec incendie d'un transformateur éléctrique à Sablé (49 TGV pour un total de 3658 minutes perdues) , certains trains ont emprunté un autre itinéraire via Rennes ou St Pierre-des-Corps pour éviter la zone d'incident.";14;5.102136752;4;3;35.71428571;25.0;21.42857143;7.142857143;7.142857143;3.571428571
2018-05;National;METZ;PARIS EST;87;296;37;;42;14.10753968;3.029472329;;48;20.76840278;4.327863578;;24;4.327863578;10;3;29.41176471;29.41176471;17.64705882;23.52941176;0.0;0.0
2018-05;National;MONTPELLIER;PARIS LYON;206;489;146;;73;23.7239726;5.500923226;;68;41.17303922;7.346987366;Heurt d’une personne par le TGV 6608 à Maisons-Alfort.;56;7.346987366;31;12;49.05660377;22.64150943;9.433962264;9.433962264;1.886792453;7.547169811
2018-05;National;PARIS LYON;NICE VILLE;351;234;57;;22;18.76136364;2.299246704;;22;40.83560606;6.536723164;Heurt d’une personne par le TGV 6608 à Maisons-Alfort.;22;6.536723164;13;4;50.0;13.63636364;4.545454545;18.18181818;4.545454545;9.090909091
2018-05;National;ANGERS SAINT LAUD;PARIS MONTPARNASSE;91;409;95;;55;19.17727273;4.203609342;;71;28.45422535;7.442622081;;39;7.442622081;17;7;34.92063492;28.57142857;3.174603175;22.22222222;3.174603175;7.936507937
2018-05;National;ST PIERRE DES CORPS;PARIS MONTPARNASSE;62;420;113;;48;13.996875;2.848914224;;76;15.31798246;4.303040174;;19;4.303040174;8;1;17.54385965;28.07017544;21.05263158;22.80701754;3.50877193;7.01754386
2018-05;National;PARIS NORD;ARRAS;49;354;146;;32;42.1390625;6.706410256;;57;34.18450292;10.40729167;;24;10.40729167;18;12;33.33333333;26.31578947;19.29824561;12.28070175;5.263157895;3.50877193
2018-05;National;PARIS NORD;DOUAI;66;203;59;;21;47.8531746;7.153703704;;36;40.27546296;10.31446759;Le domaine réseau externe dominant, avec notamment les  conséquences de l’inondation du souterrain de Pierrefitte d’une part, et d’autre part avec l’accident de personne de Joncherolles le lendemain (vendredi 25 et samedi 26).Pour ce même  domaine Externe il convient d’ajouter aux causes principales précitées, un second accident de personne près de Vaumort, soit au total un taux d’irrégularité avoisinant les 6 %.;22;10.31446759;14;9;34.28571429;22.85714286;22.85714286;14.28571429;2.857142857;2.857142857
2018-05;International;FRANCFORT;PARIS EST;111;167;3;;40;15.65;4.719512195;;38;26.17587719;7.321443089;;23;7.321443089;8;2;0.0;0.0;0.0;0.0;0.0;0.0
2018-05;National;LA ROCHELLE VILLE;PARIS MONTPARNASSE;165;216;45;;7;19.85714286;0.953216374;;25;23.04266667;5.14785575;;11;5.14785575;5;2;44.0;4.0;12.0;16.0;8.0;16.0
2018-05;National;LILLE;MARSEILLE ST CHARLES;308;189;40;;25;19.76666667;3.754250559;;40;40.61958333;13.18008949;"Le domaine réseau externe dominant, avec notamment les  conséquences de l’inondation du souterrain de Pierrefitte d’une part, et d’autre part avec l’accident de personne de Joncherolles le lendemain (vendredi 25 et samedi 26).Pour ce même  domaine Externe il convient d’ajouter aux causes principales précitées, un second accident de personne près de Vaumort, soit au total un taux d’irrégularité avoisinant les 6 %. 
On retiendra la longue alerte radio intempestive la matinée du mardi 02 à Lille Flandres, un signal émis pendant deux heures environ";40;13.18008949;17;6;34.61538462;11.53846154;15.38461538;19.23076923;11.53846154;7.692307692
2018-05;National;PARIS LYON;LE CREUSOT MONTCEAU MONTCHANIN;79;212;12;;18;22.70833333;1.726333333;;35;25.19571429;5.19225;;17;5.19225;9;2;29.16666667;4.166666667;29.16666667;16.66666667;16.66666667;4.166666667
2018-05;National;LE CREUSOT MONTCEAU MONTCHANIN;PARIS LYON;81;223;10;;59;14.26016949;4.780046948;;39;20.03418803;2.694913928;;18;2.694913928;3;3;28.57142857;14.28571429;25.71428571;11.42857143;11.42857143;8.571428571
2018-05;National;PARIS LYON;NIMES;179;399;139;;28;18.24821429;1.833717949;;33;41.29191919;5.841410256;Heurt d’une personne par le TGV 6608 à Maisons-Alfort.;28;5.841410256;15;6;45.45454545;21.21212121;0.0;27.27272727;3.03030303;3.03030303
2018-05;National;LILLE;PARIS NORD;63;639;179;;74;18.51126126;3.400362319;;112;24.59866071;6.300543478;;50;6.273268398;30;12;38.83495146;9.708737864;27.18446602;11.65048544;8.737864078;3.883495146
2018-05;National;TOURCOING;MARSEILLE ST CHARLES;309;19;3;;0;0.0;0.0;;0;0.0;0.0;;0;1.264583333;0;0;0.0;0.0;0.0;0.0;0.0;0.0
2018-05;National;SAINT ETIENNE CHATEAUCREUX;PARIS LYON;170;79;13;;3;7.861111111;0.516919192;;7;28.15714286;2.59469697;;4;2.59469697;3;1;42.85714286;0.0;14.28571429;0.0;14.28571429;28.57142857
2018-05;International;PARIS LYON;BARCELONA;310;56;0;;6;27.61111111;2.881547619;;10;71.5;15.23214286;;10;15.23214286;6;4;0.0;0.0;0.0;0.0;0.0;0.0
2018-05;National;TOULON;PARIS LYON;239;307;71;;23;19.04275362;2.433615819;;32;51.4859375;7.388206215;Heurt d’une personne par le TGV 6608 à Maisons-Alfort.;32;7.388206215;18;10;56.25;12.5;9.375;12.5;6.25;3.125
2018-05;National;BREST;PARIS MONTPARNASSE;226;249;65;;1;10.0;0.087137681;;15;29.04111111;4.725271739;;15;4.725271739;4;1;28.57142857;21.42857143;0.0;35.71428571;7.142857143;7.142857143
2018-05;National;PARIS MONTPARNASSE;ST PIERRE DES CORPS;61;411;128;;15;17.29666667;0.723203769;;39;15.06452991;2.862367491;;9;2.862367491;4;2;33.33333333;11.11111111;14.81481481;37.03703704;3.703703704;0.0
2018-05;International;PARIS LYON;LAUSANNE;180;142;34;;8;15.63541667;1.063734568;;13;31.61538462;5.62037037;;9;5.62037037;5;2;0.0;0.0;0.0;0.0;0.0;0.0
2018-05;National;PARIS LYON;AIX EN PROVENCE TGV;188;457;76;;42;25.14365079;2.662992126;;65;33.58794872;6.601706037;;50;6.601706037;29;8;33.87096774;9.677419355;20.96774194;29.03225806;6.451612903;0.0
2018-05;National;PARIS LYON;GRENOBLE;188;232;72;;13;19.89871795;1.549479167;;26;35.57692308;6.609375;;21;6.609375;10;3;24.0;20.0;24.0;28.0;4.0;0.0
2018-05;National;PERPIGNAN;PARIS LYON;301;203;61;;34;16.87892157;4.735915493;;32;45.64635417;10.43462441;Heurt d’une personne par le TGV 6608 à Maisons-Alfort.;32;10.43462441;18;6;52.38095238;23.80952381;9.523809524;9.523809524;4.761904762;0.0
2018-05;International;STUTTGART;PARIS EST;122;145;1;;40;17.425;6.340277778;;27;24.86666667;5.767708333;;18;5.767708333;7;1;0.0;0.0;0.0;0.0;0.0;0.0
2018-05;International;ZURICH;PARIS LYON;176;133;17;;26;10.69230769;3.862068966;;27;30.20740741;8.701436782;;17;8.701436782;6;3;0.0;0.0;0.0;0.0;0.0;0.0
2018-05;National;MULHOUSE VILLE;PARIS LYON;167;302;62;;62;16.31317204;5.113263889;;46;29.4884058;6.475069444;;31;6.475069444;11;5;18.75;12.5;31.25;18.75;6.25;12.5
2018-05;National;PARIS LYON;TOULON;241;310;87;;25;20.20066667;2.237668161;;34;39.18480392;5.617189836;;34;5.617189836;17;5;48.48484848;6.060606061;9.090909091;27.27272727;3.03030303;6.060606061
2018-05;National;ST MALO;PARIS MONTPARNASSE;170;83;20;;16;5.904166667;1.272751323;;6;19.50555556;3.368253968;;4;3.368253968;0;0;0.0;16.66666667;16.66666667;33.33333333;16.66666667;16.66666667
2018-05;National;STRASBOURG;PARIS EST;113;498;47;;102;15.05767974;4.085957132;;65;26.33538462;4.297634885;;44;4.297634885;16;5;39.13043478;21.73913043;26.08695652;8.695652174;4.347826087;0.0
2018-05;National;PARIS MONTPARNASSE;BREST;224;235;67;;9;13.89814815;0.874305556;;13;21.30769231;3.452380952;;13;3.411764706;3;0;30.76923077;30.76923077;0.0;38.46153846;0.0;0.0
2018-05;National;QUIMPER;PARIS MONTPARNASSE;226;242;63;;4;19.0;0.565735568;;16;34.25520833;5.3641527;;16;5.334351852;5;2;31.25;12.5;6.25;31.25;6.25;12.5
2018-05;International;BARCELONA;PARIS LYON;295;74;12;;6;8.833333333;1.241935484;;12;33.875;5.644354839;;12;5.644354839;6;0;0.0;0.0;0.0;0.0;0.0;0.0
2018-05;National;PARIS EST;REIMS;50;242;40;;21;14.96190476;1.724587459;;24;14.80555556;1.483745875;;8;1.483745875;2;1;21.05263158;5.263157895;0.0;52.63157895;21.05263158;0.0
2018-05;National;NANTES;STRASBOURG;301;57;14;;3;9.938888889;1.593023256;;6;27.875;4.451550388;;6;4.451550388;2;0;50.0;16.66666667;16.66666667;16.66666667;0.0;0.0
2018-05;National;PARIS LYON;BESANCON FRANCHE COMTE TGV;130;174;38;;15;22.53222222;2.531495098;;23;25.18985507;5.509436275;;14;5.509436275;6;2;21.73913043;13.04347826;17.39130435;34.7826087;8.695652174;4.347826087
2018-05;National;PARIS MONTPARNASSE;LE MANS;54;426;82;;20;20.52666667;1.016036822;;46;17.81050725;2.460222868;;18;2.460222868;7;1;45.45454545;15.15151515;6.060606061;27.27272727;3.03030303;3.03030303
2018-05;National;RENNES;PARIS VAUGIRARD;111;19;0;;1;10.03333333;0.487719298;;2;14.75833333;2.227192982;;1;2.227192982;0;0;0.0;50.0;50.0;0.0;0.0;0.0
2018-05;National;MARSEILLE ST CHARLES;MARNE LA VALLEE;214;314;55;;16;30.96666667;2.168404118;;47;38.02765957;7.851029601;;44;7.851029601;19;8;47.82608696;15.2173913;19.56521739;15.2173913;0.0;2.173913043
2018-05;National;GRENOBLE;PARIS LYON;188;227;66;;11;22.45454545;1.69057971;;25;29.42;3.866666667;;17;3.866666667;8;3;20.0;12.0;44.0;20.0;4.0;0.0
2018-05;National;MONTPELLIER;LYON PART DIEU;112;330;122;;28;27.03690476;4.155929487;;36;36.80277778;8.248397436;;27;8.248397436;17;6;27.5862069;31.03448276;17.24137931;17.24137931;6.896551724;0.0
2018-05;National;MARNE LA VALLEE;MARSEILLE ST CHARLES;218;338;70;;77;19.33138528;6.19409204;;65;43.82102564;12.57680348;Evacuation de la gare de Marseille-St-Charles, cause colis suspect.;65;12.57680348;26;12;33.33333333;11.11111111;19.44444444;22.22222222;8.333333333;5.555555556
2018-05;National;ANNECY;PARIS LYON;224;180;63;;6;22.17777778;1.282193732;;25;29.826;7.531623932;;25;7.531623932;9;2;32.0;4.0;40.0;20.0;4.0;0.0
2018-05;National;MARSEILLE ST CHARLES;PARIS LYON;202;441;68;;42;25.51746032;3.038650581;;56;39.56279762;5.972028597;Evacuation de la gare de Marseille-St-Charles, cause colis suspect.;44;5.972028597;26;10;51.78571429;10.71428571;10.71428571;17.85714286;7.142857143;1.785714286
2018-05;National;PARIS EST;NANCY;98;320;67;;27;15.64012346;2.012582345;;19;27.00350877;2.113570487;;11;2.113570487;7;1;33.33333333;22.22222222;0.0;16.66666667;16.66666667;11.11111111
2018-05;National;PARIS MONTPARNASSE;LA ROCHELLE VILLE;167;219;48;;6;20.44444444;0.597173489;;12;37.08333333;2.760233918;;10;2.760233918;6;1;25.0;16.66666667;0.0;25.0;16.66666667;16.66666667
2018-05;National;NANCY;PARIS EST;94;316;61;;16;15.50208333;1.321764706;;18;32.99814815;2.649542484;;14;2.649542484;5;3;41.17647059;17.64705882;11.76470588;17.64705882;11.76470588;0.0
2018-05;National;DUNKERQUE;PARIS NORD;117;232;76;;6;35.58333333;1.538247863;;27;30.97407407;7.065811966;;22;7.065811966;10;4;48.14814815;22.22222222;11.11111111;14.81481481;3.703703704;0.0
2018-05;National;PARIS MONTPARNASSE;QUIMPER;222;244;71;;10;13.99666667;0.608188825;;11;27.54545455;2.997109827;;11;2.997109827;2;0;0.0;54.54545455;9.090909091;18.18181818;9.090909091;9.090909091
2018-05;National;RENNES;PARIS MONTPARNASSE;98;614;200;;45;15.99259259;2.373510467;;89;18.73014981;5.138446055;;36;5.138446055;11;5;36.92307692;20.0;15.38461538;18.46153846;3.076923077;6.153846154
2018-05;National;PARIS EST;METZ;87;288;36;;26;15.7224359;1.823346561;;34;16.15343137;1.613492063;;9;1.613492063;6;0;21.875;15.625;21.875;31.25;9.375;0.0
2018-05;National;TOURS;PARIS MONTPARNASSE;75;175;32;;5;11.20666667;0.431351981;;31;15.14086022;3.827622378;;10;3.827622378;3;0;22.72727273;22.72727273;13.63636364;27.27272727;4.545454545;9.090909091
2018-05;National;CHAMBERY CHALLES LES EAUX;PARIS LYON;184;221;63;;89;20.932397;12.13723629;;49;29.8;9.829219409;Heurt d’une personne par le TGV 6176 entre Bonlieu et Allan.;37;9.829219409;15;5;23.80952381;14.28571429;28.57142857;28.57142857;0.0;4.761904762
2018-05;National;DIJON VILLE;PARIS LYON;97;434;78;;119;16.23585434;6.386142322;;49;34.04387755;5.065636704;;33;5.065636704;18;8;30.0;10.0;20.0;20.0;20.0;0.0
2018-05;National;ARRAS;PARIS NORD;51;375;141;;43;18.79496124;4.003703704;;62;24.85806452;7.251994302;;36;7.251994302;15;5;32.75862069;15.51724138;27.5862069;18.96551724;1.724137931;3.448275862
2018-05;National;MARNE LA VALLEE;LYON PART DIEU;109;374;88;;121;20.17369146;9.281934732;;74;29.32927928;7.510664336;;52;7.510664336;22;7;27.5;17.5;5.0;35.0;10.0;5.0
2018-05;National;AVIGNON TGV;PARIS LYON;159;573;75;;78;22.70982906;3.943340027;;85;39.30607843;6.652978581;;63;6.652978581;38;16;54.11764706;8.235294118;15.29411765;14.11764706;5.882352941;2.352941176
2018-05;National;LYON PART DIEU;PARIS LYON;120;658;68;;104;12.9625;3.176271186;;57;30.13070175;2.694548023;;41;2.694548023;16;8;44.44444444;14.81481481;7.407407407;14.81481481;7.407407407;11.11111111
2018-06;National;PARIS MONTPARNASSE;TOULOUSE MATABIAU;259;176;22;;12;13.675;1.017424242;;27;28.87530864;7.515584416;;27;7.515584416;7;2;44.44444444;37.03703704;11.11111111;7.407407407;0.0;0.0
2018-06;National;PARIS LYON;AVIGNON TGV;159;504;18;;72;26.16018519;3.817592593;;109;31.17752294;8.649725652;intervention pompiers à bord du 9827 à Valence-TGV;73;8.649725652;35;13;11.11111111;24.07407407;19.44444444;30.55555556;12.96296296;1.851851852
2018-06;International;GENEVE;PARIS LYON;180;218;45;;8;38.25;-0.826589595;;116;33.8091954;23.66396917;;92;23.66396917;51;15;0.0;0.0;0.0;0.0;0.0;0.0
2018-06;National;PARIS MONTPARNASSE;RENNES;97;640;118;;38;17.27412281;1.178544061;;91;16.95934066;3.629885057;;34;3.629885057;12;1;19.73684211;26.31578947;21.05263158;26.31578947;5.263157895;1.315789474
2018-06;National;LE CREUSOT MONTCEAU MONTCHANIN;PARIS LYON;81;217;1;;79;14.85295359;6.101388889;;53;24.12767296;5.920447531;colis suspect en gare de Paris Gare de Lyon;19;5.920447531;13;8;4.444444444;28.88888889;28.88888889;24.44444444;13.33333333;0.0
2018-06;National;NANTES;STRASBOURG;302;53;11;;3;11.52777778;1.817460317;;8;37.35416667;8.665873016;;8;8.665873016;3;1;12.5;37.5;37.5;12.5;0.0;0.0
2018-06;National;MONTPELLIER;LYON PART DIEU;112;317;115;;41;29.37642276;6.539851485;;46;42.72318841;12.19909241;;35;12.19909241;17;9;19.51219512;39.02439024;14.63414634;12.19512195;7.317073171;7.317073171
2018-06;International;MARSEILLE ST CHARLES;MADRID;202;30;18;;0;1.0;0.708333333;;1;81.0;8.0;;1;8.0;1;1;0.0;0.0;0.0;0.0;0.0;0.0
2018-06;National;PARIS MONTPARNASSE;ANGERS SAINT LAUD;90;383;40;;22;24.57727273;1.376336249;;58;32.4408046;7.431049563;;29;7.431049563;19;5;22.0;34.0;20.0;14.0;4.0;6.0
2018-06;National;NANCY;PARIS EST;93;314;36;;19;18.10263158;1.510551559;;26;25.31602564;3.125359712;;13;3.125359712;7;1;15.38461538;30.76923077;7.692307692;23.07692308;19.23076923;3.846153846
2018-06;National;STRASBOURG;NANTES;287;54;12;;7;9.283333333;1.775;;9;44.29814815;11.09166667;"01/06 : Réutilisation rame du 20180 ? 5488 (29‘) + intervention police au Mans? 5487 (5’)
04/06 : Csq LTV inopinée à Sablé ? 5487 (5’) et 5488 (5‘) + attente correspondance TER à CGV ?  5470 (5‘) et espacements (9’) + csq personnes aux abords des voies ? 5488 (5’)
05/06 : Pb climatisation à Angers ? 5488 (6’)
06/06 : Pb ADC inapte au matériel ? 5470 (16‘) et 5487 (16‘) + Dérangement de zone à Meuse ? 5488 (5’)
09/06 : Attente ASCT dans 5487 ? 5470 (5‘)
10/06 : BM isolé sur 5470 (16’) et csq sur 5487 (5’) + incident caténaire à Marcoussis? 5488 (44‘) + défaut de signalisation sur 5487 (10’)
11/06 : 5488? retard sur un autre réseau (5‘) et csq incident caténaire à Lesse (86’) et csq intempéries à St Nazaire (28’) + 5487 ?obstacles sur les voies (20’) et  coupe lente au mans (5’) + 5470 ? Csq intempéries à St Nazaire (5’) et non-respect marche tracée (6’ et 11’)
14/06 : 5470? Déclenchement DBC (18’) + 5488? Défaut de liaison à Saverne (55’)
15/06 : LTV à Sablé ? 5488 (5‘) + Raté ouverture PN ? 5470 (5’)
16/06 : Csq défauts techniques ? 5470 (14‘) + LTV à Sablé (5’)
20/06 : 5488 ? Csq Intervention police à SG (8’) + Dérangement d’installation (31’) +  Csq rame HS à Paris M (14‘) 
21/06 : Attente matériel pour 5487 (5’) et Csq raté ouverture PN pour 5470 (12’)
24/06 : Espacements suite à affluences voyageurs et pb pour monter rame à Paris Montparnasse ? 5488 (11’) + Csq dérangement sémaphore à Ecouflant ? 5470 (5’) + LTV à Sablé ? 5487(5’)
25/06 : Csq dévoiement inopiné à Gennevilliers ? 5488 (8’) + Attente correspondance TER à CGV (7’)
26/06 : 5488? Csq refus ASCT d’embarquer une personne blessée sur 9894 (45’) + Attente correspondance à MVC (5’) + LTV à Sablé (7’) + 5470? LTV inopinée à Tiercé (5’)
29/06 : défaut fermeture porte sur 5470 à SG (6’) + 5487 (5’)
30/06 : 5487 ? LTV inopinée à Tiercé (5’) + LTV à Sablé (5’)";9;11.09166667;6;1;33.33333333;44.44444444;0.0;11.11111111;0.0;11.11111111
2018-06;National;LILLE;LYON PART DIEU;190;320;72;;64;10.84036458;3.483938172;;44;21.14772727;4.399798387;;26;4.399798387;9;0;22.22222222;33.33333333;11.11111111;18.51851852;11.11111111;3.703703704
2018-06;National;RENNES;PARIS VAUGIRARD;111;30;0;;1;74.58333333;2.874444444;;2;37.0;3.708333333;;2;3.708333333;1;0;0.0;50.0;0.0;50.0;0.0;0.0
2018-06;National;MARSEILLE ST CHARLES;PARIS LYON;202;427;18;;35;12.93380952;1.42607987;;67;30.00199005;5.74409128;;50;5.74409128;17;8;19.40298507;32.8358209;20.89552239;10.44776119;11.94029851;4.47761194
2018-06;National;BREST;PARIS MONTPARNASSE;226;254;43;;9;16.55555556;0.734597156;;24;34.74652778;6.913586098;;23;6.880974843;10;1;59.09090909;18.18181818;4.545454545;9.090909091;9.090909091;0.0
2018-06;National;PARIS MONTPARNASSE;NANTES;124;540;74;;30;19.72111111;1.109549356;;65;43.51384615;7.392775393;;46;7.392775393;25;7;32.30769231;30.76923077;21.53846154;7.692307692;4.615384615;3.076923077
2018-06;National;PARIS NORD;DOUAI;67;206;39;;18;24.26296296;2.945708583;;37;17.18558559;4.37255489;;12;4.37255489;4;2;17.64705882;26.47058824;23.52941176;23.52941176;8.823529412;0.0
2018-06;National;LYON PART DIEU;LILLE;187;300;82;;121;15.95991736;9.777522936;;91;27.7540293;13.50795107;;65;13.50795107;28;6;27.5862069;26.43678161;14.94252874;16.09195402;8.045977011;6.896551724
2018-06;National;PARIS VAUGIRARD;NANTES;139;50;0;;3;11.05555556;0.443666667;;6;64.24722222;9.553;"01/06: Restitution tardive TRVX
11/06: Intempéries
12/06: Dérangement d'installation
25/06: Dérangement d'animaux sauvages";4;9.553;2;1;33.33333333;33.33333333;33.33333333;0.0;0.0;0.0
2018-06;National;MARNE LA VALLEE;MARSEILLE ST CHARLES;218;345;50;;79;14.59198312;4.821186441;;49;29.59693878;6.597909605;;49;6.597909605;18;1;24.13793103;27.5862069;20.68965517;13.79310345;6.896551724;6.896551724
2018-06;International;PARIS EST;FRANCFORT;108;155;1;;8;29.53333333;1.752597403;;16;31.5625;3.941558442;;8;3.941558442;5;4;0.0;0.0;0.0;0.0;0.0;0.0
2018-06;International;PARIS LYON;LAUSANNE;179;136;14;;12;28.69861111;2.779508197;;29;32.72413793;10.45081967;;24;10.45081967;11;3;0.0;0.0;0.0;0.0;0.0;0.0
2018-06;National;LAVAL;PARIS MONTPARNASSE;86;199;32;;19;13.23596491;2.291716567;;52;15.5525641;5.459580838;;14;5.459580838;4;1;28.57142857;25.71428571;14.28571429;22.85714286;5.714285714;2.857142857
2018-06;National;QUIMPER;PARIS MONTPARNASSE;224;249;45;;3;13.0;0.284313725;;24;31.90625;6.882271242;;24;6.882271242;8;1;45.83333333;16.66666667;8.333333333;25.0;0.0;4.166666667
2018-06;National;PARIS MONTPARNASSE;LA ROCHELLE VILLE;166;217;22;;12;18.5625;1.154102564;;23;31.91304348;4.553846154;;17;4.553846154;8;4;50.0;27.27272727;4.545454545;13.63636364;0.0;4.545454545
2018-06;National;TOULOUSE MATABIAU;PARIS MONTPARNASSE;258;175;21;;12;17.52361111;1.245670996;;33;40.5;10.88820346;;33;10.88820346;14;6;27.27272727;30.3030303;9.090909091;27.27272727;3.03030303;3.03030303
2018-06;National;PARIS MONTPARNASSE;ST MALO;171;96;11;;8;15.62916667;1.485098039;;7;31.51190476;2.124509804;;4;2.124509804;2;1;57.14285714;14.28571429;14.28571429;14.28571429;0.0;0.0
2018-06;National;PARIS LYON;MACON LOCHE;96;195;47;;14;49.61190476;4.65045045;;14;65.67261905;7.118018018;arrachement caténaire par le TER 150426 près de Vert de Maisons;12;7.118018018;10;5;7.142857143;64.28571429;0.0;21.42857143;7.142857143;0.0
2018-06;National;ANNECY;PARIS LYON;225;178;41;;7;14.28571429;0.837226277;;75;38.68044444;22.77007299;Détournements suite affaissement du talus à St-Béron-la-Bridoire dans les Alpes.;75;22.77007299;40;9;63.01369863;16.43835616;10.95890411;8.219178082;0.0;1.369863014
2018-06;National;DIJON VILLE;PARIS LYON;97;433;43;;103;18.23268608;5.950128205;;63;37.90740741;7.312136752;;48;7.312136752;28;15;10.52631579;47.36842105;21.05263158;15.78947368;5.263157895;0.0
2018-06;National;SAINT ETIENNE CHATEAUCREUX;PARIS LYON;170;76;1;;0;0.0;-3.490888889;;9;31.57962963;5.775777778;;7;5.775777778;3;2;0.0;33.33333333;55.55555556;0.0;11.11111111;0.0
2018-06;National;PARIS LYON;VALENCE ALIXAN TGV;131;384;82;;56;28.42083333;5.286810155;;52;41.24775641;8.165231788;décontrôle d’aiguilles à Valence-TGV;43;8.165231788;23;13;12.24489796;32.65306122;10.20408163;36.73469388;6.12244898;2.040816327
2018-06;National;STRASBOURG;PARIS EST;111;485;17;;102;16.96078431;4.587464387;;85;29.57568627;6.056730769;;60;6.056730769;27;9;10.25641026;41.02564103;17.94871795;15.38461538;12.82051282;2.564102564
2018-06;National;PERPIGNAN;PARIS LYON;301;218;58;;51;21.00065359;7.3009375;;53;49.86949686;18.5884375;bâche flottante sur un train de fret vers Agde.;53;18.5884375;39;15;50.0;30.0;13.33333333;3.333333333;0.0;3.333333333
2018-06;National;MONTPELLIER;PARIS LYON;206;487;101;;106;25.18852201;7.43380829;;99;43.11666667;12.1447323;arrachement caténaire par le TER 150426 près de Vert de Maisons;79;12.1447323;56;23;27.39726027;32.87671233;23.28767123;13.69863014;0.0;2.739726027
2018-06;International;STUTTGART;PARIS EST;121;145;0;;46;15.82608696;6.696551724;;33;27.32929293;7.552528736;;20;7.552528736;8;3;0.0;0.0;0.0;0.0;0.0;0.0
2018-06;National;PARIS MONTPARNASSE;LE MANS;54;429;54;;28;20.81845238;1.446577778;;57;18.38070175;3.125288889;;23;3.125288889;14;1;12.82051282;30.76923077;17.94871795;23.07692308;12.82051282;2.564102564
2018-06;National;DOUAI;PARIS NORD;77;203;37;;7;15.7047619;1.218273092;;25;16.34066667;3.302409639;;7;3.302409639;4;1;5.263157895;26.31578947;47.36842105;10.52631579;10.52631579;0.0
2018-06;National;VANNES;PARIS MONTPARNASSE;156;269;52;;15;18.94777778;1.987173579;;41;24.63536585;6.999231951;;26;6.999231951;9;1;41.02564103;23.07692308;12.82051282;15.38461538;2.564102564;5.128205128
2018-06;National;ARRAS;PARIS NORD;51;397;96;;30;17.88722222;2.489258029;;63;18.93253968;4.739424142;;24;4.739424142;11;5;16.36363636;29.09090909;30.90909091;12.72727273;10.90909091;0.0
2018-06;National;PARIS VAUGIRARD;RENNES;122;30;0;;2;13.89166667;0.842777778;;6;31.48055556;7.130555556;;5;7.130555556;1;1;40.0;40.0;0.0;0.0;20.0;0.0
2018-06;National;BELLEGARDE (AIN);PARIS LYON;163;228;47;;27;19.67469136;3.889042357;;121;33.44256198;23.28941068;Détournements suite affaissement du talus à St-Béron-la-Bridoire dans les Alpes.;96;23.28941068;52;16;75.0;25.0;0.0;0.0;0.0;0.0
2018-06;National;MACON LOCHE;PARIS LYON;99;224;23;;100;23.02666667;12.27960199;;71;34.22323944;13.00878939;arrachement caténaire par le TER 150426 près de Vert de Maisons;61;13.00878939;30;10;30.0;22.0;36.0;8.0;2.0;2.0
2018-06;National;PARIS LYON;SAINT ETIENNE CHATEAUCREUX;169;114;32;;11;31.76969697;4.147357724;;21;31.93888889;9.142682927;;14;9.142682927;7;3;9.523809524;14.28571429;9.523809524;38.0952381;9.523809524;19.04761905
2018-06;National;LYON PART DIEU;MARSEILLE ST CHARLES;107;607;156;;143;18.85745921;6.836511456;;113;27.06932153;7.963895048;;85;7.963895048;30;6;35.13513514;22.97297297;13.51351351;16.21621622;5.405405405;6.756756757
2018-06;National;PARIS MONTPARNASSE;QUIMPER;221;255;44;;16;16.30729167;1.12906793;;14;35.71428571;4.120853081;;14;4.120853081;6;2;15.38461538;38.46153846;15.38461538;23.07692308;7.692307692;0.0
2018-06;National;METZ;PARIS EST;85;300;14;;79;15.4664557;4.918997669;;82;19.55792683;6.32465035;"01/06 : Attente correspondance ?2891 et 2869 (19 et 23’) + Retard sur autre réseau ?2881 et 2855 (8’ et 8’) + Signal d’alarme sur 2869 (7’) + perte de temps pour accroche sur 2877 (10’)
04/06 : Retard sur autre réseau ?2881 (12’), 2865 (16’), 2891 (10’), 2869 (12’) + montée de 2 PSH à  Metz ? 2865 (9’) + Arbre sur caténaire ?2881 (21’)
05/06 : Incident caténaire à Pantin ? 2869 (16‘), 2865 (53‘), 2660 (121‘), 2881 (7‘)
06/06 : Incident caténaire à Pantin ? 2855 (13’)
11/06 : Retard sur autre réseau ? 2861(17’) et 2865 (11’)
14/06 : Retard sur autre réseau ? 2869 (21‘) + DBC sur 2660 (11’)
15/06 : Retard sur autre réseau ?2853 (34‘) et 2855 (6‘) + sortie tardive du matériel à Metz? 2650  (30’)
20/06 : Retard sur autre réseau ? 2891 (38‘), 2853 (7‘), 2869 (8‘), 2881 (9‘) + décontrôle aiguille pour 2855 (14’)
21/06 : Csq déraillement à Woippy ? 2869 (91’), 2865 (20’) + Retard dur autre réseau ? 2855 (26’), 2853 (17’), 2865 (30’), 2881 (28’)
26/06 : Csq déraillement draisine ?2855 (7’) et 2853 (7’) + signal d’alarme tiré? 2682 (8’) + retard sur un autre réseau ?  2881 (8’)
29/06 : Attente correspondance ?2891 (11‘)
30/06 : Attente correspondance ? 2869 (17‘)";37;6.32465035;12;2;15.0;20.0;20.0;30.0;15.0;0.0
2018-06;National;BORDEAUX ST JEAN;PARIS VAUGIRARD;143;59;0;;8;19.68333333;2.756779661;;13;26.2525641;5.728813559;"01/06: Attente personnel A
04/06: Dérangement d'installation
09/06: Attente Matériel 
23/06: Alerte à la bombe/Colius suspect
24/06: Dérangement asservissement sol/machine
26/06: Espacement";9;5.728813559;5;0;23.07692308;23.07692308;23.07692308;30.76923077;0.0;0.0
2018-06;National;BORDEAUX ST JEAN;TOURCOING;297;33;0;;2;35.23333333;2.836363636;;5;28.4;7.606060606;;5;7.606060606;2;0;40.0;0.0;20.0;40.0;0.0;0.0
2018-06;National;PARIS LYON;NICE VILLE;350;243;45;;33;21.75050505;3.796380471;;22;54.53257576;6.952188552;dérangement de zone V1 sur LN1 à Sully;22;6.952188552;15;7;40.90909091;31.81818182;0.0;22.72727273;4.545454545;0.0
2018-06;National;BORDEAUX ST JEAN;PARIS MONTPARNASSE;142;844;156;;126;18.93214286;3.913977713;;129;27.69276486;6.601162791;;92;6.601162791;31;10;30.25210084;33.61344538;15.12605042;13.44537815;5.042016807;2.521008403
2018-06;National;TOURCOING;BORDEAUX ST JEAN;283;31;0;;3;58.66666667;5.75483871;;10;38.38166667;13.63655914;"01/06: DBC et obstacle sur voies
4/06: Soin matériel roulant, difficulté coupe-accroche,…
9/06: Incident lié aux portes 
15/06: incident caténaire 
19/06: Dérangement d'installation";10;13.63655914;4;2;30.0;20.0;10.0;40.0;0.0;0.0
2018-06;National;MULHOUSE VILLE;PARIS LYON;168;308;37;;39;15.01282051;3.225707257;;42;37.04166667;7.224354244;;28;7.224354244;13;9;21.42857143;35.71428571;28.57142857;7.142857143;7.142857143;0.0
2018-06;National;LILLE;PARIS NORD;63;652;90;;66;13.74191919;2.139086595;;109;16.67492355;3.645255042;;36;3.645255042;13;5;19.60784314;24.50980392;31.37254902;14.70588235;9.803921569;0.0
2018-06;National;PARIS LYON;ANNECY;227;178;42;;17;37.25392157;4.782598039;;45;43.38888889;16.04044118;Détournements suite affaissement du talus à St-Béron-la-Bridoire dans les Alpes.;45;16.04044118;22;6;84.44444444;6.666666667;4.444444444;4.444444444;0.0;0.0
2018-06;National;LYON PART DIEU;PARIS LYON;120;611;10;;115;13.78043478;3.605213533;;84;34.20575397;5.906295064;;62;5.906295064;32;15;12.34567901;30.86419753;20.98765432;24.69135802;9.87654321;1.234567901
2018-06;National;MARNE LA VALLEE;LYON PART DIEU;109;391;84;;126;12.73095238;6.184256243;;56;21.90833333;4.497557003;;34;4.497557003;13;1;23.33333333;33.33333333;10.0;16.66666667;10.0;6.666666667
2018-06;National;MARSEILLE ST CHARLES;MARNE LA VALLEE;213;301;34;;24;15.3625;1.524968789;;49;29.19557823;7.365855181;;44;7.365855181;14;5;35.41666667;31.25;14.58333333;10.41666667;2.083333333;6.25
2018-06;National;PARIS LYON;BELLEGARDE (AIN);161;207;42;;19;31.37719298;3.551818182;;120;33.06875;25.04979798;Détournements suite affaissement du talus à St-Béron-la-Bridoire dans les Alpes.;103;25.04979798;56;15;90.75630252;5.882352941;2.521008403;0.840336134;0.0;0.0
2018-06;National;PARIS LYON;MARSEILLE ST CHARLES;202;482;41;;64;27.68541667;3.929516251;;71;33.89295775;6.430196523;;47;6.430196523;25;11;12.85714286;31.42857143;12.85714286;22.85714286;17.14285714;2.857142857
2018-06;International;ZURICH;PARIS LYON;176;144;5;;18;10.55555556;3.273381295;;24;24.32638889;6.130935252;;13;6.130935252;5;2;0.0;0.0;0.0;0.0;0.0;0.0
2018-06;National;PARIS MONTPARNASSE;ANGOULEME;126;226;43;;15;21.99666667;1.746812386;;30;23.81;6.552276867;;16;6.552276867;7;2;10.0;30.0;33.33333333;23.33333333;0.0;3.333333333
2018-06;National;PARIS LYON;LYON PART DIEU;119;631;53;;57;34.4248538;3.182814302;;66;43.15808081;4.639821223;colis suspect en gare de Paris Gare de Lyon;53;4.639821223;33;16;19.6969697;39.39393939;9.090909091;30.3030303;1.515151515;0.0
2018-06;National;PARIS MONTPARNASSE;BORDEAUX ST JEAN;141;804;157;;56;16.30982143;1.36555899;;75;24.20311111;2.910561566;;45;2.910561566;18;3;26.38888889;33.33333333;8.333333333;25.0;5.555555556;1.388888889
2018-06;National;TOURCOING;MARSEILLE ST CHARLES;309;19;1;;0;1.0;0.722222222;;2;28.775;3.488888889;;2;3.488888889;1;0;0.0;50.0;50.0;0.0;0.0;0.0
2018-06;National;NANTES;PARIS MONTPARNASSE;128;533;65;;48;19.47673611;2.4377849;;108;30.44351852;9.583226496;;68;9.583226496;32;11;22.42990654;40.18691589;16.82242991;16.82242991;0.934579439;2.803738318
2018-06;National;GRENOBLE;PARIS LYON;183;237;50;;3;17.33333333;0.454545455;;42;26.10515873;6.358377897;;30;6.358377897;11;3;0.0;33.33333333;35.71428571;19.04761905;7.142857143;4.761904762
2018-06;International;PARIS EST;STUTTGART;117;144;2;;13;25.31153846;2.707511737;;15;49.0;6.23943662;;12;6.23943662;10;4;0.0;0.0;0.0;0.0;0.0;0.0
2018-06;National;RENNES;LYON PART DIEU;233;97;32;;17;10.69607843;3.735897436;;11;34.71363636;7.773846154;;11;7.773846154;4;1;18.18181818;9.090909091;9.090909091;54.54545455;9.090909091;0.0
2018-06;National;PARIS LYON;AIX EN PROVENCE TGV;187;450;31;;58;29.34195402;4.020922832;;73;34.16187215;5.384725537;;47;5.384725537;27;12;12.32876712;34.24657534;12.32876712;24.65753425;15.06849315;1.369863014
2018-06;National;BESANCON FRANCHE COMTE TGV;PARIS LYON;130;196;26;;15;19.16;1.945294118;;22;48.35454545;7.241862745;colis suspect en gare de Paris Gare de Lyon;20;7.241862745;12;8;11.11111111;44.44444444;22.22222222;16.66666667;5.555555556;0.0
2018-06;National;LA ROCHELLE VILLE;PARIS MONTPARNASSE;166;211;20;;6;20.33333333;0.759162304;;40;22.20416667;6.505497382;;24;6.505497382;7;1;46.15384615;23.07692308;17.94871795;7.692307692;5.128205128;0.0
2018-06;International;MADRID;MARSEILLE ST CHARLES;205;30;18;;1;8.0;-0.166666667;;5;20.42;8.954166667;;3;8.954166667;1;0;0.0;0.0;0.0;0.0;0.0;0.0
2018-06;National;MARSEILLE ST CHARLES;LILLE;302;187;31;;16;16.62291667;1.976709402;;49;33.00306122;13.38557692;;49;13.38557692;20;4;40.42553191;23.40425532;4.255319149;19.14893617;6.382978723;6.382978723
2018-06;National;NICE VILLE;PARIS LYON;347;226;33;;15;9.761111111;1.388341969;;28;47.36130952;8.48298791;dérangement de zone V1 sur LN1 à Sully;28;8.48298791;19;5;28.57142857;50.0;0.0;17.85714286;0.0;3.571428571
2018-06;National;ANGOULEME;PARIS MONTPARNASSE;126;260;38;;30;11.22;2.563438438;;43;21.66550388;5.887387387;;24;5.887387387;9;1;13.95348837;39.53488372;25.58139535;13.95348837;4.651162791;2.325581395
2018-06;National;PARIS MONTPARNASSE;LAVAL;83;220;35;;15;18.40222222;1.441711712;;35;17.69571429;4.504144144;;13;4.504144144;7;1;8.695652174;34.7826087;8.695652174;30.43478261;8.695652174;8.695652174
2018-06;National;LE MANS;PARIS MONTPARNASSE;56;404;50;;119;13.61988796;5.563841808;;139;16.01091127;7.065677966;;39;7.065677966;10;4;22.68041237;42.26804124;13.40206186;13.40206186;5.154639175;3.092783505
2018-06;National;NIMES;PARIS LYON;176;487;101;;128;23.21445313;8.38462867;;100;42.8085;12.1447323;heurt d’un animal par le TGV 6137 entre Tonnerre et Pasilly;79;12.1447323;56;23;27.39726027;32.87671233;23.28767123;13.69863014;0.0;2.739726027
2018-06;International;LAUSANNE;PARIS LYON;182;141;10;;11;14.54545455;1.93129771;;36;35.41759259;10.30076336;;28;10.30076336;19;6;0.0;0.0;0.0;0.0;0.0;0.0
2018-06;National;PARIS LYON;DIJON VILLE;96;442;47;;42;29.53571429;3.156666667;;40;36.85;4.468860759;;31;4.468860759;15;7;12.82051282;28.20512821;5.128205128;38.46153846;5.128205128;10.25641026
2018-06;National;PARIS LYON;GRENOBLE;181;236;50;;30;29.32111111;4.796505376;;42;33.57142857;8.080645161;;33;8.080645161;16;7;5.0;22.5;15.0;50.0;7.5;0.0
2018-06;International;BARCELONA;PARIS LYON;300;99;11;;10;9.4;1.420454545;;23;48.98115942;14.2905303;;23;14.2905303;17;7;0.0;0.0;0.0;0.0;0.0;0.0
2018-06;National;PARIS EST;REIMS;45;216;10;;21;20.22222222;2.362783172;;31;18.07258065;3.089886731;;14;3.089886731;4;1;15.38461538;7.692307692;19.23076923;42.30769231;15.38461538;0.0
2018-06;National;AIX EN PROVENCE TGV;PARIS LYON;188;393;16;;39;10.52393162;1.896419098;;63;30.00608466;5.881299735;;48;5.881299735;15;8;19.04761905;34.92063492;23.80952381;7.936507937;9.523809524;4.761904762
2018-06;National;POITIERS;PARIS MONTPARNASSE;95;443;62;;59;11.95649718;2.494706912;;90;17.55685185;5.39903762;;38;5.39903762;14;1;23.94366197;35.21126761;21.12676056;8.450704225;8.450704225;2.816901408
2018-06;National;PARIS MONTPARNASSE;ST PIERRE DES CORPS;61;392;69;;19;22.89473684;-0.069246646;;64;15.90520833;3.992930857;;14;3.992930857;9;3;20.93023256;27.90697674;20.93023256;16.27906977;11.62790698;2.325581395
2018-06;National;PARIS NORD;ARRAS;49;367;102;;32;24.28697917;3.350628931;;58;19.2066092;5.195283019;;23;5.195283019;10;4;17.85714286;25.0;28.57142857;21.42857143;5.357142857;1.785714286
2018-06;National;PARIS NORD;DUNKERQUE;115;268;74;;24;30.0875;4.079639175;;24;37.91666667;5.221649485;;22;5.221649485;12;4;16.66666667;37.5;12.5;33.33333333;0.0;0.0
2018-06;National;NANTES;PARIS VAUGIRARD;142;50;0;;5;61.16;6.850333333;;6;64.21388889;8.809;"3/06: Attente Matériel Roulant
05/06: Signal d'alarme
10/06: Incident caténaire
14/06: Intempéries";3;8.809;1;1;33.33333333;50.0;0.0;16.66666667;0.0;0.0
2018-06;National;PARIS LYON;MONTPELLIER;209;418;90;;61;29.0647541;5.447815041;;68;38.66446078;7.71824187;;59;7.71824187;26;12;17.64705882;38.23529412;11.76470588;27.94117647;2.941176471;1.470588235
2018-06;National;PARIS LYON;MULHOUSE VILLE;168;306;35;;29;31.71034483;3.503751538;;49;33.51292517;6.73603936;;33;6.73603936;13;9;28.57142857;20.40816327;18.36734694;20.40816327;4.081632653;8.163265306
2018-06;National;AVIGNON TGV;PARIS LYON;159;561;41;;50;17.634;1.788205128;;91;32.95915751;6.858525641;;69;6.858525641;31;11;23.07692308;38.46153846;18.68131868;10.98901099;5.494505495;3.296703297
2018-06;National;PARIS LYON;BESANCON FRANCHE COMTE TGV;129;185;24;;12;44.10833333;3.230538302;;30;32.18555556;7.228985507;;20;7.228985507;7;5;13.33333333;20.0;23.33333333;33.33333333;6.666666667;3.333333333
2018-06;National;VALENCE ALIXAN TGV;PARIS LYON;132;348;64;;100;25.6685;9.702934272;;71;46.63591549;12.12564554;décontrôle d’aiguilles à Valence-TGV;62;12.12564554;47;18;25.92592593;29.62962963;22.22222222;16.66666667;1.851851852;3.703703704
2018-06;National;PARIS EST;STRASBOURG;112;471;25;;44;19.32045455;2.232399103;;48;31.67673611;3.601606876;;30;3.601606876;18;5;14.89361702;27.65957447;8.510638298;31.91489362;17.0212766;0.0
2018-06;National;PARIS VAUGIRARD;BORDEAUX ST JEAN;165;58;0;;4;33.34166667;2.030747126;;4;34.2125;3.596551724;;4;3.596551724;2;0;0.0;50.0;0.0;50.0;0.0;0.0
2018-06;National;PARIS LYON;CHAMBERY CHALLES LES EAUX;183;133;37;;12;31.9875;4.314409722;;52;31.21570513;17.27934028;Détournements suite affaissement du talus à St-Béron-la-Bridoire dans les Alpes.;37;17.27934028;20;4;84.61538462;5.769230769;3.846153846;5.769230769;0.0;0.0
2018-06;International;PARIS LYON;BARCELONA;303;97;11;;12;14.78888889;2.158527132;;23;38.91304348;13.70930233;;23;13.70930233;12;3;0.0;0.0;0.0;0.0;0.0;0.0
2018-06;National;PARIS LYON;NIMES;177;418;90;;61;29.0647541;5.447815041;;64;40.27265625;8.651930894;heurt d’un animal par le TGV 6137 entre Tonnerre et Pasilly;52;8.651930894;28;17;12.90322581;33.87096774;12.90322581;35.48387097;3.225806452;1.612903226
2018-06;National;LYON PART DIEU;RENNES;234;94;32;;22;15.51515152;6.789247312;;21;33.41428571;13.78333333;;21;13.78333333;8;2;25.0;20.0;25.0;15.0;10.0;5.0
2018-06;National;ANGERS SAINT LAUD;PARIS MONTPARNASSE;91;395;50;;55;15.99787879;3.548309179;;114;20.58903509;8.592125604;;47;8.592125604;18;7;20.43010753;50.53763441;10.75268817;12.90322581;2.150537634;3.225806452
2018-06;National;REIMS;PARIS EST;46;217;8;;32;14.62083333;2.771770335;;53;16.60314465;5.094736842;"04/06 : Csq bruits sous caisse du 7699 ? 2712 (7‘) + Csq ERTMS 2854 ? 2714 (16‘) +Csq fontis à Rethel (LTV 40) ? 2722 (5‘)
05/06 : Csq incident caténaire à Pantin ? 2722 (64’), 2738 (36’), 2752 (24’)
06/06 : Csq dérangement signalisation à Launois ?2722 (47’) + Arrêt supplémentaire en gare de CGV ? 2760 (5’) + Attente correspondance avec TER ? 2714 (5‘)
10/06 : Ltv 40 Amagne Lucquy ? 2754 (10’)
11/06 : Csq alarme incendie sur 5454 ? 2760 (19‘) + Csq incident porte sur 2712 ? 2714 (23’) et 2712 (44’) + incident caténaire suite aux intempéries à Chalons en Champagne? 2778 (88’) + Ltv 40 Amagne Lucquy ? 2722 (6’)
14/06 : Csq dérangement DBC à Lorraine ? 2706 (11’) + Ltv 40 Amagne Lucquy ? 2722 (6’)
15/06 : Ltv 40 Amagne Lucquy ? 2722 (6’) et 2714 (5’)
16/06 : Ltv 40 Amagne Lucquy ? 2726 (10’) et 2720 (8’)
20/06 : Ltv 40 à Rethel ? 2722 (5’) + Csq incident porte ? 2712 (7’)
21/06 : Pb frein suite à mise en UM à Reims ? 2714 (11’) + espacement (10’) + LTV à Lavannes ? 2722 (13’) + attente correspondance TER ? 2778 (5’)
24/06 : 2754 ? LTV à Lavannes (5’) et csq incident porte à Reims (6’) + VL 40 pour 2766 (5’)
25/06 : Personne aux abords des voies à Maison Blanche ? 2712 (11‘) + LTV à Lavannes ? 2714 (5’)
26/06 : Csq déraillement draisine à PE ? 2714 (6’), 2712(5’), 2752 (10’) + Csq défaut de traction sur TER à Noisy ?2778 (12’)
30/06 : LTV à Lavannes ? 2720 (5’) + Csq montée d’une PSH à Chalons (5’) + attente correspondance avec TER à BLD ? 2784 (7’)";17;5.094736842;6;2;9.302325581;27.90697674;20.93023256;18.60465116;18.60465116;4.651162791
2018-06;National;PARIS NORD;LILLE;62;717;124;;62;26.50591398;3.14213041;;123;20.75826558;5.506970208;;45;5.506970208;27;8;21.55172414;19.82758621;35.34482759;16.37931034;3.448275862;3.448275862
2018-06;National;PARIS LYON;LE CREUSOT MONTCEAU MONTCHANIN;78;208;10;;13;29.28589744;1.666414141;;40;25.91208333;6.447306397;;17;6.447306397;10;7;10.71428571;46.42857143;10.71428571;25.0;7.142857143;0.0
2018-06;National;PARIS LYON;TOULON;240;316;64;;39;27.57393162;4.369973545;;39;41.74786325;5.478240741;intervention pompiers à bord du 9827 à Valence-TGV;39;5.478240741;20;6;23.68421053;36.84210526;5.263157895;28.94736842;2.631578947;2.631578947
2018-06;National;LYON PART DIEU;MONTPELLIER;112;334;106;;85;17.73588235;7.459356725;;58;30.55201149;9.161549708;;42;9.161549708;20;6;17.77777778;33.33333333;15.55555556;20.0;6.666666667;6.666666667
2018-06;National;PARIS EST;METZ;84;294;12;;34;22.36911765;2.913238771;;37;22.67297297;2.675591017;;19;2.675591017;7;2;9.375;21.875;12.5;43.75;12.5;0.0
2018-06;National;DUNKERQUE;PARIS NORD;117;223;45;;11;21.45454545;1.415730337;;22;30.16742424;5.346722846;;15;5.346722846;7;4;14.28571429;28.57142857;23.80952381;14.28571429;19.04761905;0.0
2018-06;National;TOURS;PARIS MONTPARNASSE;75;188;13;;3;7.983333333;0.383238095;;47;13.02765957;4.087238095;;12;4.087238095;4;0;42.30769231;38.46153846;7.692307692;11.53846154;0.0;0.0
2018-06;National;PARIS EST;NANCY;94;324;36;;41;33.10772358;4.821412037;;38;41.65701754;5.799074074;"01/06 : Attente matériel du 2546 pour 2519 (36’) + Descente tardive TEE ? 2515 (49’)
04/06 : Descente tardive TEE ? 2517 (30’) + Csq bruits sous caisse du 7699 ? 2501 (20’)
05/06 : Csq incident caténaire à Pantin ? 2505 (109’), 2573 (185’), 2519 (48’), 2515 (52’), 2583 (16’), 2571 (59’)
11/06 : Réutilisation rame à PE ? 2519 (38’)
14/06 : Csq dérangement installation à Vieux Lixheim ? 2573 (65’) et 2593 (82’)
15/06 :Csq extinction partielle du CAB sur 2509 ? 2573 (11’) et 2593 (13’) + Csq vol de cable ? 2571 (10’)
19/06 : Csq heurt de personne à Stéphansfeld ?2583 (7’)
21/06 : Descente tardive TEE ?2573 (31‘)  + Absence de tension en ligne à PE ? 2505 (6‘)
25/06 : Csq problème de frein sur 2573 (169’) et 2519 (7’)
26/06 : Défaut de fermeture PN ? 2571 (21’) + csq déraillement draisine ? 2517 (11’) + Csq pb de frein à Rosa Parks ? 2573 (58‘) + raté ouverture PN ? 2519 (9’)
29/06 : 2571? Attente ASCT du 2864 (7‘) + retard sur un autre réseau (6‘)
30/06 : Descente tardive TEE ? 2573 (41‘) + Csq montée d’une PMR ? 2505 (12‘)";25;5.799074074;20;5;12.5;25.0;3.125;37.5;21.875;0.0
2018-06;National;TOULON;PARIS LYON;240;308;39;;50;17.965;4.011957869;;40;43.00958333;7.652478315;intervention pompiers à bord du 9827 à Valence-TGV;40;7.652478315;22;7;22.5;47.5;2.5;17.5;5.0;5.0
2018-06;International;PARIS LYON;GENEVE;178;197;40;;18;31.64537037;3.555732484;;111;34.9009009;25.36305732;;95;25.36305732;59;15;0.0;0.0;0.0;0.0;0.0;0.0
2018-06;International;PARIS LYON;ITALIE;262;81;15;;14;20.84880952;4.779040404;;43;47.09302326;32.40909091;;43;32.40909091;25;12;0.0;0.0;0.0;0.0;0.0;0.0
2018-06;National;PARIS MONTPARNASSE;BREST;220;254;40;;15;16.21444444;1.097975078;;21;30.85714286;5.051401869;;20;5.051401869;9;1;42.85714286;19.04761905;9.523809524;23.80952381;4.761904762;0.0
2018-06;National;RENNES;PARIS MONTPARNASSE;98;659;133;;79;14.71434599;2.876679341;;146;17.31746575;5.963022814;;52;5.963022814;17;2;38.67924528;22.64150943;13.20754717;16.98113208;5.660377358;2.830188679
2018-06;National;ST MALO;PARIS MONTPARNASSE;172;88;5;;29;7.008045977;3.433935743;;13;17.2974359;4.808433735;;5;4.808433735;1;0;33.33333333;41.66666667;8.333333333;8.333333333;8.333333333;0.0
2018-06;National;PARIS MONTPARNASSE;VANNES;153;260;46;;16;16.30729167;1.105062305;;33;21.60606061;4.58411215;;19;4.58411215;6;2;10.34482759;34.48275862;10.34482759;27.5862069;10.34482759;6.896551724
2018-06;National;MARSEILLE ST CHARLES;TOURCOING;299;20;2;;2;16.175;1.750925926;;2;44.5;6.666666667;"04/06: Alerte à la bombe/colis suspect
10/06: Incident caténaire
17/06: Dérangement d'installation";2;6.666666667;1;1;50.0;50.0;0.0;0.0;0.0;0.0
2018-06;International;ITALIE;PARIS LYON;281;84;15;;25;16.4;7.014492754;;41;39.21504065;25.2826087;;41;25.2826087;23;4;0.0;0.0;0.0;0.0;0.0;0.0
2018-06;National;PARIS MONTPARNASSE;POITIERS;94;495;83;;25;21.57066667;1.189563107;;64;17.70026042;3.216504854;;23;3.216504854;13;2;34.04255319;29.78723404;14.89361702;14.89361702;0.0;6.382978723
2018-06;National;PARIS MONTPARNASSE;TOURS;72;184;13;;6;12.19166667;-2.18411306;;44;10.28636364;3.700974659;;4;3.700974659;2;0;31.81818182;27.27272727;13.63636364;4.545454545;22.72727273;0.0
2018-06;National;LILLE;MARSEILLE ST CHARLES;308;188;33;;25;13.038;2.583870968;;31;30.40913978;8.079784946;;31;8.079784946;11;1;28.57142857;28.57142857;9.523809524;14.28571429;9.523809524;9.523809524
2018-06;National;LYON PART DIEU;MARNE LA VALLEE;108;300;82;;119;15.88529412;9.616360856;;81;25.02489712;10.84740061;;48;10.84740061;18;6;30.0;22.5;22.5;12.5;6.25;6.25
2018-06;National;CHAMBERY CHALLES LES EAUX;PARIS LYON;183;194;43;;81;20.83148148;11.71699779;;92;37.63297101;23.40242826;Détournements suite affaissement du talus à St-Béron-la-Bridoire dans les Alpes.;82;23.40242826;45;10;74.0;18.0;2.0;6.0;0.0;0.0
2018-06;National;MARSEILLE ST CHARLES;LYON PART DIEU;106;569;138;;45;14.80185185;1.939017788;;89;21.74906367;7.007192575;;53;7.007192575;12;5;34.88372093;13.95348837;24.41860465;9.302325581;9.302325581;8.139534884
2018-06;International;FRANCFORT;PARIS EST;111;111;0;;41;17.41463415;6.387387387;;31;31.29516129;8.354204204;;27;8.354204204;9;1;0.0;0.0;0.0;0.0;0.0;0.0
2018-06;International;PARIS LYON;ZURICH;179;145;5;;20;21.81083333;3.356547619;;24;32.33333333;6.592857143;;20;6.592857143;6;4;0.0;0.0;0.0;0.0;0.0;0.0
2018-06;National;ST PIERRE DES CORPS;PARIS MONTPARNASSE;62;399;41;;53;13.63616352;2.797625698;;106;14.80361635;4.926629423;;33;4.926629423;12;1;28.16901408;38.02816901;16.90140845;9.85915493;5.633802817;1.408450704
2018-06;National;PARIS LYON;PERPIGNAN;305;200;59;;29;31.01551724;6.460874704;;39;50.27350427;15.56583924;bâche flottante sur un train de fret vers Agde.;39;15.56583924;22;10;25.64102564;43.58974359;12.82051282;17.94871795;0.0;0.0
2018-07;National;METZ;PARIS EST;85;316;1;;102;8.265359477;2.718518519;;52;22.02275641;4.168359788;;25;4.168359788;14;3;30.76923077;38.46153846;7.692307692;0.0;15.38461538;7.692307692
2018-07;National;BORDEAUX ST JEAN;PARIS VAUGIRARD;139;61;0;;19;43.72105263;13.60819672;;19;63.41666667;20.35245902;Dérangement d'installation, attente ADC, attente éxécution service voy, travaux, intervention SUGE, incident caténaire, heurt, accident RTE/Défaut d'alimentation PMP;12;20.35245902;7;5;5.263157895;26.31578947;42.10526316;26.31578947;0.0;0.0
2018-07;National;LYON PART DIEU;MARNE LA VALLEE;109;287;13;;235;13.5364539;11.66423358;;137;31.37420925;17.0649635;•alarme incendie sur l’Eurostar 9086, vers Le-Châtelet , 27 TGV retardés pour 725 min, 12 TGV de l’axe perdus à 5’.;102;17.0649635;40;13;16.2962963;21.48148148;39.25925926;11.11111111;6.666666667;5.185185185
2018-07;National;ANNECY;PARIS LYON;232;180;5;;34;14.29411765;2.777142857;;99;38.11902357;22.764;•heurt d’un chevreuil par le TGV 6171 entre Vergigny et Tonnerre : 31 TGV retardés pour 1154 min, 16 TGV de l’axe perdus à 5’.;99;22.764;50;11;48.80952381;13.0952381;25.0;10.71428571;0.0;2.380952381
2018-07;National;LYON PART DIEU;MARSEILLE ST CHARLES;104;608;26;;404;14.81443894;10.36695304;;235;35.31382979;16.20604238;10:Incendie important aux abords de la gare de Marseille au PK 860 (St Barthélémy),;192;16.20604238;91;25;26.76056338;23.23943662;28.16901408;11.97183099;3.521126761;6.338028169
2018-07;National;AIX EN PROVENCE TGV;PARIS LYON;184;408;4;;230;11.45362319;6.58160066;;92;42.26947791;12.00928218;•panne du 5180, problème de disjonction, à Aix-en-Provence-TGV. 43 TGV retardés pour 1095 min, 18 TGV de l’axe perdus à 5’.;92;12.00928218;35;14;16.86746988;26.5060241;26.5060241;21.68674699;6.024096386;2.409638554
2018-07;National;PARIS LYON;MULHOUSE VILLE;167;301;8;;71;18.9915493;4.425824801;;65;39.74025641;9.871956769;•incident caténaire, baisse de tension vers Montbard : 20 TGV retardés pour 751 min, 10 TGV de l’axe perdus à 5’.;54;9.871956769;27;9;24.61538462;18.46153846;4.615384615;40.0;6.153846154;6.153846154
2018-07;National;MARSEILLE ST CHARLES;LYON PART DIEU;105;589;32;;183;13.71420765;4.534590066;;169;29.25404339;10.76648713;10:Incendie important aux abords de la gare de Marseille au PK 860 (St Barthélémy),;116;10.76648713;43;15;16.07142857;19.04761905;32.73809524;19.04761905;4.761904762;8.333333333
2018-07;National;MARSEILLE ST CHARLES;LILLE;304;190;8;;52;11.24038462;3.20540293;;89;38.07359551;20.78553114;"le domaine « extérieur infra » pour l’irrégularité a atteint un sommet avec quasiment 7 points, on relève deux accidents de personne en début de mois : d’une part sur le secteur Nord à Hattencourt (mercredi 04) et le secteur Sud est à Lyon Part Dieu (jeudi 05) d’autre part. Pour l’évènement d’Hattencourt avec l’Eurostar 9031, la circulation normale des trains a repris après 05h30 d’interruption totale. Pour ce même domaine côté infra il s’agit de multiples causes d’incendies ou orages violents dans le Sud Est.
Les causes dérangements sont aussi nombreuses (4,7%) , avec en évènements marquants les défauts de géométrie de voie (passage rame contrôle IRIS) et surtout les dérangements d’installations de signalisation (zones, aiguilles, etc.).
Le Matériel prend une part importante pour l’irrégularité avec 5,2 points. Plusieurs fois le motif « tension parc » a été relevé avec des retards plus ou moins importants, voire des suppressions de trains. Les chantiers du Landy et Forest ont peiné à servir le plan de transport journalier. Les « soins engins » représentent la dominante des causes : application guide de dépannage avec ou sans  l’appui du PAC (Pôle d’appui conduite), incidents du frein, insuffisance traction, disjoncteurs défaillants, incidents portes, climatisations hs, détections alarmes incendie,… 
Dérangement infra et PN en RO : 10 tgv concernés
Défaillance €* à Fresnoy : 27 tgv concernés
Accident personne à Lyon Part Dieu :  10 tgv concernés
Dérangement zone à Pierrefitte : 31 tgv concernés avec 7550 et 7049 via Roissy.";89;20.78553114;37;11;24.13793103;18.3908046;40.22988506;6.896551724;1.149425287;9.195402299
2018-07;National;PARIS LYON;BELLEGARDE (AIN);161;196;6;;41;16.76829268;3.410789474;;85;34.56019608;16.84798246;•accident de personne avec le 6627 à Maisons-Alfort, suivi de 4 alertes radio pour personnes dans les voies avec des trains Transilien : 68 TGV retardés pour 5910 min;75;16.84798246;29;13;79.51807229;13.25301205;3.614457831;3.614457831;0.0;0.0
2018-07;National;REIMS;PARIS EST;46;213;4;;38;6.448684211;1.262041467;;29;12.62298851;2.627113238;;8;2.627113238;3;0;25.0;35.0;20.0;10.0;5.0;5.0
2018-07;National;PARIS LYON;GRENOBLE;180;196;5;;61;16.19153005;4.942670157;;53;35.75125786;10.92547993;•défaut d’alimentation vers Macon-Loché-TGV. 13 TGV retardés pour 261 min, 11T;39;10.92547993;22;7;16.66666667;20.83333333;12.5;33.33333333;12.5;4.166666667
2018-07;National;NIMES;PARIS LYON;177;443;2;;306;13.74923747;9.603401361;;151;39.3683223;16.57486772;heurt d’une personne par le TGV 6839 à Montpellier : 12 TGV retardés pour 1009 min, 8 TGV de l’axe perdus à 5’.;126;16.57486772;67;34;20.19230769;27.88461538;32.69230769;9.615384615;2.884615385;6.730769231
2018-07;International;ITALIE;PARIS LYON;273;88;2;;72;11.125;9.197674419;;58;35.60431034;25.72286822;;58;25.72286822;29;5;0.0;0.0;0.0;0.0;0.0;0.0
2018-07;National;PARIS MONTPARNASSE;LAVAL;88;211;24;;41;18.22276423;3.751960784;;10;39.79;6.904456328;;10;6.904456328;10;3;16.66666667;33.33333333;16.66666667;16.66666667;0.0;16.66666667
2018-07;National;PARIS LYON;MONTPELLIER;208;360;3;;111;22.81846847;6.852567694;;103;48.8987055;15.10774977;•heurt d’une personne par le TGV 6839 à Montpellier : 12 TGV retardés pour 1009 min, 8 TGV de l’axe perdus à 5’.;103;15.10774977;65;21;17.82178218;21.78217822;11.88118812;44.55445545;3.96039604;0.0
2018-07;National;PERPIGNAN;PARIS LYON;305;276;0;;141;11.31193853;5.790519324;;101;50.58432343;20.78140097;heurt d’une personne par le TGV 6839 à Montpellier : 12 TGV retardés pour 1009 min, 8 TGV de l’axe perdus à 5’.;101;20.78140097;53;28;21.875;32.8125;28.125;9.375;1.5625;6.25
2018-07;National;ST MALO;PARIS MONTPARNASSE;181;111;14;;94;5.662056738;5.489175258;;15;34.725;9.433333333;;15;9.433333333;9;4;11.11111111;77.77777778;0.0;11.11111111;0.0;0.0
2018-07;International;PARIS LYON;BARCELONA;312;124;0;;47;19.79397163;7.252150538;;49;45.55102041;20.66129032;;49;20.66129032;36;8;0.0;0.0;0.0;0.0;0.0;0.0
2018-07;National;PARIS LYON;CHAMBERY CHALLES LES EAUX;188;154;9;;61;16.11147541;6.729425287;;54;33.00185185;13.57873563;•heurt d’un chevreuil par le TGV 6171 entre Vergigny et Tonnerre : 31 TGV retardés pour 1154 min, 16 TGV de l’axe perdus à 5’.;43;13.57873563;24;6;59.57446809;12.76595745;2.127659574;23.40425532;2.127659574;0.0
2018-07;National;LE CREUSOT MONTCEAU MONTCHANIN;PARIS LYON;81;222;6;;177;9.390677966;7.672530864;;88;19.07140152;8.499151235;•panne du OUIGO 7839, vers Le Creusot : 14 TGV retardés pour 240 min.;35;8.499151235;12;5;15.06849315;17.80821918;46.57534247;10.95890411;4.109589041;5.479452055
2018-07;International;PARIS LYON;GENEVE;178;183;5;;39;17.10982906;3.540355805;;74;37.05405405;16.8988764;;69;16.8988764;29;13;0.0;0.0;0.0;0.0;0.0;0.0
2018-07;National;ST PIERRE DES CORPS;PARIS MONTPARNASSE;67;407;60;;164;7.135772358;3.513784822;;121;13.76088154;5.572190202;"Ce mois-ci, l'OD a été touchée par 2 journées de grève ainsi que  par les incidents suivants :
- le 13 : un dérangement électrique vers Massy (33 TGV retardés pour 797 minutes perdues) et un client qui bloque les portes d'un TGV au départ de Paris-Montparnasse (10 TGV retardés pour 132 minutes perdues), 
- le 25 : une défaillance sur un aiguillage après le passage d'un engin travaux sur le chantier de renouvellement des appareils de voies de la ligne à grande vitesse Atlantique (33 TGV retardés pour un total de  663 minutes perdues),
- du 27 au 30 : suite à l'incendie d'un transformateur électrique à Issy-les-Moulineaux, le vendredi 27, l'accès à la gare de Paris-Montparnasse est restreint (322 TGV supprimés et 160 détournés par Paris Austerlitz).";29;5.572190202;10;2;11.26760563;29.57746479;19.71830986;15.49295775;7.042253521;16.90140845
2018-07;National;PARIS MONTPARNASSE;LE MANS;59;400;34;;76;14.66008772;2.777003643;;71;19.83967136;4.114754098;;25;4.114754098;11;3;13.04347826;30.43478261;13.04347826;28.26086957;8.695652174;6.52173913
2018-07;National;LYON PART DIEU;LILLE;187;285;13;;233;13.48462089;11.60606618;;136;34.73308824;19.66041667;"le domaine « extérieur infra » pour l’irrégularité a atteint un sommet avec quasiment 7 points, on relève deux accidents de personne en début de mois : d’une part sur le secteur Nord à Hattencourt (mercredi 04) et le secteur Sud est à Lyon Part Dieu (jeudi 05) d’autre part. Pour l’évènement d’Hattencourt avec l’Eurostar 9031, la circulation normale des trains a repris après 05h30 d’interruption totale. Pour ce même domaine côté infra il s’agit de multiples causes d’incendies ou orages violents dans le Sud Est.
Les causes dérangements sont aussi nombreuses (4,7%) , avec en évènements marquants les défauts de géométrie de voie (passage rame contrôle IRIS) et surtout les dérangements d’installations de signalisation (zones, aiguilles, etc.).
Le Matériel prend une part importante pour l’irrégularité avec 5,2 points. Plusieurs fois le motif « tension parc » a été relevé avec des retards plus ou moins importants, voire des suppressions de trains. Les chantiers du Landy et Forest ont peiné à servir le plan de transport journalier. Les « soins engins » représentent la dominante des causes : application guide de dépannage avec ou sans  l’appui du PAC (Pôle d’appui conduite), incidents du frein, insuffisance traction, disjoncteurs défaillants, incidents portes, climatisations hs, détections alarmes incendie,…";124;19.66041667;51;15;20.89552239;17.1641791;37.31343284;11.94029851;4.47761194;8.208955224
2018-07;National;PARIS MONTPARNASSE;ST PIERRE DES CORPS;67;370;51;;72;10.86458333;2.223249739;;72;15.19282407;4.101515152;;19;4.101515152;7;3;5.263157895;15.78947368;23.68421053;42.10526316;7.894736842;5.263157895
2018-07;National;RENNES;LYON PART DIEU;234;120;6;;55;5.261515152;2.694883041;;32;35.496875;12.54035088;"Ce mois-ci, l'OD a été touchée par 2 journées de grève ainsi que  par les incidents suivants :
- le 5 : un accident de personne vers Lyon (10 TGV retardés pour 506 minutes perdues), 
- le 13 : un dérangement électrique vers Massy (33 TGV retardés pour 797 minutes perdues) et un client qui bloque les portes d'un TGV au départ de Paris-Montparnasse (10 TGV retardés pour 132 minutes perdues), 
- le 15 : un accident de personne aux Ardoines en Ile-de-France (20 TGV retardés pour 281 minutes perdues). 
- le 25 : une défaillance sur un aiguillage après le passage d'un engin travaux sur le chantier de renouvellement des appareils de voies de la ligne à grande vitesse Atlantique (33 TGV retardés pour un total de  663 minutes perdues),
- du 27 au 30 : suite à l'incendie d'un transformateur électrique à Issy-les-Moulineaux, le vendredi 27, l'accès à la gare de Paris-Montparnasse est restreint (322 TGV supprimés et 160 détournés par Paris Austerlitz).";32;12.54035088;15;5;6.666666667;43.33333333;13.33333333;20.0;0.0;16.66666667
2018-07;National;PARIS EST;REIMS;45;223;6;;42;12.85436508;2.456758833;;30;23.95833333;3.625652842;;11;3.625652842;6;4;13.63636364;22.72727273;4.545454545;31.81818182;18.18181818;9.090909091
2018-07;National;TOULON;PARIS LYON;237;360;7;;205;12.52731707;7.319782814;;105;49.00888889;17.21520302;10:Incendie important aux abords de la gare de Marseille au PK 860 (St Barthélémy),;105;17.21520302;52;20;27.61904762;23.80952381;20.95238095;22.85714286;2.857142857;1.904761905
2018-07;National;PARIS LYON;LE CREUSOT MONTCEAU MONTCHANIN;78;208;5;;37;21.01036036;3.55270936;;80;23.10770833;10.45623974;•panne du OUIGO 7839, vers Le Creusot : 14 TGV retardés pour 240 min.;32;10.45623974;14;6;15.51724138;20.68965517;34.48275862;18.96551724;6.896551724;3.448275862
2018-07;National;GRENOBLE;PARIS LYON;183;193;7;;42;8.952380952;2.021505376;;42;31.33333333;9.835215054;•défaut d’alimentation vers Macon-Loché-TGV. 13 TGV retardés pour 261 min, 11T;42;9.835215054;15;2;24.3902439;24.3902439;19.51219512;12.19512195;7.317073171;12.19512195
2018-07;National;VALENCE ALIXAN TGV;PARIS LYON;133;325;1;;262;16.42054707;13.30632716;;118;44.27584746;17.08199588;10:Incendie important aux abords de la gare de Marseille au PK 860 (St Barthélémy),;94;17.08199588;52;29;20.21276596;29.78723404;27.65957447;13.82978723;3.191489362;5.319148936
2018-07;National;PARIS MONTPARNASSE;ST MALO;172;120;15;;17;21.49019608;3.115079365;;12;38.87638889;3.640952381;;9;3.640952381;5;1;16.66666667;33.33333333;25.0;16.66666667;8.333333333;0.0
2018-07;National;PARIS NORD;DUNKERQUE;114;270;16;;61;17.66994536;4.076509186;;52;42.0;9.527559055;;44;9.453125;26;7;14.0;22.0;24.0;32.0;6.0;2.0
2018-07;National;MARSEILLE ST CHARLES;MARNE LA VALLEE;212;315;8;;81;16.91090535;4.352605863;;105;41.67968254;16.35135722;•alarme incendie sur l’Eurostar 9086, vers Le-Châtelet , 27 TGV retardés pour 725 min, 12 TGV de l’axe perdus à 5’.;105;16.35135722;47;14;18.26923077;23.07692308;39.42307692;14.42307692;0.961538462;3.846153846
2018-07;National;PARIS LYON;NIMES;176;360;3;;111;22.81846847;6.852567694;;127;39.19776903;15.18585434;heurt d’une personne par le TGV 6839 à Montpellier : 12 TGV retardés pour 1009 min, 8 TGV de l’axe perdus à 5’.;97;15.18585434;56;19;13.70967742;16.12903226;16.12903226;48.38709677;5.64516129;0.0
2018-07;National;PARIS LYON;ANNECY;234;178;4;;58;17.57988506;5.766570881;;54;39.86111111;14.15517241;•heurt d’un chevreuil par le TGV 6171 entre Vergigny et Tonnerre : 31 TGV retardés pour 1154 min, 16 TGV de l’axe perdus à 5’.;54;14.15517241;29;8;42.85714286;12.24489796;8.163265306;24.48979592;10.20408163;2.040816327
2018-07;National;AVIGNON TGV;PARIS LYON;160;624;10;;410;13.29674797;8.856460369;;217;34.3593702;13.7885722;•accident de personne avec le 6627 à Maisons-Alfort, suivi de 4 alertes radio pour personnes dans les voies avec des trains Transilien : 68 TGV retardés pour 5910 min;156;13.7885722;68;25;18.05555556;25.92592593;31.94444444;15.27777778;3.703703704;5.092592593
2018-07;National;PARIS LYON;TOULON;239;353;16;;105;18.06206349;5.441543027;;93;43.7734767;12.7847181;10:Incendie important aux abords de la gare de Marseille au PK 860 (St Barthélémy),;93;12.7847181;46;19;23.07692308;20.87912088;19.78021978;29.67032967;5.494505495;1.098901099
2018-07;International;FRANCFORT;PARIS EST;111;141;3;;108;11.60185185;8.768115942;;48;30.08055556;10.96256039;;31;10.96256039;19;4;0.0;0.0;0.0;0.0;0.0;0.0
2018-07;International;GENEVE;PARIS LYON;179;203;6;;25;14.88;-0.553299492;;91;35.4029304;17.50389171;;79;17.50389171;34;13;0.0;0.0;0.0;0.0;0.0;0.0
2018-07;National;PARIS LYON;AVIGNON TGV;161;532;5;;150;18.63711111;5.075743201;;164;32.8722561;11.56790006;•accident de personne avec le 6627 à Maisons-Alfort, suivi de 4 alertes radio pour personnes dans les voies avec des trains Transilien : 68 TGV retardés pour 5910 min;119;11.56790006;52;19;14.1025641;14.74358974;26.92307692;38.46153846;5.769230769;0.0
2018-07;National;LYON PART DIEU;PARIS LYON;121;546;13;;361;5.772114497;4.011413383;;124;25.56518817;8.008505316;•panne du OUIGO 7839, vers Le Creusot : 14 TGV retardés pour 240 min.;69;8.008505316;28;8;22.5;17.5;42.5;9.166666667;6.666666667;1.666666667
2018-07;International;LAUSANNE;PARIS LYON;182;145;3;;68;10.10294118;4.38028169;;37;40.65540541;12.94553991;;37;12.94553991;17;8;0.0;0.0;0.0;0.0;0.0;0.0
2018-07;National;NANTES;PARIS MONTPARNASSE;135;493;48;;207;7.580515298;3.551872659;;113;30.08480826;9.780599251;"Ce mois-ci, l'OD a été touchée par 2 journées de grève ainsi que  par les incidents suivants :
- le 4 : panne d'un train Fret avec une fuite de matières dangereuses, au niveau de Nantes (27 TGV retardés pour 698 minutes perdues),
- le 12 : un colis suspect en  gare du Mans (15 TGV retardés pour 286 minutes perdues),
- le 13 : un dérangement électrique des installations vers Massy (33 TGV retardés pour 797 minutes perdues) et un client qui bloque les portes d'un TGV au départ de Paris-Montparnasse (10 TGV retardés pour 132 minutes perdues), 
- le 17 : un accident de personne vers Sablé (21 TGV retardés pour 757 minutes perdues), 
- le 25 : une défaillance sur un aiguillage après le passage d'un engin travaux sur le chantier de renouvellement des appareils de voies de la ligne à grande vitesse Atlantique (33 TGV retardés pour un total de  663 minutes perdues),
- du 27 au 30 : suite à l'incendie d'un transformateur électrique à Issy-les-Moulineaux, le vendredi 27, l'accès à la gare de Paris-Montparnasse est restreint (322 TGV supprimés et 160 détournés par Paris Austerlitz).";68;9.780599251;30;15;9.90990991;54.05405405;20.72072072;9.90990991;1.801801802;3.603603604
2018-07;National;PARIS LYON;BESANCON FRANCHE COMTE TGV;129;185;6;;39;12.10512821;2.480446927;;29;31.14367816;6.060707635;•heurt d’un chevreuil par le TGV 6171 entre Vergigny et Tonnerre : 31 TGV retardés pour 1154 min, 16 TGV de l’axe perdus à 5’.;22;6.060707635;9;3;10.71428571;7.142857143;10.71428571;57.14285714;3.571428571;10.71428571
2018-07;National;ANGERS SAINT LAUD;PARIS MONTPARNASSE;96;397;37;;213;7.865571205;4.811018519;;108;24.56651235;9.001342593;"Ce mois-ci, l'OD a été touchée par 2 journées de grève ainsi que  par les incidents suivants :
- le 4 : panne d'un train Fret avec une fuite de matières dangereuses, au niveau de Nantes (27 TGV retardés pour 698 minutes perdues),
- le 12 : un colis suspect en  gare du Mans (15 TGV retardés pour 286 minutes perdues),
- le 13 : un dérangement électrique vers Massy (33 TGV retardés pour 797 minutes perdues) et un client qui bloque les portes d'un TGV au départ de Paris-Montparnasse (10 TGV retardés pour 132 minutes perdues), 
- le 17 : un accident de personne vers Sablé (21 TGV retardés pour 757 minutes perdues), 
- le 25 : une défaillance sur un aiguillage après le passage d'un engin travaux sur le chantier de renouvellement des appareils de voies de la ligne à grande vitesse Atlantique (33 TGV retardés pour 663 minutes perdues),
- du 27 au 30 : suite à l'incendie d'un transformateur électrique à Issy-les-Moulineaux, le vendredi 27, l'accès à la gare de Paris-Montparnasse est restreint (322 TGV supprimés et 160 détournés par Paris Austerlitz).";53;9.001342593;20;11;8.988764045;52.80898876;21.34831461;11.23595506;3.370786517;2.247191011
2018-07;National;NICE VILLE;PARIS LYON;345;279;7;;99;10.44242424;3.801531863;;83;50.13012048;18.10324755;•heurt d’une personne par le TER 17471 à Antibes : 33 TGV retardés pour 1079 min, 6 TGV de l’axe perdus à 5’.;83;18.10324755;43;16;30.12048193;21.68674699;21.68674699;21.68674699;2.409638554;2.409638554
2018-07;International;PARIS EST;STUTTGART;117;150;0;;33;6.785858586;1.567;;12;28.33333333;3.286666667;;8;3.286666667;4;1;0.0;0.0;0.0;0.0;0.0;0.0
2018-07;International;BARCELONA;PARIS LYON;316;124;0;;53;5.075471698;1.322580645;;37;48.11846847;16.49543011;;37;16.49543011;16;10;0.0;0.0;0.0;0.0;0.0;0.0
2018-07;National;NANTES;PARIS VAUGIRARD;145;59;0;;22;26.38484848;9.811299435;;15;48.02222222;14.23785311;Incendie FRET, dérangement d'installation, attente matériel roulant, heurt d'animal, difficultés réception sous gare, soin matériel roulant, disjonctions, accident RTE / Rupture d'alimentation PMP;12;14.23785311;7;5;6.666666667;20.0;26.66666667;33.33333333;6.666666667;6.666666667
2018-07;National;PARIS LYON;MARSEILLE ST CHARLES;198;494;10;;144;17.62997685;5.022004132;;128;42.86119792;14.24542011;problème de traction du 9582 vers Aix-en-Provence. 25 TGV retardés pour 588 min, 9 TGV de l’axe perdus à 5’.;128;14.24542011;57;23;25.98425197;17.32283465;19.68503937;33.85826772;3.149606299;0.0
2018-07;National;PARIS VAUGIRARD;RENNES;125;33;0;;9;6.555555556;1.487878788;;4;26.73333333;5.338888889;Incendie FRET, dérangement d'installation, attente matériel roulant, heurt d'animal, difficultés réception sous gare, soin matériel roulant, disjonctions, accident RTE / Rupture d'alimentation PMP;3;5.338888889;2;0;25.0;50.0;0.0;0.0;0.0;25.0
2018-07;National;NANCY;PARIS EST;93;311;16;;57;6.66374269;1.374689266;;32;19.0203125;2.322542373;;14;2.322542373;6;1;10.34482759;34.48275862;10.34482759;27.5862069;10.34482759;6.896551724
2018-07;National;PARIS NORD;ARRAS;49;298;22;;68;22.54313725;5.467391304;;76;29.65723684;8.993719807;"le domaine « extérieur infra » pour l’irrégularité a atteint un sommet avec quasiment 7 points, on relève deux accidents de personne en début de mois : d’une part sur le secteur Nord à Hattencourt (mercredi 04) et le secteur Sud est à Lyon Part Dieu (jeudi 05) d’autre part. Pour l’évènement d’Hattencourt avec l’Eurostar 9031, la circulation normale des trains a repris après 05h30 d’interruption totale. Pour ce même domaine côté infra il s’agit de multiples causes d’incendies ou orages violents dans le Sud Est.
Les causes dérangements sont aussi nombreuses (4,7%) , avec en évènements marquants les défauts de géométrie de voie (passage rame contrôle IRIS) et surtout les dérangements d’installations de signalisation (zones, aiguilles, etc.).
Le Matériel prend une part importante pour l’irrégularité avec 5,2 points. Plusieurs fois le motif « tension parc » a été relevé avec des retards plus ou moins importants, voire des suppressions de trains. Les chantiers du Landy et Forest ont peiné à servir le plan de transport journalier. Les « soins engins » représentent la dominante des causes : application guide de dépannage avec ou sans  l’appui du PAC (Pôle d’appui conduite), incidents du frein, insuffisance traction, disjoncteurs défaillants, incidents portes, climatisations hs, détections alarmes incendie,… 
Accident de personne €* sur LGV Nord à Hattencourt : 49 tgv concernés et 4 rames d'attente
Déraillement locotracteur à Goussainville : 5 tgv concernés
Heurt morceau de bois du 999018 rame 226 à Sainghin : 14 tgv concernés.";38;8.993719807;23;11;18.91891892;8.108108108;40.54054054;24.32432432;5.405405405;2.702702703
2018-07;National;PARIS VAUGIRARD;NANTES;143;55;0;;17;8.788235294;2.351212121;;9;44.82962963;8.907272727;Incendie FRET, dérangement d'installation, attente matériel roulant, heurt d'animal, difficultés réception sous gare, soin matériel roulant, disjonctions, accident RTE / Rupture d'alimentation PMP;5;8.907272727;5;3;11.11111111;33.33333333;44.44444444;11.11111111;0.0;0.0
2018-07;National;DIJON VILLE;PARIS LYON;98;436;9;;300;8.694777778;6.191530055;;87;34.25996169;8.613700234;•incident caténaire, baisse de tension vers Montbard : 20 TGV retardés pour 751 min, 10 TGV de l’axe perdus à 5’.;63;8.613700234;32;14;21.73913043;43.47826087;4.347826087;26.08695652;0.0;4.347826087
2018-07;National;PARIS LYON;SAINT ETIENNE CHATEAUCREUX;170;120;8;;13;22.55384615;2.321428571;;24;33.00694444;8.187202381;•tension sur le parc matériel à Paris Gare de Lyon : 19 TGV retardés pour 539 min, 7 TGV de l’axe perdus à 5’;15;8.187202381;8;4;16.66666667;12.5;33.33333333;33.33333333;4.166666667;0.0
2018-07;National;LYON PART DIEU;MONTPELLIER;113;342;12;;250;13.68833333;10.43373737;;102;32.14575163;11.51580808;•heurt d’une personne par le TGV 6839 à Montpellier : 12 TGV retardés pour 1009 min, 8 TGV de l’axe perdus à 5’.;73;11.51580808;33;14;15.49295775;25.35211268;22.53521127;15.49295775;9.85915493;11.26760563
2018-07;National;MONTPELLIER;LYON PART DIEU;115;311;14;;119;15.04593838;6.159876543;;78;35.08098291;11.00937149;•heurt d’une personne par le TGV 6839 à Montpellier : 12 TGV retardés pour 1009 min, 8 TGV de l’axe perdus à 5’.;57;11.00937149;31;10;25.37313433;14.92537313;28.35820896;20.89552239;7.462686567;2.985074627
2018-07;International;STUTTGART;PARIS EST;121;149;1;;138;7.847826087;7.304054054;;43;18.57868217;6.966779279;;24;6.966779279;3;1;0.0;0.0;0.0;0.0;0.0;0.0
2018-07;National;TOURCOING;MARSEILLE ST CHARLES;305;28;0;;8;10.875;3.107142857;;7;38.76190476;11.32261905;accident de personne, rupture d'alimentation, travaux, défaut de voie, dérangement d'installation, non respect marche traçée;7;11.32261905;5;1;28.57142857;28.57142857;28.57142857;14.28571429;0.0;0.0
2018-07;National;PARIS LYON;AIX EN PROVENCE TGV;183;465;7;;131;18.08346056;4.957969432;;112;38.86130952;11.60393013;•panne du 5180, problème de disjonction, à Aix-en-Provence-TGV. 43 TGV retardés pour 1095 min, 18 TGV de l’axe perdus à 5’.;105;11.60393013;49;15;17.59259259;16.66666667;21.2962963;38.88888889;4.62962963;0.925925926
2018-07;National;CHAMBERY CHALLES LES EAUX;PARIS LYON;188;209;7;;157;17.82335456;13.82021452;;122;35.54699454;22.23061056;•heurt d’un chevreuil par le TGV 6171 entre Vergigny et Tonnerre : 31 TGV retardés pour 1154 min, 16 TGV de l’axe perdus à 5’.;116;22.23061056;56;12;64.70588235;15.68627451;11.76470588;5.882352941;0.0;1.960784314
2018-07;National;PARIS LYON;VALENCE ALIXAN TGV;131;351;6;;114;23.91315789;7.659178744;;102;40.13611111;13.04275362;10:Incendie important aux abords de la gare de Marseille au PK 860 (St Barthélémy),;77;13.04275362;44;16;12.24489796;11.2244898;15.30612245;52.04081633;7.142857143;2.040816327
2018-07;National;PARIS MONTPARNASSE;TOULOUSE MATABIAU;264;170;14;;43;15.52790698;4.05982906;;38;42.88596491;13.44594017;"Ce mois-ci, l'OD a été touchée par 2 journées de grève ainsi que  par les incidents suivants :
- le 4 : intempéries dans la région de Bordeaux avec plusieurs arbres sur les voies vers Facture, Bordeaux et Angoulême (22 TGV retardés pour 2513 minutes perdues),
- le 13 : un dérangement électrique vers Massy (33 TGV retardés pour 797 minutes perdues) et un client qui bloque les portes d'un TGV au départ de Paris-Montparnasse (10 TGV retardés pour 132 minutes perdues), 
- le 16 : rupture caténaire suite à la foudre à Moissac (9 TGV retardés pour 558 minutes perdues),
- le 19 : un dérangement d'installation sur la ligne à grande vitesse près de Poitiers nécessite le détournement des TGV par ligne classique (14 TGV retardés pour 295 minutes perdues)
- le 25 : une défaillance sur un aiguillage après le passage d'un engin travaux sur le chantier de renouvellement des appareils de voies de la ligne à grande vitesse Atlantique (33 TGV retardés pour un total de  663 minutes perdues),
- du 27 au 30 : suite à l'incendie d'un transformateur électrique à Issy-les-Moulineaux, le vendredi 27, l'accès à la gare de Paris-Montparnasse est restreint (322 TGV supprimés et 160 détournés par Paris Austerlitz).";38;13.44594017;18;7;21.62162162;27.02702703;13.51351351;18.91891892;10.81081081;8.108108108
2018-07;National;PARIS LYON;DIJON VILLE;96;446;16;;107;19.68816199;4.692093023;;70;44.40333333;7.70620155;•incident caténaire, baisse de tension vers Montbard : 20 TGV retardés pour 751 min, 10 TGV de l’axe perdus à 5’.;61;7.70620155;31;15;12.85714286;20.0;4.285714286;57.14285714;4.285714286;1.428571429
2018-07;National;DOUAI;PARIS NORD;77;208;8;;44;9.195454545;2.21375;;53;22.10157233;6.653833333;"le domaine « extérieur infra » pour l’irrégularité a atteint un sommet avec quasiment 7 points, on relève deux accidents de personne en début de mois : d’une part sur le secteur Nord à Hattencourt (mercredi 04) et le secteur Sud est à Lyon Part Dieu (jeudi 05) d’autre part. Pour l’évènement d’Hattencourt avec l’Eurostar 9031, la circulation normale des trains a repris après 05h30 d’interruption totale. Pour ce même domaine côté infra il s’agit de multiples causes d’incendies ou orages violents dans le Sud Est.
Les causes dérangements sont aussi nombreuses (4,7%) , avec en évènements marquants les défauts de géométrie de voie (passage rame contrôle IRIS) et surtout les dérangements d’installations de signalisation (zones, aiguilles, etc.).
Le Matériel prend une part importante pour l’irrégularité avec 5,2 points. Plusieurs fois le motif « tension parc » a été relevé avec des retards plus ou moins importants, voire des suppressions de trains. Les chantiers du Landy et Forest ont peiné à servir le plan de transport journalier. Les « soins engins » représentent la dominante des causes : application guide de dépannage avec ou sans  l’appui du PAC (Pôle d’appui conduite), incidents du frein, insuffisance traction, disjoncteurs défaillants, incidents portes, climatisations hs, détections alarmes incendie,…";19;6.653833333;13;4;12.5;25.0;45.0;12.5;2.5;2.5
2018-07;National;POITIERS;PARIS MONTPARNASSE;99;455;75;;183;9.129052823;4.255438596;;98;21.03928571;7.097236842;"Ce mois-ci, l'OD a été touchée par 2 journées de grève ainsi que  par les incidents suivants :
- le 4 : intempéries dans la région de Bordeaux avec plusieurs arbres sur les voies vers Facture, Bordeaux et Angoulême (22 TGV retardés pour 2513 minutes perdues),
- le 13 : un dérangement électrique vers Massy (33 TGV retardés pour 797 minutes perdues) et un client qui bloque les portes d'un TGV au départ de Paris-Montparnasse (10 TGV retardés pour 132 minutes perdues), 
- le 19 : un dérangement d'installation sur la ligne à grande vitesse près de Poitiers nécessite le détournement des TGV par ligne classique (14 TGV retardés pour 295 minutes perdues)
- le 25 : une défaillance sur un aiguillage après le passage d'un engin travaux sur le chantier de renouvellement des appareils de voies de la ligne à grande vitesse Atlantique (33 TGV retardés pour un total de  663 minutes perdues),
- du 27 au 30 : suite à l'incendie d'un transformateur électrique à Issy-les-Moulineaux, le vendredi 27, l'accès à la gare de Paris-Montparnasse est restreint (322 TGV supprimés et 160 détournés par Paris Austerlitz).";39;7.097236842;16;5;16.66666667;36.11111111;22.22222222;11.11111111;4.166666667;9.722222222
2018-07;National;PARIS MONTPARNASSE;RENNES;103;589;68;;126;18.71468254;4.28653231;;85;35.91039216;7.129558541;;59;7.129558541;31;12;8.75;32.5;13.75;32.5;5.0;7.5
2018-07;International;MADRID;MARSEILLE ST CHARLES;199;31;3;;10;6.6;2.0;;4;60.8;12.00654762;;4;12.00654762;3;2;0.0;0.0;0.0;0.0;0.0;0.0
2018-07;National;STRASBOURG;NANTES;290;57;1;;8;5.966666667;0.75922619;;21;37.32460317;15.22202381;"02/07 : 5488? Csq défaut d’alimentation sur 8367 à Massy (11’) + Dérangement de zone à Montrouge (13’) +  5487 et 5470? Csq affluence voyageurs à Massy (5’)
03/07 : 5488? Csq raté ouverture PN à Arras (12’)
04/07 : 5488? Csq accident de personne à Hattencourt (5’) + Csq décontrôle d’aiguille à Montauban (18’) + 5470? Attente correspondance à CGV (8’)
05/07 : 5488? Attente matériel à CGV (15’)
08/07 : 5488? Espacement csq personne aux abords des voies à Messac-Guipry (6’)
09/07 : 5488? Attente personnel  - Conducteur mal commandé par Rennes (29’)
13/07 : 5470?Dérangement SI – Pb Galite (11’)
15/07 : 5470?Travaux restitution tardive à CMR (7’)
16/07 : Csq dérangement DBC à Antony ? 5487 (29’) + 5470 (27’)
20/17 : 5488?Csq affluence voyageur à CGV (25’) + 5470? Attente matériel roulant à SG (13’)
21/07 : Csq inondation voie entre Corgoloin et Nuits Saint Georges ?5470 (5’) + 5487 (7’)
25/07 : 5488? Défaut d’alimentation à Wissous (24’)
26/07 : 5488? Arrêt exceptionnel à Meuse + csq (32’) + 5470?Csq dérangement installation de signalisation à Louvigné-de-bais
27/07 : 5488? Csq défaillance rame 536 du 5441 – croisement rame (16’) + incident Montparnasse (15’) 
28/07 : Csq incident Montparnasse? 5487 (23‘) + 5470 (11‘)
29/07 : 5488? Csq pb fermeture porte sur rame 9894 à Lorraine (15’) + Csq Montparnasse (12’) + 5470?Dépeche DBC Wissous HS (11’)
30/07 : Csq Incident Montparnasse? 5470 (5‘) + 5488 (11‘) + Alarme module BREHAT : liaison non doublée HS? 5470 (8‘) et 5487 (5‘) + Csq attente correspondance (annulée) à SG? 5488 (26’)";21;15.22202381;6;2;15.0;30.0;30.0;15.0;0.0;10.0
2018-07;National;LILLE;MARSEILLE ST CHARLES;305;189;5;;65;9.1;3.265217391;;62;43.08844086;17.40253623;"le domaine « extérieur infra » pour l’irrégularité a atteint un sommet avec quasiment 7 points, on relève deux accidents de personne en début de mois : d’une part sur le secteur Nord à Hattencourt (mercredi 04) et le secteur Sud est à Lyon Part Dieu (jeudi 05) d’autre part. Pour l’évènement d’Hattencourt avec l’Eurostar 9031, la circulation normale des trains a repris après 05h30 d’interruption totale. Pour ce même domaine côté infra il s’agit de multiples causes d’incendies ou orages violents dans le Sud Est.
Les causes dérangements sont aussi nombreuses (4,7%) , avec en évènements marquants les défauts de géométrie de voie (passage rame contrôle IRIS) et surtout les dérangements d’installations de signalisation (zones, aiguilles, etc.).
Le Matériel prend une part importante pour l’irrégularité avec 5,2 points. Plusieurs fois le motif « tension parc » a été relevé avec des retards plus ou moins importants, voire des suppressions de trains. Les chantiers du Landy et Forest ont peiné à servir le plan de transport journalier. Les « soins engins » représentent la dominante des causes : application guide de dépannage avec ou sans  l’appui du PAC (Pôle d’appui conduite), incidents du frein, insuffisance traction, disjoncteurs défaillants, incidents portes, climatisations hs, détections alarmes incendie,… 
Dérangement infra et PN en RO : 10 tgv concernés
Défaillance €* à Fresnoy : 27 tgv concernés
Accident personne à Lyon Part Dieu :  10 tgv concernés
Dérangement zone à Pierrefitte : 31 tgv concernés avec 7550 et 7049 via Roissy.";62;17.40253623;28;9;30.23255814;25.58139535;25.58139535;9.302325581;4.651162791;4.651162791
2018-07;National;RENNES;PARIS VAUGIRARD;116;31;0;;7;2.619047619;0.618817204;;5;18.68333333;4.554301075;Incendie FRET, dérangement d'installation, attente matériel roulant, heurt d'animal, difficultés réception sous gare, soin matériel roulant, disjonctions, accident RTE / Rupture d'alimentation PMP;2;4.554301075;1;0;20.0;0.0;60.0;20.0;0.0;0.0
2018-07;National;MARNE LA VALLEE;MARSEILLE ST CHARLES;215;367;5;;248;12.83077957;8.844106814;;111;43.07912913;16.17803867;•alarme incendie sur l’Eurostar 9086, vers Le-Châtelet , 27 TGV retardés pour 725 min, 12 TGV de l’axe perdus à 5’.;111;16.17803867;55;18;25.0;27.94117647;25.0;16.17647059;2.941176471;2.941176471
2018-07;National;MULHOUSE VILLE;PARIS LYON;168;309;8;;175;5.279809524;3.07530454;;50;29.92966667;7.373200443;•incident caténaire, baisse de tension vers Montbard : 20 TGV retardés pour 751 min, 10 TGV de l’axe perdus à 5’.;36;7.373200443;14;7;20.0;33.33333333;26.66666667;20.0;0.0;0.0
2018-07;National;PARIS MONTPARNASSE;ANGERS SAINT LAUD;96;366;35;;73;15.86575342;3.243605237;;68;29.82254902;7.343202417;;39;7.343202417;23;8;10.71428571;37.5;14.28571429;25.0;7.142857143;5.357142857
2018-07;National;PARIS MONTPARNASSE;BORDEAUX ST JEAN;149;697;95;;137;12.50498783;2.632142857;;78;27.51153846;4.091196013;;58;4.091196013;22;5;14.28571429;19.48051948;18.18181818;37.66233766;6.493506494;3.896103896
2018-07;National;LA ROCHELLE VILLE;PARIS MONTPARNASSE;174;244;33;;20;15.85;1.502369668;;33;33.48131313;7.709083728;;24;7.709083728;10;4;19.35483871;41.93548387;25.80645161;9.677419355;3.225806452;0.0
2018-07;National;QUIMPER;PARIS MONTPARNASSE;231;246;23;;19;12.47368421;1.062780269;;33;37.34646465;8.73303438;;33;8.655407407;14;6;15.625;62.5;6.25;9.375;3.125;3.125
2018-07;National;MARSEILLE ST CHARLES;PARIS LYON;198;442;5;;156;14.53002137;5.118268497;;103;40.38187702;12.25842868;problème de traction du 9582 vers Aix-en-Provence. 25 TGV retardés pour 588 min, 9 TGV de l’axe perdus à 5’.;103;12.25842868;40;16;17.47572816;24.27184466;27.18446602;22.33009709;4.854368932;3.883495146
2018-07;International;PARIS LYON;ITALIE;292;78;4;;38;14.9495614;7.64009009;;26;33.34615385;14.28378378;;26;14.28378378;8;2;0.0;0.0;0.0;0.0;0.0;0.0
2018-07;International;PARIS LYON;LAUSANNE;179;149;3;;26;16.12820513;2.5956621;;49;32.53061224;13.98630137;;42;13.98630137;16;3;0.0;0.0;0.0;0.0;0.0;0.0
2018-07;National;BORDEAUX ST JEAN;PARIS MONTPARNASSE;146;817;160;;337;16.5892186;8.462962963;;185;37.88558559;12.61029934;"Ce mois-ci, l'OD a été touchée par 2 journées de grève ainsi que  par les incidents suivants :
- le 1er : intempéries à Puyoo avec arbre sur les voies (18 TGV retardés pour 606 minutes perdues), 
- le 4 : intempéries dans la région de Bordeaux avec plusieurs arbres sur les voies vers Facture, Bordeaux et Angoulême (22 TGV retardés pour 2513 minutes perdues),
- le 8 : une rupture caténaire près de Facture (15 TGV retardés pour 791 minutes perdues),
- le 13 : un dérangement électrique vers Massy (33 TGV retardés pour 797 minutes perdues) et un client qui bloque les portes d'un TGV au départ de Paris-Montparnasse (10 TGV retardés pour 132 minutes perdues), 
- le 15 : une rupture caténaire près de Facture (22 TGV retardés pour 1335 minutes perdues), 
- le 16 : suite aux intempéries inondation entre Bayonne et Biarritz (23 TGV retardés pour 408 minutes perdues),
- le 19 : un dérangement d'installation sur la ligne à grande vitesse près de Poitiers nécessite le détournement des TGV par ligne classique (14 TGV retardés pour 295 minutes perdues)
- le 25 : une défaillance sur un aiguillage après le passage d'un engin travaux sur le chantier de renouvellement des appareils de voies de la ligne à grande vitesse Atlantique (33 TGV retardés pour un total de  663 minutes perdues),
- du 27 au 30 : suite à l'incendie d'un transformateur électrique à Issy-les-Moulineaux, le vendredi 27, l'accès à la gare de Paris-Montparnasse est restreint (322 TGV supprimés et 160 détournés par Paris Austerlitz).";133;12.61029934;64;30;22.09302326;37.20930233;17.44186047;9.88372093;6.976744186;6.395348837
2018-07;National;LE MANS;PARIS MONTPARNASSE;61;385;37;;242;9.513360882;6.700957854;;147;19.21734694;8.759003831;"Ce mois-ci, l'OD a été touchée par 2 journées de grève ainsi que  par les incidents suivants :
- le 4 : panne d'un train Fret avec une fuite de matières dangereuses, au niveau de Nantes (27 TGV retardés pour 698 minutes perdues) et l'arrivée tardive des TGV en gare de Paris-Montparnasse qui ont retardés les départs de cette gare (20 TGV retardés pour 718 minutes perdues),
- le 6 : suite aux intempéries, affaissement sur une partie de la voie entre Chateaubourg et Vitré nécessitant une limitaiton de vitesse sur la zone (10 TGV retardés pour 295 minutes perdues),
- le 12 : un colis suspect en  gare du Mans (15 TGV retardés pour 286 minutes perdues),
- le 13 : un dérangement électrique vers Massy (33 TGV retardés pour 797 minutes perdues) et un client qui bloque les portes d'un TGV au départ de Paris-Montparnasse (10 TGV retardés pour 132 minutes perdues), 
- le 17 : un accident de personne vers Sablé (21 TGV retardés pour 757 minutes perdues), 
- le 18 : un défaut de nivellement de la voie entre Messac et Redon (32 TGV retardés pour 332 minutes perdues), 
- le 25 : une défaillance sur un aiguillage après le passage d'un engin travaux sur le chantier de renouvellement des appareils de voies de la ligne à grande vitesse Atlantique (33 TGV retardés pour un total de  663 minutes perdues),
- du 27 au 30 : suite à l'incendie d'un transformateur électrique à Issy-les-Moulineaux, le vendredi 27, l'accès à la gare de Paris-Montparnasse est restreint (322 TGV supprimés et 160 détournés par Paris Austerlitz).";58;8.759003831;18;8;6.603773585;50.94339623;22.64150943;10.37735849;1.886792453;7.547169811
2018-07;National;TOULOUSE MATABIAU;PARIS MONTPARNASSE;264;201;33;;49;8.856122449;2.338392857;;49;49.27755102;17.3484127;"Ce mois-ci, l'OD a été touchée par 2 journées de grève ainsi que  par les incidents suivants :
- le 4 : intempéries dans la région de Bordeaux avec plusieurs arbres sur les voies vers Facture, Bordeaux et Angoulême (22 TGV retardés pour 2513 minutes perdues),
- le 13 : un dérangement électrique vers Massy (33 TGV retardés pour 797 minutes perdues) et un client qui bloque les portes d'un TGV au départ de Paris-Montparnasse (10 TGV retardés pour 132 minutes perdues), 
- le 16 : rupture caténaire suite à la foudre à Moissac (9 TGV retardés pour 558 minutes perdues),
- le 19 : un dérangement d'installation sur la ligne à grande vitesse près de Poitiers nécessite le détournement des TGV par ligne classique (14 TGV retardés pour 295 minutes perdues)
- le 25 : une défaillance sur un aiguillage après le passage d'un engin travaux sur le chantier de renouvellement des appareils de voies de la ligne à grande vitesse Atlantique (33 TGV retardés pour un total de  663 minutes perdues),
- du 27 au 30 : suite à l'incendie d'un transformateur électrique à Issy-les-Moulineaux, le vendredi 27, l'accès à la gare de Paris-Montparnasse est restreint (322 TGV supprimés et 160 détournés par Paris Austerlitz).";49;17.3484127;21;14;30.6122449;40.81632653;18.36734694;8.163265306;0.0;2.040816327
2018-07;National;VANNES;PARIS MONTPARNASSE;161;261;28;;127;5.744094488;3.186695279;;53;31.90628931;9.633690987;"Ce mois-ci, l'OD a été touchée par 2 journées de grève ainsi que  par les incidents suivants :
- le 13 : un dérangement électrique vers Massy (33 TGV retardés pour 797 minutes perdues) et un client qui bloque les portes d'un TGV au départ de Paris-Montparnasse (10 TGV retardés pour 132 minutes perdues), 
-le 18 : un défaut de nivellement de la voie entre Messac et Redon (32 TGV retardés pour 332 minutes perdues), 
- le 25 : une défaillance sur un aiguillage après le passage d'un engin travaux sur le chantier de renouvellement des appareils de voies de la ligne à grande vitesse Atlantique (33 TGV retardés pour un total de  663 minutes perdues),
- du 27 au 30 : suite à l'incendie d'un transformateur électrique à Issy-les-Moulineaux, le vendredi 27, l'accès à la gare de Paris-Montparnasse est restreint (322 TGV supprimés et 160 détournés par Paris Austerlitz).";36;9.551702128;16;8;11.76470588;47.05882353;19.60784314;11.76470588;5.882352941;3.921568627
2018-07;National;LILLE;PARIS NORD;63;576;19;;201;12.30837479;4.42866547;;166;27.22228916;8.711968881;"le domaine « extérieur infra » pour l’irrégularité a atteint un sommet avec quasiment 7 points, on relève deux accidents de personne en début de mois : d’une part sur le secteur Nord à Hattencourt (mercredi 04) et le secteur Sud est à Lyon Part Dieu (jeudi 05) d’autre part. Pour l’évènement d’Hattencourt avec l’Eurostar 9031, la circulation normale des trains a repris après 05h30 d’interruption totale. Pour ce même domaine côté infra il s’agit de multiples causes d’incendies ou orages violents dans le Sud Est.
Les causes dérangements sont aussi nombreuses (4,7%) , avec en évènements marquants les défauts de géométrie de voie (passage rame contrôle IRIS) et surtout les dérangements d’installations de signalisation (zones, aiguilles, etc.).
Le Matériel prend une part importante pour l’irrégularité avec 5,2 points. Plusieurs fois le motif « tension parc » a été relevé avec des retards plus ou moins importants, voire des suppressions de trains. Les chantiers du Landy et Forest ont peiné à servir le plan de transport journalier. Les « soins engins » représentent la dominante des causes : application guide de dépannage avec ou sans  l’appui du PAC (Pôle d’appui conduite), incidents du frein, insuffisance traction, disjoncteurs défaillants, incidents portes, climatisations hs, détections alarmes incendie,… 
s
Dérangement infra et PN en RO : 10 tgv concernés
Défaillance €* à Fresnoy : 27 tgv concernés
Accident personne à Lyon Part Dieu :  10 tgv concernés
Dérangement zone à Pierrefitte : 31 tgv concernés avec 7550 et 7049 via Roissy.";70;8.696356033;36;20;21.33333333;18.66666667;28.0;18.66666667;11.33333333;2.0
2018-07;National;BREST;PARIS MONTPARNASSE;231;271;23;;19;19.06315789;1.460483871;;40;38.99666667;9.107392473;;40;9.0708166;15;7;5.128205128;64.1025641;10.25641026;10.25641026;5.128205128;5.128205128
2018-07;National;PARIS MONTPARNASSE;POITIERS;99;480;65;;87;10.28045977;1.898995984;;71;21.04530516;4.699598394;;40;4.699598394;10;4;14.51612903;16.12903226;20.96774194;32.25806452;4.838709677;11.29032258
2018-07;National;TOURS;PARIS MONTPARNASSE;81;165;19;;13;4.96025641;0.464954338;;38;10.98508772;3.674315068;"Ce mois-ci, l'OD a été touchée par 2 journées de grève ainsi que  par les incidents suivants :
- le 13 : un dérangement électrique vers Massy (33 TGV retardés pour 797 minutes perdues) et un client qui bloque les portes d'un TGV au départ de Paris-Montparnasse (10 TGV retardés pour 132 minutes perdues), 
- le 25 : une défaillance sur un aiguillage après le passage d'un engin travaux sur le chantier de renouvellement des appareils de voies de la ligne à grande vitesse Atlantique (33 TGV retardés pour un total de  663 minutes perdues),
- du 27 au 30 : suite à l'incendie d'un transformateur électrique à Issy-les-Moulineaux, le vendredi 27, l'accès à la gare de Paris-Montparnasse est restreint (322 TGV supprimés et 160 détournés par Paris Austerlitz).";7;3.674315068;1;0;11.11111111;33.33333333;22.22222222;22.22222222;0.0;11.11111111
2018-07;National;STRASBOURG;PARIS EST;112;504;2;;290;8.747011494;5.112915007;;83;22.38855422;4.630677291;;52;4.630677291;19;2;11.11111111;11.11111111;11.11111111;44.44444444;11.11111111;11.11111111
2018-07;National;LILLE;LYON PART DIEU;188;326;12;;176;8.410416667;4.754087049;;90;30.51074074;10.88301486;"le domaine « extérieur infra » pour l’irrégularité a atteint un sommet avec quasiment 7 points, on relève deux accidents de personne en début de mois : d’une part sur le secteur Nord à Hattencourt (mercredi 04) et le secteur Sud est à Lyon Part Dieu (jeudi 05) d’autre part. Pour l’évènement d’Hattencourt avec l’Eurostar 9031, la circulation normale des trains a repris après 05h30 d’interruption totale. Pour ce même domaine côté infra il s’agit de multiples causes d’incendies ou orages violents dans le Sud Est.
Les causes dérangements sont aussi nombreuses (4,7%) , avec en évènements marquants les défauts de géométrie de voie (passage rame contrôle IRIS) et surtout les dérangements d’installations de signalisation (zones, aiguilles, etc.).
Le Matériel prend une part importante pour l’irrégularité avec 5,2 points. Plusieurs fois le motif « tension parc » a été relevé avec des retards plus ou moins importants, voire des suppressions de trains. Les chantiers du Landy et Forest ont peiné à servir le plan de transport journalier. Les « soins engins » représentent la dominante des causes : application guide de dépannage avec ou sans  l’appui du PAC (Pôle d’appui conduite), incidents du frein, insuffisance traction, disjoncteurs défaillants, incidents portes, climatisations hs, détections alarmes incendie,…";65;10.88301486;29;8;23.40425532;14.89361702;23.40425532;23.40425532;10.63829787;4.255319149
2018-07;International;PARIS EST;FRANCFORT;108;170;2;;38;8.601315789;1.958730159;;19;37.0;4.339285714;;12;4.339285714;5;3;0.0;0.0;0.0;0.0;0.0;0.0
2018-07;National;ARRAS;PARIS NORD;51;349;16;;143;7.817132867;3.528128128;;102;20.41405229;7.021621622;"le domaine « extérieur infra » pour l’irrégularité a atteint un sommet avec quasiment 7 points, on relève deux accidents de personne en début de mois : d’une part sur le secteur Nord à Hattencourt (mercredi 04) et le secteur Sud est à Lyon Part Dieu (jeudi 05) d’autre part. Pour l’évènement d’Hattencourt avec l’Eurostar 9031, la circulation normale des trains a repris après 05h30 d’interruption totale. Pour ce même domaine côté infra il s’agit de multiples causes d’incendies ou orages violents dans le Sud Est.
Les causes dérangements sont aussi nombreuses (4,7%) , avec en évènements marquants les défauts de géométrie de voie (passage rame contrôle IRIS) et surtout les dérangements d’installations de signalisation (zones, aiguilles, etc.).
Le Matériel prend une part importante pour l’irrégularité avec 5,2 points. Plusieurs fois le motif « tension parc » a été relevé avec des retards plus ou moins importants, voire des suppressions de trains. Les chantiers du Landy et Forest ont peiné à servir le plan de transport journalier. Les « soins engins » représentent la dominante des causes : application guide de dépannage avec ou sans  l’appui du PAC (Pôle d’appui conduite), incidents du frein, insuffisance traction, disjoncteurs défaillants, incidents portes, climatisations hs, détections alarmes incendie,… 
Accident de personne €* sur LGV Nord à Hattencourt : 49 tgv concernés et 4 rames d'attente
Déraillement locotracteur à Goussainville : 5 tgv concernés
Heurt morceau de bois du 999018 rame 226 à Sainghin : 14 tgv concernés.";32;7.021621622;19;7;9.302325581;27.90697674;47.6744186;10.46511628;3.488372093;1.162790698
2018-07;National;DUNKERQUE;PARIS NORD;116;244;6;;12;23.16666667;1.212184874;;38;37.60482456;7.710364146;;23;7.710364146;13;7;22.22222222;30.55555556;22.22222222;11.11111111;8.333333333;5.555555556
2018-07;National;PARIS NORD;DOUAI;66;181;7;;42;17.33769841;4.044923372;;57;26.8994152;9.529214559;"le domaine « extérieur infra » pour l’irrégularité a atteint un sommet avec quasiment 7 points, on relève deux accidents de personne en début de mois : d’une part sur le secteur Nord à Hattencourt (mercredi 04) et le secteur Sud est à Lyon Part Dieu (jeudi 05) d’autre part. Pour l’évènement d’Hattencourt avec l’Eurostar 9031, la circulation normale des trains a repris après 05h30 d’interruption totale. Pour ce même domaine côté infra il s’agit de multiples causes d’incendies ou orages violents dans le Sud Est.
Les causes dérangements sont aussi nombreuses (4,7%) , avec en évènements marquants les défauts de géométrie de voie (passage rame contrôle IRIS) et surtout les dérangements d’installations de signalisation (zones, aiguilles, etc.).
Le Matériel prend une part importante pour l’irrégularité avec 5,2 points. Plusieurs fois le motif « tension parc » a été relevé avec des retards plus ou moins importants, voire des suppressions de trains. Les chantiers du Landy et Forest ont peiné à servir le plan de transport journalier. Les « soins engins » représentent la dominante des causes : application guide de dépannage avec ou sans  l’appui du PAC (Pôle d’appui conduite), incidents du frein, insuffisance traction, disjoncteurs défaillants, incidents portes, climatisations hs, détections alarmes incendie,…";34;9.529214559;15;6;18.51851852;12.96296296;46.2962963;20.37037037;1.851851852;0.0
2018-07;National;PARIS NORD;LILLE;62;564;19;;145;19.16632184;5.033944954;;162;28.79002058;9.603486239;"le domaine « extérieur infra » pour l’irrégularité a atteint un sommet avec quasiment 7 points, on relève deux accidents de personne en début de mois : d’une part sur le secteur Nord à Hattencourt (mercredi 04) et le secteur Sud est à Lyon Part Dieu (jeudi 05) d’autre part. Pour l’évènement d’Hattencourt avec l’Eurostar 9031, la circulation normale des trains a repris après 05h30 d’interruption totale. Pour ce même domaine côté infra il s’agit de multiples causes d’incendies ou orages violents dans le Sud Est.
Les causes dérangements sont aussi nombreuses (4,7%) , avec en évènements marquants les défauts de géométrie de voie (passage rame contrôle IRIS) et surtout les dérangements d’installations de signalisation (zones, aiguilles, etc.).
Le Matériel prend une part importante pour l’irrégularité avec 5,2 points. Plusieurs fois le motif « tension parc » a été relevé avec des retards plus ou moins importants, voire des suppressions de trains. Les chantiers du Landy et Forest ont peiné à servir le plan de transport journalier. Les « soins engins » représentent la dominante des causes : application guide de dépannage avec ou sans  l’appui du PAC (Pôle d’appui conduite), incidents du frein, insuffisance traction, disjoncteurs défaillants, incidents portes, climatisations hs, détections alarmes incendie,… 

Dérangement infra et PN en RO : 10 tgv concernés
Défaillance €* à Fresnoy : 27 tgv concernés
Accident personne à Lyon Part Dieu :  10 tgv concernés
Dérangement zone à Pierrefitte : 31 tgv concernés avec 7550 et 7049 via Roissy.";87;9.568372943;47;17;20.64516129;15.48387097;29.03225806;27.74193548;5.161290323;1.935483871
2018-07;National;MARSEILLE ST CHARLES;TOURCOING;296;30;0;;6;11.06388889;1.8;;7;39.42857143;11.46666667;accident de personne, rupture d'alimentation, travaux, défaut de voie, dérangement d'installation, non respect marche traçée;7;11.46666667;3;1;14.28571429;14.28571429;57.14285714;14.28571429;0.0;0.0
2018-07;National;PARIS MONTPARNASSE;VANNES;155;243;22;;62;24.24892473;6.573831071;;58;40.65517241;12.3438914;"Ce mois-ci, l'OD a été touchée par 2 journées de grève ainsi que  par les incidents suivants :
- le 13 : un dérangement électrique vers Massy (33 TGV retardés pour 797 minutes perdues) et un client qui bloque les portes d'un TGV au départ de Paris-Montparnasse (10 TGV retardés pour 132 minutes perdues), 
-le 18 : un défaut de nivellement de la voie entre Messac et Redon (32 TGV retardés pour 332 minutes perdues), 
- le 25 : une défaillance sur un aiguillage après le passage d'un engin travaux sur le chantier de renouvellement des appareils de voies de la ligne à grande vitesse Atlantique (33 TGV retardés pour un total de  663 minutes perdues),
- du 27 au 30 : suite à l'incendie d'un transformateur électrique à Issy-les-Moulineaux, le vendredi 27, l'accès à la gare de Paris-Montparnasse est restreint (322 TGV supprimés et 160 détournés par Paris Austerlitz).";43;12.3438914;23;7;8.771929825;35.0877193;14.03508772;26.31578947;1.754385965;14.03508772
2018-07;National;PARIS LYON;PERPIGNAN;306;202;0;;73;24.58652968;8.603135314;;67;57.79228856;21.01625413;heurt d’une personne par le TGV 6839 à Montpellier : 12 TGV retardés pour 1009 min, 8 TGV de l’axe perdus à 5’.;67;21.01625413;51;14;25.37313433;22.3880597;8.955223881;43.28358209;0.0;0.0
2018-07;National;PARIS MONTPARNASSE;TOURS;78;156;21;;30;7.170555556;1.358024691;;30;12.83333333;3.708395062;;7;3.708395062;1;1;11.11111111;11.11111111;44.44444444;27.77777778;0.0;5.555555556
2018-07;National;PARIS EST;METZ;85;315;3;;58;12.79511494;2.364316239;;33;30.41767677;2.745138889;;22;2.745138889;12;5;3.03030303;30.3030303;12.12121212;42.42424242;9.090909091;3.03030303
2018-07;National;PARIS MONTPARNASSE;NANTES;131;473;56;;89;21.89250936;4.434332534;;71;45.75751174;9.088569145;"Ce mois-ci, l'OD a été touchée par 2 journées de grève ainsi que  par les incidents suivants :
- le 4 : panne d'un train Fret avec une fuite de matières dangereuses, au niveau de Nantes (27 TGV retardés pour 698 minutes perdues) ,
- le 12 : un colis suspect en  gare du Mans (15 TGV retardés pour 286 minutes perdues),
- le 13 : un dérangement électrique vers Massy (33 TGV retardés pour 797 minutes perdues) et un client qui bloque les portes d'un TGV au départ de Paris-Montparnasse (10 TGV retardés pour 132 minutes perdues), 
- le 17 : un accident de personne vers Sablé (21 TGV retardés pour 757 minutes perdues), 
- le 25 : une défaillance sur un aiguillage après le passage d'un engin travaux sur le chantier de renouvellement des appareils de voies de la ligne à grande vitesse Atlantique (33 TGV retardés pour un total de  663 minutes perdues),
- du 27 au 30 : suite à l'incendie d'un transformateur électrique à Issy-les-Moulineaux, le vendredi 27, l'accès à la gare de Paris-Montparnasse est restreint (322 TGV supprimés et 160 détournés par Paris Austerlitz).";57;9.088569145;35;17;14.49275362;42.02898551;18.84057971;17.39130435;4.347826087;2.898550725
2018-07;National;LAVAL;PARIS MONTPARNASSE;92;193;16;;103;8.316666667;4.88126177;;46;25.68985507;8.303483992;"Ce mois-ci, l'OD a été touchée par 2 journées de grève ainsi que  par les incidents suivants :
- le 6 : suite aux intempéries, affaissement sur une partie de la voie entre Chateaubourg et Vitré nécessitant une limitaiton de vitesse sur la zone (10 TGV retardés pour 295 minutes perdues),
- le 12 : un colis suspect en  gare du Mans (15 TGV retardés pour 286 minutes perdues),
- le 13 : un dérangement électrique vers Massy (33 TGV retardés pour 797 minutes perdues) et un client qui bloque les portes d'un TGV au départ de Paris-Montparnasse (10 TGV retardés pour 132 minutes perdues), 
- le 18 : un défaut de nivellement de la voie entre Messac et Redon (32 TGV retardés pour 332 minutes perdues), 
- le 25 : une défaillance sur un aiguillage après le passage d'un engin travaux sur le chantier de renouvellement des appareils de voies de la ligne à grande vitesse Atlantique (33 TGV retardés pour un total de  663 minutes perdues) 
- du 27 au 30 : suite à l'incendie d'un transformateur électrique à Issy-les-Moulineaux, le vendredi 27, l'accès à la gare de Paris-Montparnasse est restreint (322 TGV supprimés et 160 détournés par Paris Austerlitz).";35;8.303483992;11;3;6.976744186;46.51162791;16.27906977;23.25581395;2.325581395;4.651162791
2018-07;National;BESANCON FRANCHE COMTE TGV;PARIS LYON;132;191;5;;49;4.439455782;0.875985663;;21;49.66190476;6.896774194;•heurt d’un chevreuil par le TGV 6171 entre Vergigny et Tonnerre : 31 TGV retardés pour 1154 min, 16 TGV de l’axe perdus à 5’.;17;6.896774194;12;7;25.0;35.0;5.0;30.0;0.0;5.0
2018-07;National;PARIS MONTPARNASSE;QUIMPER;227;234;19;;60;22.87222222;6.154573643;;35;59.01428571;12.19534884;"Ce mois-ci, l'OD a été touchée par 2 journées de grève ainsi que  par les incidents suivants :
- le 13 : un dérangement électrique vers Massy (33 TGV retardés pour 797 minutes perdues) et un client qui bloque les portes d'un TGV au départ de Paris-Montparnasse (10 TGV retardés pour 132 minutes perdues), 
-le 18 : un défaut de nivellement de la voie entre Messac et Redon (32 TGV retardés pour 332 minutes perdues), 
- le 25 : une défaillance sur un aiguillage après le passage d'un engin travaux sur le chantier de renouvellement des appareils de voies de la ligne à grande vitesse Atlantique (33 TGV retardés pour un total de  663 minutes perdues),
- du 27 au 30 : suite à l'incendie d'un transformateur électrique à Issy-les-Moulineaux, le vendredi 27, l'accès à la gare de Paris-Montparnasse est restreint (322 TGV supprimés et 160 détournés par Paris Austerlitz).";35;12.13888889;20;7;8.571428571;45.71428571;11.42857143;28.57142857;0.0;5.714285714
2018-07;National;NANTES;STRASBOURG;304;56;0;;14;6.069047619;1.61577381;;11;47.58030303;10.64077381;"05/07 : 5460? Non-respect marche tracée (5’)
08/07 : Csq incident en chantier de prod à Ambérieu ? 5480 (17’) et 5460 (20’)
09/07 : 5460? Csq DBC sur 9555 à Livry Louvercy (30’) + 5478? Csq colis suspect à Roissy (21’)
10/07 : 5478? KVB rame ICE4709 (16’)
13/07 : 5460?Csq Non-respect marche tracée à Morlaix (18‘) + 5478? Espacement csq retard sur un autre réseau (5’)
15/07 : Espacement csq attente correspondance à Saint Pierre des Corps? 5480 (5’) + 5460 (5’) + 5460?Csq accident de personne aux Ardoines (56’) + Arret exceptionnel à Meuse (5’) 
16/07 : 5460?Espacement csq défaut porte à Rennes (18’) + 5478? espacement csq alerte radio sur TER à Austerlitz (11’) 
17/07 : 5478? Espacement csq dérangement asservissement sol machine à Lesse (12’)
20/07 : 5460? Csq modification journée ADC dernière minute à Rennes (14’) + soin matériel roulant à CGV (5’)
21/07 : 5478? Espacement dû à la présence d’animaux aux abords des voies à Auffay (5’) + 5460? Attente correspondance avec Ter à Rennes (7’)
24/07 : 5478? Csq perte de temps en ligne sans raison à Austerlitz (12’)
26/07 : 5460?Espacement csq dérangement installation de signalisation (17’)
27/07 : 5460?Rétention et espacements suite incident de Montparnasse (18’)
28/07 : 5460? Attente correspondance TER à Rennes (25’) + 5478? Affluence bagage à Roissy (5’) + Attente avitaillement à ASL (5’)
29/07 : 5460?Espacement csq incident Montparnasse (5’)
30/07 : 5460? Attente correspondance Ter à Rennes (27’) + suite incident Montparnasse (6’)
31/07 : 5460? Attente correspondance TGV à Rennes (14’) + colis suspect à MVC (42’)";11;10.64077381;7;4;20.0;20.0;10.0;40.0;0.0;10.0
2018-07;National;BELLEGARDE (AIN);PARIS LYON;163;220;6;;114;7.329385965;3.961760125;;100;34.15083333;17.04976636;•accident de personne avec le 6627 à Maisons-Alfort, suivi de 4 alertes radio pour personnes dans les voies avec des trains Transilien : 68 TGV retardés pour 5910 min;83;17.04976636;36;13;100.0;0.0;0.0;0.0;0.0;0.0
2018-07;National;PARIS LYON;NICE VILLE;351;289;10;;95;16.31684211;5.380406213;;84;46.96230159;16.0135006;•heurt d’une personne par le TER 17471 à Antibes : 33 TGV retardés pour 1079 min, 6 TGV de l’axe perdus à 5’.;84;16.0135006;51;18;28.91566265;15.6626506;22.89156627;24.09638554;7.228915663;1.204819277
2018-07;International;PARIS LYON;ZURICH;177;150;4;;42;22.53174603;6.282762557;;37;47.43243243;12.78767123;;31;12.78767123;19;7;0.0;0.0;0.0;0.0;0.0;0.0
2018-07;National;PARIS EST;STRASBOURG;113;494;11;;112;10.09360119;1.419427191;;41;34.77113821;2.97515528;;36;2.97515528;16;5;9.756097561;21.95121951;7.317073171;39.02439024;14.63414634;7.317073171
2018-07;National;PARIS LYON;LYON PART DIEU;121;550;18;;100;18.0955;3.12387218;;78;42.18910256;6.715006266;•panne du OUIGO 7839, vers Le Creusot : 14 TGV retardés pour 240 min.;60;6.715006266;29;11;22.07792208;19.48051948;20.77922078;32.46753247;3.896103896;1.298701299
2018-07;National;PARIS MONTPARNASSE;BREST;227;248;17;;60;23.1275;5.747546898;;43;52.51162791;11.61471861;"Ce mois-ci, l'OD a été touchée par 2 journées de grève ainsi que  par les incidents suivants :
- le 13 : un dérangement électrique vers Massy (33 TGV retardés pour 797 minutes perdues) et un client qui bloque les portes d'un TGV au départ de Paris-Montparnasse (10 TGV retardés pour 132 minutes perdues), 
- le 25 : une défaillance sur un aiguillage après le passage d'un engin travaux sur le chantier de renouvellement des appareils de voies de la ligne à grande vitesse Atlantique (33 TGV retardés pour un total de  663 minutes perdues),
- du 27 au 30 : suite à l'incendie d'un transformateur électrique à Issy-les-Moulineaux, le vendredi 27, l'accès à la gare de Paris-Montparnasse est restreint (322 TGV supprimés et 160 détournés par Paris Austerlitz).";43;11.61471861;25;10;13.95348837;37.20930233;6.976744186;25.58139535;6.976744186;9.302325581
2018-07;National;SAINT ETIENNE CHATEAUCREUX;PARIS LYON;169;112;2;;14;2.886904762;0.10969697;;24;24.82638889;7.621818182;•tension sur le parc matériel à Paris Gare de Lyon : 19 TGV retardés pour 539 min, 7 TGV de l’axe perdus à 5’;11;7.621818182;5;1;17.39130435;13.04347826;52.17391304;8.695652174;8.695652174;0.0
2018-07;National;LYON PART DIEU;RENNES;234;86;4;;79;15.8407173;15.28373984;;48;58.55868056;36.81686992;"Ce mois-ci, l'OD a été touchée par 2 journées de grève ainsi que  par les incidents suivants :
- le 5 : un accident de personne vers Lyon (10 TGV retardés pour 506 minutes perdues), 
- le 13 : un dérangement électrique vers Massy (33 TGV retardés pour 797 minutes perdues) et un client qui bloque les portes d'un TGV au départ de Paris-Montparnasse (10 TGV retardés pour 132 minutes perdues), 
- le 15 : un accident de personne aux Ardoines en Ile-de-France (20 TGV retardés pour 281 minutes perdues). 
- le 25 : une défaillance sur un aiguillage après le passage d'un engin travaux sur le chantier de renouvellement des appareils de voies de la ligne à grande vitesse Atlantique (33 TGV retardés pour un total de  663 minutes perdues),
- du 27 au 30 : suite à l'incendie d'un transformateur électrique à Issy-les-Moulineaux, le vendredi 27, l'accès à la gare de Paris-Montparnasse est restreint (322 TGV supprimés et 160 détournés par Paris Austerlitz).";48;36.81686992;23;14;20.0;24.44444444;22.22222222;22.22222222;8.888888889;2.222222222
2018-07;National;PARIS EST;NANCY;95;307;11;;72;10.99074074;2.685641892;;21;26.8825;2.929335586;;21;2.929335586;10;3;22.22222222;16.66666667;11.11111111;33.33333333;16.66666667;0.0
2018-07;National;BORDEAUX ST JEAN;TOURCOING;288;12;0;;5;3.936666667;1.702777778;;3;27.66666667;11.29166667;Dérangement d'installation, attente ADC, attente éxécution service voy, travaux, intervention SUGE, incident caténaire, heurt, accident RTE/Défaut d'alimentation PMP;3;11.29166667;1;0;33.33333333;0.0;66.66666667;0.0;0.0;0.0
2018-07;National;PARIS VAUGIRARD;BORDEAUX ST JEAN;169;59;0;;15;29.78333333;7.173163842;;13;40.66923077;9.612146893;Dérangement d'installation, attente ADC, attente éxécution service voy, travaux, intervention SUGE, incident caténaire, heurt, accident RTE/Défaut d'alimentation PMP;11;9.612146893;5;3;15.38461538;23.07692308;30.76923077;15.38461538;15.38461538;0.0
2018-07;National;MARNE LA VALLEE;LYON PART DIEU;110;405;12;;317;12.59784437;10.22056828;;125;28.34946667;10.60275657;•alarme incendie sur l’Eurostar 9086, vers Le-Châtelet , 27 TGV retardés pour 725 min, 12 TGV de l’axe perdus à 5’.;81;10.60275657;38;9;22.22222222;17.46031746;28.57142857;20.63492063;7.936507937;3.174603175
2018-07;National;MACON LOCHE;PARIS LYON;99;238;3;;209;17.6976874;15.76602837;;107;35.80576324;17.41588652;•panne du OUIGO 7839, vers Le Creusot : 14 TGV retardés pour 240 min.;94;17.41588652;53;9;26.86567164;17.91044776;40.29850746;10.44776119;0.0;4.47761194
2018-07;National;ANGOULEME;PARIS MONTPARNASSE;132;236;35;;119;11.19635854;6.692371476;;50;33.081;10.4305141;"Ce mois-ci, l'OD a été touchée par 2 journées de grève ainsi que  par les incidents suivants :
- le 4 : intempéries dans la région de Bordeaux avec plusieurs arbres sur les voies vers Facture, Bordeaux et Angoulême (22 TGV retardés pour 2513 minutes perdues),
- le 13 : un dérangement électrique vers Massy (33 TGV retardés pour 797 minutes perdues) et un client qui bloque les portes d'un TGV au départ de Paris-Montparnasse (10 TGV retardés pour 132 minutes perdues), 
- le 19 : un dérangement d'installation sur la ligne à grande vitesse près de Poitiers nécessite le détournement des TGV par ligne classique (14 TGV retardés pour 295 minutes perdues)
- le 25 : une défaillance sur un aiguillage après le passage d'un engin travaux sur le chantier de renouvellement des appareils de voies de la ligne à grande vitesse Atlantique (33 TGV retardés pour un total de  663 minutes perdues),
- du 27 au 30 : suite à l'incendie d'un transformateur électrique à Issy-les-Moulineaux, le vendredi 27, l'accès à la gare de Paris-Montparnasse est restreint (322 TGV supprimés et 160 détournés par Paris Austerlitz).";33;10.4305141;13;5;20.0;38.0;12.0;16.0;4.0;10.0
2018-07;National;MONTPELLIER;PARIS LYON;207;443;2;;239;14.77524407;8.065684051;;126;49.63386243;16.57486772;•heurt d’une personne par le TGV 6839 à Montpellier : 12 TGV retardés pour 1009 min, 8 TGV de l’axe perdus à 5’.;126;16.57486772;67;34;23.59550562;30.33707865;25.84269663;11.23595506;2.247191011;6.741573034
2018-07;National;RENNES;PARIS MONTPARNASSE;104;602;75;;246;9.252845528;4.41998735;;108;30.96728395;8.627925364;;88;8.595305608;36;14;10.78431373;51.96078431;12.74509804;15.68627451;3.921568627;4.901960784
2018-07;National;PARIS LYON;MACON LOCHE;96;191;7;;43;22.25620155;5.045923913;;38;38.24429825;9.386684783;•panne du OUIGO 7839, vers Le Creusot : 14 TGV retardés pour 240 min.;32;9.386684783;17;6;11.76470588;23.52941176;5.882352941;50.0;8.823529412;0.0
2018-07;National;PARIS MONTPARNASSE;ANGOULEME;132;231;26;;45;14.45259259;2.940894309;;46;24.5134058;7.867317073;;31;7.867317073;8;3;9.090909091;20.45454545;18.18181818;34.09090909;4.545454545;13.63636364
2018-07;National;PARIS MONTPARNASSE;LA ROCHELLE VILLE;172;227;22;;40;9.130833333;1.485853659;;36;21.77777778;4.814634146;;21;4.814634146;8;1;13.88888889;19.44444444;25.0;22.22222222;2.777777778;16.66666667
2018-07;National;TOURCOING;BORDEAUX ST JEAN;286;12;0;;8;7.0;4.666666667;;1;69.46666667;5.970833333;Dérangement d'installation, attente ADC, attente éxécution service voy, travaux, intervention SUGE, incident caténaire, heurt, accident RTE/Défaut d'alimentation PMP;1;5.970833333;1;1;0.0;0.0;100.0;0.0;0.0;0.0
2018-07;International;ZURICH;PARIS LYON;176;150;4;;131;4.847328244;4.349315068;;34;23.45931373;7.481621005;;21;7.481621005;5;1;0.0;0.0;0.0;0.0;0.0;0.0
2018-07;International;MARSEILLE ST CHARLES;MADRID;199;31;3;;3;39.3;4.538095238;;2;82.0;7.035714286;;2;7.035714286;1;1;0.0;0.0;0.0;0.0;0.0;0.0
2018-08;National;PARIS EST;REIMS;45;215;5;;39;8.907264957;1.533492063;;23;19.27028986;2.534920635;;10;2.534920635;3;1;9.523809524;23.80952381;4.761904762;42.85714286;19.04761905;0.0
2018-08;National;PARIS VAUGIRARD;BORDEAUX ST JEAN;169;56;0;;6;43.025;4.182440476;;9;34.42407407;5.37202381;;7;5.37202381;5;2;11.11111111;22.22222222;22.22222222;44.44444444;0.0;0.0
2018-08;National;BORDEAUX ST JEAN;PARIS MONTPARNASSE;146;738;15;;296;7.82713964;3.119432918;;114;27.59532164;5.986214846;;89;5.986214846;34;3;24.27184466;29.12621359;14.5631068;23.30097087;2.912621359;5.825242718
2018-08;National;REIMS;PARIS EST;46;214;3;;77;6.168181818;2.367061611;;52;16.57115385;4.846919431;"01/08 : 2778? Attente ADC, arrivée tardive pour manœuvre (6’)
03/08 : 2784? Disjonction engin à CGV (10’)
04/08 : Décontrôles aiguilles à Vaires ? 2784 (170’) + 2760 (122’)
07/08 : 2722? Problème de frein (18’)
08/08 : 2714? Obstacle sur les voies (14’)
09/08 : Incident caténaire suite orage/ pb de tension ? 2714 (69’) + 2712(80’) + 2722 (20’)
12/08 : 2720? Dérangement installation à Amagne (69‘)
13/08 : 2722? Intervention SUGE à Reims (13’) + 2712? Csq suspicion de personne dans les voies à Rosa Parks (18’)
14/08 : 2712? Attente correspondance à Reims (8’)  
15/08 : 2722? Csq attente correspondance à Reims (8‘) et Dérangement d’installation à Mohon (23‘) + 2714? Dérangement d’installation à Mohon (12‘)  + 2760?Non ouverture de signal à CGV (10’)
16/08 : 2754? Dérangement d’aiguille à PE (14’)
20/08 : 2722? Ouverture d’une porte par un client (7’)
21/08 : 2714? Travaux restitution tardive à Mohon (33‘)
23/08 : 2714? Non respect marche tracée à Pagny (13’)
24/08 : 2712?Attente matériel à Reims (8‘) + 2752?Attente matériel (7‘)
27/08 : Personne dans les voies à Noisy ? 2778(56’) + 2706(35’) + 2712(27’) et 2722? Accroche rame à Reims (10’)
31/08 : 2738?Attente personnel csq incident de frein à Amagne (11’)+ 2752?Pb galite (9’)
Espacements conséquence LTV 40 (directive nationale) à FLAMBOIN-GOUAIX ? 28 TGV impactés du 05/08 au 30/08 
Réduction de capacité VL 60 /chantier mobile  à Amagne Lucquy ?17 TGV impactés du 09/08 au 24/08";13;4.846919431;5;4;11.36363636;52.27272727;18.18181818;4.545454545;4.545454545;9.090909091
2018-08;International;PARIS EST;STUTTGART;117;145;0;;32;9.913020833;2.227931034;;13;30.23076923;3.35862069;;8;3.35862069;4;1;0.0;0.0;0.0;0.0;0.0;0.0
2018-08;National;PARIS MONTPARNASSE;RENNES;103;549;13;;75;8.676888889;0.844278607;;40;27.8675;2.869682836;;25;2.869682836;13;4;7.692307692;15.38461538;12.82051282;56.41025641;0.0;7.692307692
2018-08;National;ST MALO;PARIS MONTPARNASSE;180;114;0;;99;5.454377104;4.778362573;;4;14.70555556;3.645321637;;4;3.645321637;2;2;33.33333333;0.0;0.0;66.66666667;0.0;0.0
2018-08;National;PARIS LYON;BESANCON FRANCHE COMTE TGV;129;184;7;;39;15.83076923;3.251129944;;29;29.25172414;5.808474576;;22;5.808474576;10;3;10.34482759;17.24137931;10.34482759;41.37931034;17.24137931;3.448275862
2018-08;International;STUTTGART;PARIS EST;120;150;1;;128;6.8359375;5.859060403;;39;23.94017094;7.97114094;;21;7.97114094;8;4;0.0;0.0;0.0;0.0;0.0;0.0
2018-08;National;PARIS MONTPARNASSE;TOULOUSE MATABIAU;263;183;1;;41;8.031707317;1.542124542;;27;32.26296296;7.014835165;;27;7.014835165;6;2;14.81481481;37.03703704;3.703703704;29.62962963;3.703703704;11.11111111
2018-08;National;DUNKERQUE;PARIS NORD;118;227;0;;15;7.866666667;0.601321586;;32;17.3796875;3.938179148;;15;3.938179148;1;0;6.25;15.625;28.125;18.75;25.0;6.25
2018-08;National;LYON PART DIEU;MARSEILLE ST CHARLES;105;556;2;;354;13.52966102;8.758574007;;179;32.94953445;12.44067389;•problème de traction du 9582 vers Aix-en-Provence. 25 TGV retardés pour 588 min, 9 TGV de l’axe perdus à 5’.;142;12.44067389;54;21;17.5;21.66666667;27.5;15.83333333;9.166666667;8.333333333
2018-08;National;RENNES;LYON PART DIEU;234;114;0;;49;6.865306122;3.146637427;;30;33.48888889;10.92134503;"Ce mois-ci, l'OD a été touchée par les incidents suivants :
- le 2 : une restitution tardive de travaux sur la ligne à grande vitesse Atlantique (10 TGV retardés pour 108 minutes perdues), 
- le 3 : un choc anormal dans le tunnel de Massy (71 TGV retardés pour 2549 minutes perdues) et un dérangement d'installation à Monts (18 TGV retardés pour 181 minutes perdues), 
- le 7 : une personne dans les voies à Massy TGV (10 TGV retardés pour 234 minutes perdues). 
- le 17 : une déformation de la voie  à Chemin d'Anthony, près de Massy (45 TGV retardés pour 1014 minutes perdues),
- le 19 : une restitution tardive de travaux (renouvellement des appareils de voies) sur la ligne à grande vitesse Atlantique (22 TGV retardés pour 760 minutes perdues), 
- le 21 : un rail cassé à Pont de Rungis en Ile de France (10 TGV retardés pour 123 minutes perdues), 
- le 31 : défaillance matériel d'un TGV sur la ligne à grande vitesse Atlantique (41 TGV retardés pour 621 minutes perdues).";30;10.92134503;16;2;3.333333333;46.66666667;16.66666667;20.0;10.0;3.333333333
2018-08;National;PERPIGNAN;PARIS LYON;304;262;3;;128;12.77981771;6.2998713;;57;51.46725146;13.04414414;•heurt d’une personne par le TGV 6839 à Montpellier : 12 TGV retardés pour 1009 min, 8 TGV de l’axe perdus à 5’.;57;13.04414414;35;14;23.52941176;26.47058824;20.58823529;17.64705882;2.941176471;8.823529412
2018-08;National;METZ;PARIS EST;85;321;4;;81;9.822016461;2.535646688;;52;25.57788462;4.552628812;;31;4.552628812;14;5;15.78947368;15.78947368;15.78947368;31.57894737;10.52631579;10.52631579
2018-08;National;BESANCON FRANCHE COMTE TGV;PARIS LYON;132;189;7;;37;14.82792793;2.721611722;;21;45.39047619;5.982875458;•accident de personne avec le 6627 à Maisons-Alfort, suivi de 4 alertes radio pour personnes dans les voies avec des trains Transilien : 68 TGV retardés pour 5910 min;17;5.982875458;14;6;16.66666667;27.77777778;11.11111111;16.66666667;16.66666667;11.11111111
2018-08;National;PARIS LYON;LYON PART DIEU;121;524;3;;55;11.22818182;0.868394114;;41;30.79430894;2.541330774;;29;2.541330774;10;5;20.0;22.5;22.5;30.0;2.5;2.5
2018-08;National;GRENOBLE;PARIS LYON;183;192;1;;33;8.275252525;1.429755672;;28;33.34702381;7.14938918;;27;7.14938918;11;3;25.0;21.42857143;21.42857143;21.42857143;0.0;10.71428571
2018-08;National;LE CREUSOT MONTCEAU MONTCHANIN;PARIS LYON;82;222;0;;168;7.557539683;5.713063063;;60;15.81972222;4.844369369;•panne du OUIGO 7839, vers Le Creusot : 14 TGV retardés pour 240 min.;19;4.844369369;7;4;8.695652174;8.695652174;39.13043478;10.86956522;26.08695652;6.52173913
2018-08;National;PARIS LYON;TOULON;238;344;9;;82;17.41666667;3.949900498;;62;47.70107527;9.288059701;•dérangement de signalisation à Bandol : 5 TGV retardés pour 146 min, 5 TGV de l’axe perdus à 5 TGV de l’axe perdus à 5 TGV de l’axe perdus à 5’;62;9.288059701;34;15;30.0;6.666666667;21.66666667;35.0;3.333333333;3.333333333
2018-08;International;ZURICH;PARIS LYON;180;148;0;;127;5.165354331;4.432432432;;14;41.42738095;4.386936937;;11;4.386936937;8;5;0.0;0.0;0.0;0.0;0.0;0.0
2018-08;National;PARIS MONTPARNASSE;POITIERS;99;471;8;;65;9.191794872;0.948920086;;69;24.25555556;4.681605472;;26;4.681605472;9;5;5.357142857;33.92857143;16.07142857;28.57142857;10.71428571;5.357142857
2018-08;National;PARIS LYON;NICE VILLE;350;287;7;;73;17.78150685;4.315714286;;56;59.15119048;13.77369048;•dérangement de signalisation vers les Arcs : 5 TGV retardés pour 123 min.;56;13.77369048;34;20;33.92857143;12.5;19.64285714;26.78571429;3.571428571;3.571428571
2018-08;National;NIMES;PARIS LYON;176;418;4;;297;12.34725028;8.950483092;;111;38.38168168;10.84464573;•heurt d’une personne par le TGV 6839 à Montpellier : 12 TGV retardés pour 1009 min, 8 TGV de l’axe perdus à 5’.;85;10.84464573;46;18;25.0;23.75;23.75;20.0;2.5;5.0
2018-08;National;PARIS MONTPARNASSE;QUIMPER;226;232;6;;34;8.376470588;0.872861357;;14;39.78571429;4.07079646;;14;4.07079646;7;2;14.28571429;35.71428571;14.28571429;21.42857143;0.0;14.28571429
2018-08;National;NANTES;STRASBOURG;304;53;0;;19;6.213157895;2.160062893;;14;31.96309524;10.23427673;"03/08 : 5460? Alerte radio pour choc anormal sur 8541 (12’)
04/08 : Intervention pompier à Nantes ?  5480(16’) + 5460(22’)
05/08 : 5460? LTV inopinée cause fortes chaleur (19’)
06/08 : 5460? Perte de traction au moment de partir (18’)
07/08 : 5478?Non respect marche tracée (15‘) + 5460? Bruit sous caisse à Neufmoutiers (81‘) et défaut géométrie de la voie (9’)
08/08 : Csq wc psh HS? 5480(10’) et 5460 (8’) + 5460? Personne aux abords des voies à Lorraine (22‘) + Défaut géométrie voie et LTV? 5478 (18’) et 5460 (11’)
09/08 : Incident caténaire suite orage/ pb de tension? 5478 (42‘) + 5480 (16‘)
10/08 : 5480? Erreur de direction à Angers (10’) + 5460? Attente correspondance TER à Rennes (18’)
13/08 : 5478?Erreur AED à Lille (6’)
14/08 : 5478?Dérangement installation à Versailles (6’)
17/08 : 5478?Défaut géométrie de la voie (12’) + 5460?Raté ouverture PN à Montauban (26‘)
18/08 : 5460?Csq soin matériel roulant sur 8091(13‘) + 5478?Défaut géométrie de la voie à Massy (15‘)
19/08 : 5460?Défaut géométrie de la voie à Massy (9’)
20/08 : 5460?Attente correspondance TER à Rennes (33’) + 5478?Défaut géométrie de la voie à Massy (10’)
21/08 : 5460? Bogie isolé à Nantes (38‘) + 5480 (68’) et dérangement installation (fils de câble rongé) (18’) + Csq JIC cassé à Rungis? 5478 (19‘) et 5460 (7’) 
24/08 : 5460? Absence de tension en ligne au Mans (23‘) + 5480?RS isolée (8‘)
27/08 : 5478? Csq bagage abandonné à Roissy (46‘)
28/08 : 5460?Espacement csq incident portes (8’)
30/08 : 5478?Soin matériel roulant à Massy (18’)
31/08 : 5478?Csq raté d’ouverture PN à chemin d’Antony (16’)";14;10.23427673;5;2;28.57142857;35.71428571;14.28571429;14.28571429;0.0;7.142857143
2018-08;National;MARSEILLE ST CHARLES;LILLE;310;174;3;;62;10.88145161;3.90165692;;43;35.06007752;11.17222222;"Pendant les deux premières semaines d’août, les fortes chaleurs ont continué de perturber le plan de transport, 

Les évènements liés au Matériel sont globalement divisés en trois parties: le motif « soin engin » pour 2,2% points (incidents bogies, radio, frein ,etc.), le motif « produit train » ou mises à quai tardives pour 1,7 % point, phénomène directement lié à la tension du parc, et enfin les « autres incidents » pour 0,8% point (incident veille automatique en ligne par exemple).
Pour le Matériel, le vendredi 31 août est une journée significative car une quinzaine de trains de la radiale et antenne ont été concernés, soit par des pannes ou des mises à disposition tardives en gare.
En ce qui concerne Réseau avec les dérangements, on peut relever l’incident « manque tension » de Combles le vendredi 24 (5 Tgv concernés pour 54 minutes), car la cause est toujours analysée aujourd’hui côté INE, aussi l’incident à Arras le mardi 28 avec une éclisse et JIC (joint isolant collé) fissurés, incident qui a concerné 6 Tgv pour 63 minutes perdues à l’entrée de la LGV (passage en voie banalisée pour certains trains et retards à la clé).
Le domaine de l’irrégularité pour les autres transporteurs concerne en particulier TER, avec notamment l’évènement secours pour le 843705 du vendredi 17 août à Roeux qui a concerné 11 tgv pour 175 minutes perdues.";43;11.17222222;15;5;13.95348837;30.23255814;23.25581395;16.27906977;11.62790698;4.651162791
2018-08;National;ST PIERRE DES CORPS;PARIS MONTPARNASSE;67;389;8;;179;5.968156425;2.917366579;;106;14.79166667;4.795800525;"Ce mois-ci, l'OD a été touchée par les incidents suivants :
- le 2 : une restitution tardive de travaux sur la ligne à grande vitesse Atlantique (10 TGV retardés pour 108 minutes perdues), 
- le 3 : un choc anormal dans le tunnel de Massy (71 TGV retardés pour 2549 minutes perdues), 
- le 7 : une personne dans les voies à Massy (10 TGV retardés pour 234 minutes perdues). 
- le 18 : un incident caténaire à la sortie de Paris-Montparnasse  (46 TGV retardés pour 1438 minutes perdues),
- le 19 : une restitution tardive de travaux (renouvellement des appareils de voies) sur la ligne à grande vitesse Atlantique (22 TGV retardés pour 760 minutes perdues), 
- le 26 : une défaillance matériel d'un TGV entre St-Pierre-des-Corps et Vendôme (17 TGV retardés pour  286 minutes perdues),
- le 28 : un colis suspect à bord d'un TGV au niveau de Vendôme (11 TGV retardés pour 217 minutes perdues), 
- le 31 : incident caténaire à Maillé, près de Poitiers (11 TGV pour 1192 minutes perdues) et défaillance matériel d'un TGV sur la ligne à grande vitesse Atlantique (41 TGV retardés pour 621 minutes perdues).";31;4.795800525;9;3;14.0625;26.5625;20.3125;25.0;3.125;10.9375
2018-08;National;NANCY;PARIS EST;93;300;8;;51;9.131045752;1.606563927;;24;45.04652778;4.181221461;"01/08 : 2578? Personne dans les voies à Dieulouard (29’)
03/08 : 2541? Csq alarme DBC à Culmont (attente matériel) (27’)
04/08 : 2596? Attente correspondance à Remiremont (10’) + Décontrôle d’aiguille à Chelles ?2547 (130‘) + 2549 (93‘) + 2578 (179‘)
07/08 : 2584?Raté ouverture PN à VHM (6’)
08/08 : Défaut d’alimentation à Rosière ? 2574 (103‘) + 2584 (47‘) + 2596 (42‘) 
09/08 : Csq incendie région Languedoc (attente matériel) ? 2541(51‘) + 2537 (9‘) + 2584 (76‘) + 2596 (79‘)
12/08 : 2580? Obstacle sur les voies (40’)
13/08 : 2578?Raté ouverture PN à Bayon (25‘) + 2584? Csq suspicion de personne dans les voies à Rosa Parks (7‘)
15/08 : 2547? Problème de porte à NY (12’)
21/08 : 2531?Travaux restitution tardive à NY (8’)
22/08 : 2531? Taxi en retard de 30' qui acheminait le conducteur (17’) 
23/08 : 2584? Non respect marche tracé (9’)
26/08 : 2553? Décontrôle aiguille à Nancy (6’)
27/08 : Personne dans les voies à Noisy ? 2531(36‘) + 2584 (11‘)
28/08 : 2543 ?Soin matériel roulant rame 509 (18’)
29/08 : 2537? Csq BM isolé sur autre train (6’)
31/08 : 2531? Sortie tardive Jarville (27’)";18;4.181221461;12;7;18.18181818;36.36363636;4.545454545;22.72727273;13.63636364;4.545454545
2018-08;National;BORDEAUX ST JEAN;PARIS VAUGIRARD;139;60;0;;15;17.79555556;4.365833333;;12;31.94722222;7.206944444;;9;7.206944444;5;1;0.0;18.18181818;45.45454545;27.27272727;9.090909091;0.0
2018-08;National;MARSEILLE ST CHARLES;TOURCOING;296;26;0;;5;11.98666667;2.081410256;;1;60.0;5.961538462;Rail cassé, attente éxécution service voy, non respect marche traçée, attente correspondance,…;1;5.961538462;1;0;0.0;0.0;100.0;0.0;0.0;0.0
2018-08;National;MARNE LA VALLEE;MARSEILLE ST CHARLES;217;338;1;;227;8.932011747;6.106083086;;66;35.03282828;9.514985163;;66;9.514985163;21;9;20.51282051;12.82051282;23.07692308;28.20512821;7.692307692;7.692307692
2018-08;National;PARIS LYON;DIJON VILLE;96;435;15;;92;17.46304348;3.557738095;;51;36.50915033;4.29234127;;44;4.29234127;23;7;9.803921569;11.76470588;7.843137255;62.74509804;7.843137255;0.0
2018-08;National;MARSEILLE ST CHARLES;LYON PART DIEU;110;541;9;;211;11.78767773;4.70820802;;120;30.69638889;7.527412281;•problème de traction du 9582 vers Aix-en-Provence. 25 TGV retardés pour 588 min, 9 TGV de l’axe perdus à 5’.;76;7.527412281;37;11;12.5;20.83333333;30.0;25.83333333;5.833333333;5.0
2018-08;National;AVIGNON TGV;PARIS LYON;160;623;2;;408;12.08406863;7.911540526;;142;35.08016432;8.79742351;•panne du 5180, problème de disjonction, à Aix-en-Provence-TGV. 43 TGV retardés pour 1095 min, 18 TGV de l’axe perdus à 5’.;95;8.79742351;40;22;19.01408451;16.1971831;33.8028169;14.08450704;7.746478873;9.154929577
2018-08;International;BARCELONA;PARIS LYON;315;115;1;;66;6.909090909;3.149122807;;23;57.87391304;12.98640351;;23;12.98640351;14;7;0.0;0.0;0.0;0.0;0.0;0.0
2018-08;National;PARIS LYON;VALENCE ALIXAN TGV;131;348;2;;82;24.46727642;5.502119461;;69;35.28985507;7.399181118;;52;7.399181118;28;13;5.797101449;4.347826087;15.94202899;60.86956522;8.695652174;4.347826087
2018-08;National;MARSEILLE ST CHARLES;MARNE LA VALLEE;215;293;3;;102;10.42352941;3.567183908;;46;41.32536232;8.091896552;•LTV 120 km/h entre la Bifurcation de Solers et Le Châtelet.30 TGV retardés pour 260 min, 8 TGV de l’axe perdus à 5’.;46;8.091896552;22;8;15.2173913;30.43478261;23.91304348;19.56521739;6.52173913;4.347826087
2018-08;National;PARIS LYON;AVIGNON TGV;161;518;5;;97;21.97113402;3.806920078;;94;39.6070922;7.048148148;;75;7.048148148;45;21;13.97849462;4.301075269;32.25806452;43.01075269;6.451612903;0.0
2018-08;National;NANTES;PARIS VAUGIRARD;145;61;0;;17;10.25392157;2.813114754;;8;38.67916667;6.94726776;;6;6.94726776;3;1;12.5;37.5;25.0;25.0;0.0;0.0
2018-08;National;NICE VILLE;PARIS LYON;346;286;2;;81;9.089711934;2.638086854;;58;52.02787356;11.41584507;•dérangement de signalisation vers les Arcs : 5 TGV retardés pour 123 min.;58;11.41584507;30;15;25.86206897;13.79310345;29.31034483;18.96551724;5.172413793;6.896551724
2018-08;International;FRANCFORT;PARIS EST;109;178;4;;150;10.42;8.954022989;;56;29.50505952;10.56139847;;32;10.56139847;15;6;0.0;0.0;0.0;0.0;0.0;0.0
2018-08;National;PARIS MONTPARNASSE;TOURS;78;157;0;;24;7.302777778;0.851273885;;30;12.855;3.12866242;;6;3.12866242;1;0;17.39130435;17.39130435;21.73913043;26.08695652;8.695652174;8.695652174
2018-08;National;MARSEILLE ST CHARLES;PARIS LYON;197;422;0;;158;12.46434599;4.603633491;;57;45.84736842;8.223736177;•panne du 5180, problème de disjonction, à Aix-en-Provence-TGV. 43 TGV retardés pour 1095 min, 18 TGV de l’axe perdus à 5’.;57;8.223736177;22;10;24.56140351;8.771929825;33.33333333;21.05263158;7.01754386;5.263157895
2018-08;International;PARIS LYON;ITALIE;297;85;0;;19;15.54210526;3.244509804;;7;64.28571429;8.317647059;;7;8.317647059;4;2;0.0;0.0;0.0;0.0;0.0;0.0
2018-08;National;BREST;PARIS MONTPARNASSE;230;262;4;;6;10.83333333;0.25381137;;24;26.78541667;5.066537468;;24;5.066537468;6;1;38.0952381;14.28571429;0.0;33.33333333;0.0;14.28571429
2018-08;National;POITIERS;PARIS MONTPARNASSE;99;428;10;;221;6.780467572;3.578189793;;95;18.84070175;5.755502392;"Ce mois-ci, l'OD a été touchée par les incidents suivants :
- le 2 : une restitution tardive de travaux sur la ligne à grande vitesse Atlantique (10 TGV retardés pour 108 minutes perdues), 
- le 3 : un choc anormal dans le tunnel de Massy (71 TGV retardés pour 2549 minutes perdues), 
- le 7 : une personne dans les voies à Massy (10 TGV retardés pour 234 minutes perdues). 
- le 18 : un incident caténaire à la sortie de Paris-Montparnasse  (46 TGV retardés pour 1438 minutes perdues),
- le 19 : une restitution tardive de travaux (renouvellement des appareils de voies) sur la ligne à grande vitesse Atlantique (22 TGV retardés pour 760 minutes perdues), 
- le 26 : une défaillance matériel d'un TGV entre St-Pierre-des-Corps et Vendôme (17 TGV retardés pour  286 minutes perdues),
- le 28 : un colis suspect à bord d'un TGV au niveau de Vendôme (11 TGV retardés pour 217 minutes perdues), 
- le 31 : incident caténaire à Maillé, près de Poitiers (11 TGV pour 1192 minutes perdues) et défaillance matériel d'un TGV sur la ligne à grande vitesse Atlantique (41 TGV retardés pour 621 minutes perdues).";39;5.755502392;8;4;12.85714286;20.0;20.0;28.57142857;2.857142857;15.71428571
2018-08;National;QUIMPER;PARIS MONTPARNASSE;229;240;5;;18;12.78796296;0.979503546;;22;33.96363636;5.288652482;;22;5.288652482;8;2;23.80952381;19.04761905;4.761904762;47.61904762;0.0;4.761904762
2018-08;National;PARIS VAUGIRARD;NANTES;143;59;0;;8;5.970833333;0.406497175;;5;42.36666667;4.864689266;Restitution tardive travaux, non ouverture signal, attente personnel, dérangement d'installation, collision;4;4.864689266;3;1;0.0;40.0;60.0;0.0;0.0;0.0
2018-08;National;PARIS NORD;LILLE;64;430;2;;66;11.44318182;1.620521807;;60;16.59;2.206152648;;23;2.206152648;8;0;3.50877193;15.78947368;22.80701754;50.87719298;5.263157895;1.754385965
2018-08;National;MARNE LA VALLEE;LYON PART DIEU;109;374;1;;297;10.14702581;8.147676497;;71;30.18544601;7.481367292;;45;7.481367292;24;6;25.0;11.11111111;22.22222222;22.22222222;8.333333333;11.11111111
2018-08;National;PARIS LYON;CHAMBERY CHALLES LES EAUX;191;155;1;;32;21.17083333;4.271320346;;15;42.92555556;6.309415584;•accident de personne avec le 6627 à Maisons-Alfort, suivi de 4 alertes radio pour personnes dans les voies avec des trains Transilien : 68 TGV retardés pour 5910 min;15;6.309415584;8;4;6.666666667;0.0;13.33333333;66.66666667;6.666666667;6.666666667
2018-08;National;LYON PART DIEU;PARIS LYON;121;525;1;;314;5.203184713;3.209478372;;68;23.67745098;4.169052163;;35;4.169052163;13;6;18.46153846;12.30769231;30.76923077;12.30769231;16.92307692;9.230769231
2018-08;National;PARIS LYON;PERPIGNAN;306;205;1;;50;28.90733333;6.76119281;;44;58.19128788;13.52802288;•heurt d’une personne par le TGV 6839 à Montpellier : 12 TGV retardés pour 1009 min, 8 TGV de l’axe perdus à 5’.;44;13.52802288;28;17;20.45454545;22.72727273;13.63636364;38.63636364;4.545454545;0.0
2018-08;National;PARIS LYON;SAINT ETIENNE CHATEAUCREUX;170;96;2;;12;14.99027778;1.671631206;;15;23.95777778;5.100886525;;9;5.100886525;2;1;13.33333333;20.0;26.66666667;26.66666667;0.0;13.33333333
2018-08;National;PARIS MONTPARNASSE;ANGERS SAINT LAUD;95;344;9;;38;8.568859649;0.66119403;;41;20.34715447;3.357014925;;20;3.357014925;7;1;29.41176471;26.47058824;29.41176471;5.882352941;5.882352941;2.941176471
2018-08;National;ANGERS SAINT LAUD;PARIS MONTPARNASSE;96;388;8;;213;6.445461659;3.767324561;;76;21.64736842;5.460219298;;49;5.460219298;14;4;16.92307692;38.46153846;16.92307692;20.0;3.076923077;4.615384615
2018-08;National;PARIS EST;NANCY;95;292;7;;44;7.868939394;1.152280702;;13;38.85625;1.690643275;;13;1.690643275;6;2;25.0;12.5;12.5;50.0;0.0;0.0
2018-08;National;BORDEAUX ST JEAN;TOURCOING;293;7;0;;2;5.558333333;1.616666667;;2;82.5;28.28571429;Attente matériel roulant, obstacle sur voie ou aux abords, soin matériel roulant, attente éxécution service voy, collision, espacement;2;28.28571429;2;1;0.0;50.0;50.0;0.0;0.0;0.0
2018-08;International;PARIS LYON;ZURICH;177;148;0;;35;15.9447619;3.490315315;;26;43.96153846;8.27027027;;20;8.27027027;12;4;0.0;0.0;0.0;0.0;0.0;0.0
2018-08;International;PARIS LYON;BARCELONA;312;113;0;;27;39.96604938;9.256932153;;32;62.0625;19.86725664;;32;19.86725664;20;15;0.0;0.0;0.0;0.0;0.0;0.0
2018-08;National;VANNES;PARIS MONTPARNASSE;159;253;5;;158;5.178797468;3.319287634;;32;26.86979167;5.126344086;;21;5.126344086;8;2;22.58064516;16.12903226;16.12903226;38.70967742;0.0;6.451612903
2018-08;National;LYON PART DIEU;RENNES;235;88;1;;65;10.69692308;8.084482759;;27;39.53271605;14.55977011;"Ce mois-ci, l'OD a été touchée par les incidents suivants :
- le 2 : une restitution tardive de travaux sur la ligne à grande vitesse Atlantique (10 TGV retardés pour 108 minutes perdues), 
- le 3 : un choc anormal dans le tunnel de Massy (71 TGV retardés pour 2549 minutes perdues) et un dérangement d'installation à Monts (18 TGV retardés pour 181 minutes perdues), 
- le 7 : une personne dans les voies à Massy TGV (10 TGV retardés pour 234 minutes perdues). 
- le 17 : une déformation de la voie  à Chemin d'Anthony, près de Massy (45 TGV retardés pour 1014 minutes perdues),
- le 19 : une restitution tardive de travaux (renouvellement des appareils de voies) sur la ligne à grande vitesse Atlantique (22 TGV retardés pour 760 minutes perdues), 
- le 21 : un rail cassé à Pont de Rungis en Ile de France (10 TGV retardés pour 123 minutes perdues),
- le 31 : défaillance matériel d'un TGV sur la ligne à grande vitesse Atlantique (41 TGV retardés pour 621 minutes perdues).";27;14.55977011;10;4;18.51851852;11.11111111;14.81481481;40.74074074;11.11111111;3.703703704
2018-08;National;PARIS LYON;AIX EN PROVENCE TGV;182;448;3;;91;19.12380952;3.594719101;;75;43.13311111;8.483895131;•problème de traction du 9582 vers Aix-en-Provence. 25 TGV retardés pour 588 min, 9 TGV de l’axe perdus à 5’.;72;8.483895131;37;20;18.05555556;8.333333333;19.44444444;47.22222222;4.166666667;2.777777778
2018-08;National;TOULON;PARIS LYON;237;371;2;;220;13.19492424;7.940153568;;73;48.57876712;10.40654923;•dérangement de signalisation à Bandol : 5 TGV retardés pour 146 min, 5 TGV de l’axe perdus à 5 TGV de l’axe perdus à 5 TGV de l’axe perdus à 5’;73;10.40654923;36;17;23.28767123;16.43835616;27.39726027;17.80821918;6.849315068;8.219178082
2018-08;International;MARSEILLE ST CHARLES;MADRID;198;30;0;;8;6.764583333;2.009444444;;1;20.0;2.466666667;;1;2.466666667;0;0;0.0;0.0;0.0;0.0;0.0;0.0
2018-08;National;PARIS MONTPARNASSE;BREST;227;249;5;;35;5.836190476;0.39726776;;13;38.76923077;3.616803279;;13;3.616803279;7;3;0.0;25.0;8.333333333;41.66666667;0.0;25.0
2018-08;National;LE MANS;PARIS MONTPARNASSE;61;383;9;;202;6.070709571;3.385160428;;83;17.84457831;4.629010695;"Ce mois-ci, l'OD a été touchée par les incidents suivants :
- le 2 : une restitution tardive de travaux sur la ligne à grande vitesse Atlantique (10 TGV retardés pour 108 minutes perdues), 
- le 3 : un choc anormal dans le tunnel de Massy (71 TGV retardés pour 2549 minutes perdues), 
- le 7 : une personne dans les voies à Massy (10 TGV retardés pour 234 minutes perdues). 
- le 18 : un incident caténaire à la sortie de Paris-Montparnasse  (46 TGV retardés pour 1438 minutes perdues),
- le 19 : une restitution tardive de travaux (renouvellement des appareils de voies) sur la ligne à grande vitesse Atlantique (22 TGV retardés pour 760 minutes perdues), 
- le 21 : un rail fissuré au niveau du Mans (16 TGV retardés pour 191 minutes perdues), 
- le 31 : défaillance matériel d'un TGV sur la ligne à grande vitesse Atlantique (41 TGV retardés pour 621 minutes perdues).";31;4.629010695;13;5;22.80701754;35.0877193;10.52631579;22.80701754;5.263157895;3.50877193
2018-08;International;PARIS EST;FRANCFORT;108;172;0;;28;9.97202381;1.590310078;;15;34.4;2.970930233;;11;2.970930233;5;2;0.0;0.0;0.0;0.0;0.0;0.0
2018-08;International;ITALIE;PARIS LYON;278;83;0;;75;9.693333333;8.722891566;;44;34.2030303;21.5626506;;44;21.5626506;12;4;0.0;0.0;0.0;0.0;0.0;0.0
2018-08;National;ARRAS;PARIS NORD;51;258;0;;122;5.848224044;2.891989664;;74;12.22545045;4.266343669;"le matériel avec 4,7% d’irrégularité devance la rubrique des dérangements côté Réseau pour 2,5%, tout juste devant les autres EF avec 2,4% exactement.
« soin engin » pour 2,2% points (incidents bogies, radio, frein ,etc.), le motif « produit train » ou mises à quai tardives pour 1,7 % point, phénomène directement lié à la tension du parc, et enfin les « autres incidents » pour 0,8% point (incident veille automatique en ligne par exemple).
Pour le Matériel, le vendredi 31 août est une journée significative car une quinzaine de trains de la radiale et antenne ont été concernés, soit par des pannes ou des mises à disposition tardives en gare.
En ce qui concerne Réseau avec les dérangements, on peut relever l’incident « manque tension » de Combles le vendredi 24 (5 Tgv concernés pour 54 minutes), car la cause est toujours analysée aujourd’hui côté INE, aussi l’incident à Arras le mardi 28 avec une éclisse et JIC (joint isolant collé) fissurés, incident qui a concerné 6 Tgv pour 63 minutes perdues à l’entrée de la LGV (passage en voie banalisée pour certains trains et retards à la clé).
Le domaine de l’irrégularité pour les autres transporteurs concerne en particulier TER, avec notamment l’évènement secours pour le 843705 du vendredi 17 août à Roeux qui a concerné 11 tgv pour 175 minutes perdues";14;4.266343669;3;0;9.523809524;14.28571429;38.0952381;19.04761905;15.87301587;3.174603175
2018-08;National;PARIS LYON;GRENOBLE;181;161;1;;35;18.0352381;3.708958333;;30;55.05833333;10.88166667;•accident de personne avec le 6627 à Maisons-Alfort, suivi de 4 alertes radio pour personnes dans les voies avec des trains Transilien : 68 TGV retardés pour 5910 min;23;10.88166667;18;8;23.33333333;10.0;26.66666667;36.66666667;3.333333333;0.0
2018-08;National;MONTPELLIER;LYON PART DIEU;123;306;2;;138;10.0410628;4.656907895;;63;29.28439153;7.005317982;;45;7.005317982;15;6;13.46153846;21.15384615;23.07692308;21.15384615;5.769230769;15.38461538
2018-08;National;LA ROCHELLE VILLE;PARIS MONTPARNASSE;174;232;4;;28;5.5;0.675292398;;36;25.31111111;6.002192982;;24;6.002192982;4;1;9.375;18.75;18.75;40.625;0.0;12.5
2018-08;National;PARIS EST;STRASBOURG;113;473;5;;86;10.52887597;1.879451567;;34;31.18529412;2.005519943;;26;2.005519943;10;3;17.64705882;14.70588235;2.941176471;52.94117647;11.76470588;0.0
2018-08;National;ANGOULEME;PARIS MONTPARNASSE;132;220;4;;123;5.310569106;3.108487654;;42;26.35595238;7.185648148;;30;7.185648148;6;2;11.9047619;28.57142857;16.66666667;30.95238095;0.0;11.9047619
2018-08;National;LILLE;MARSEILLE ST CHARLES;309;173;1;;46;6.396014493;1.819767442;;37;37.44279279;10.44215116;"Pendant les deux premières semaines d’août, les fortes chaleurs ont continué de perturber le plan de transport, 

Les évènements liés au Matériel sont globalement divisés en trois parties: le motif « soin engin » pour 2,2% points (incidents bogies, radio, frein ,etc.), le motif « produit train » ou mises à quai tardives pour 1,7 % point, phénomène directement lié à la tension du parc, et enfin les « autres incidents » pour 0,8% point (incident veille automatique en ligne par exemple).
Pour le Matériel, le vendredi 31 août est une journée significative car une quinzaine de trains de la radiale et antenne ont été concernés, soit par des pannes ou des mises à disposition tardives en gare.
En ce qui concerne Réseau avec les dérangements, on peut relever l’incident « manque tension » de Combles le vendredi 24 (5 Tgv concernés pour 54 minutes), car la cause est toujours analysée aujourd’hui côté INE, aussi l’incident à Arras le mardi 28 avec une éclisse et JIC (joint isolant collé) fissurés, incident qui a concerné 6 Tgv pour 63 minutes perdues à l’entrée de la LGV (passage en voie banalisée pour certains trains et retards à la clé).
Le domaine de l’irrégularité pour les autres transporteurs concerne en particulier TER, avec notamment l’évènement secours pour le 843705 du vendredi 17 août à Roeux qui a concerné 11 tgv pour 175 minutes perdues.";37;10.44215116;13;6;25.92592593;7.407407407;18.51851852;29.62962963;11.11111111;7.407407407
2018-08;National;LYON PART DIEU;MARNE LA VALLEE;108;269;4;;181;14.6140884;10.07647799;;80;32.341875;10.94823899;•bruit anormal sous caisse sur le OUIGO 7601 entre Marne La Vallée et Chevry-Cossigny : 26 TGV retardés pour 909 min.;59;10.94823899;31;9;13.92405063;26.58227848;24.05063291;17.72151899;10.12658228;7.594936709
2018-08;National;AIX EN PROVENCE TGV;PARIS LYON;183;409;0;;258;9.225193798;5.905460473;;50;47.46099291;7.609087205;•problème de traction du 9582 vers Aix-en-Provence. 25 TGV retardés pour 588 min, 9 TGV de l’axe perdus à 5’.;50;7.609087205;20;10;23.40425532;12.76595745;27.65957447;21.27659574;8.510638298;6.382978723
2018-08;National;LAVAL;PARIS MONTPARNASSE;92;184;3;;77;6.177705628;2.67679558;;22;25.05530303;4.283425414;;11;4.283425414;6;3;15.78947368;21.05263158;15.78947368;31.57894737;10.52631579;5.263157895
2018-08;International;LAUSANNE;PARIS LYON;183;142;1;;60;8.65;3.34751773;;16;49.903125;6.976477541;;16;6.976477541;8;3;0.0;0.0;0.0;0.0;0.0;0.0
2018-08;National;DOUAI;PARIS NORD;79;161;0;;20;4.299166667;0.726604555;;34;13.29656863;3.735093168;"le matériel avec 4,7% d’irrégularité devance la rubrique des dérangements côté Réseau pour 2,5%, tout juste devant les autres EF avec 2,4% exactement.
« soin engin » pour 2,2% points (incidents bogies, radio, frein ,etc.), le motif « produit train » ou mises à quai tardives pour 1,7 % point, phénomène directement lié à la tension du parc, et enfin les « autres incidents » pour 0,8% point (incident veille automatique en ligne par exemple).
Pour le Matériel, le vendredi 31 août est une journée significative car une quinzaine de trains de la radiale et antenne ont été concernés, soit par des pannes ou des mises à disposition tardives en gare.
En ce qui concerne Réseau avec les dérangements, on peut relever l’incident « manque tension » de Combles le vendredi 24 (5 Tgv concernés pour 54 minutes), car la cause est toujours analysée aujourd’hui côté INE, aussi l’incident à Arras le mardi 28 avec une éclisse et JIC (joint isolant collé) fissurés, incident qui a concerné 6 Tgv pour 63 minutes perdues à l’entrée de la LGV (passage en voie banalisée pour certains trains et retards à la clé).
Le domaine de l’irrégularité pour les autres transporteurs concerne en particulier TER, avec notamment l’évènement secours pour le 843705 du vendredi 17 août à Roeux qui a concerné 11 tgv pour 175 minutes perdues";9;3.735093168;2;0;15.38461538;7.692307692;61.53846154;15.38461538;0.0;0.0
2018-08;National;PARIS LYON;ANNECY;237;180;1;;38;20.19078947;4.105865922;;16;49.5625;5.69273743;•panne du OUIGO 7839, vers Le Creusot : 14 TGV retardés pour 240 min.;16;5.69273743;11;4;12.5;6.25;12.5;56.25;6.25;6.25
2018-08;National;CHAMBERY CHALLES LES EAUX;PARIS LYON;189;197;0;;125;19.62133333;12.392978;;67;30.72736318;11.64416244;•accident de personne avec le 6627 à Maisons-Alfort, suivi de 4 alertes radio pour personnes dans les voies avec des trains Transilien : 68 TGV retardés pour 5910 min;57;11.64416244;17;4;68.42105263;5.263157895;21.05263158;0.0;0.0;5.263157895
2018-08;National;MONTPELLIER;PARIS LYON;206;417;4;;218;13.63004587;7.223002421;;85;46.54490196;10.84128329;•panne du 5180, problème de disjonction, à Aix-en-Provence-TGV. 43 TGV retardés pour 1095 min, 18 TGV de l’axe perdus à 5’.;85;10.84128329;46;18;22.58064516;25.80645161;20.96774194;22.58064516;1.612903226;6.451612903
2018-08;National;SAINT ETIENNE CHATEAUCREUX;PARIS LYON;169;91;0;;21;2.912698413;0.764285714;;11;21.36818182;3.551465201;;4;3.551465201;2;0;18.18181818;27.27272727;27.27272727;18.18181818;9.090909091;0.0
2018-08;National;PARIS NORD;DOUAI;68;162;1;;32;14.82447917;2.632608696;;43;17.88294574;4.964906832;"le matériel avec 4,7% d’irrégularité devance la rubrique des dérangements côté Réseau pour 2,5%, tout juste devant les autres EF avec 2,4% exactement.
« soin engin » pour 2,2% points (incidents bogies, radio, frein ,etc.), le motif « produit train » ou mises à quai tardives pour 1,7 % point, phénomène directement lié à la tension du parc, et enfin les « autres incidents » pour 0,8% point (incident veille automatique en ligne par exemple).
Pour le Matériel, le vendredi 31 août est une journée significative car une quinzaine de trains de la radiale et antenne ont été concernés, soit par des pannes ou des mises à disposition tardives en gare.
En ce qui concerne Réseau avec les dérangements, on peut relever l’incident « manque tension » de Combles le vendredi 24 (5 Tgv concernés pour 54 minutes), car la cause est toujours analysée aujourd’hui côté INE, aussi l’incident à Arras le mardi 28 avec une éclisse et JIC (joint isolant collé) fissurés, incident qui a concerné 6 Tgv pour 63 minutes perdues à l’entrée de la LGV (passage en voie banalisée pour certains trains et retards à la clé).
Le domaine de l’irrégularité pour les autres transporteurs concerne en particulier TER, avec notamment l’évènement secours pour le 843705 du vendredi 17 août à Roeux qui a concerné 11 tgv pour 175 minutes perdues";17;4.964906832;5;3;4.761904762;23.80952381;33.33333333;26.19047619;9.523809524;2.380952381
2018-08;International;PARIS LYON;GENEVE;176;157;0;;33;23.21666667;4.635244161;;28;38.64285714;8.369426752;;25;8.369426752;14;4;0.0;0.0;0.0;0.0;0.0;0.0
2018-08;International;MADRID;MARSEILLE ST CHARLES;198;30;0;;14;11.64285714;5.133333333;;7;71.96904762;20.38666667;;7;20.38666667;7;3;0.0;0.0;0.0;0.0;0.0;0.0
2018-08;National;LILLE;LYON PART DIEU;188;300;1;;137;7.34513382;3.470345596;;49;30.8207483;7.281215162;;32;7.281215162;19;5;28.57142857;7.142857143;25.0;25.0;7.142857143;7.142857143
2018-08;National;PARIS MONTPARNASSE;LA ROCHELLE VILLE;172;235;4;;34;13.06176471;1.497763348;;26;42.11538462;5.887445887;"Ce mois-ci, l'OD a été touchée par les incidents suivants :
- le 2 : une restitution tardive de travaux sur la ligne à grande vitesse Atlantique (10 TGV retardés pour 108 minutes perdues), 
- le 3 : un choc anormal dans le tunnel de Massy (71 TGV retardés pour 2549 minutes perdues), 
- le 7 : une personne dans les voies à Massy (10 TGV retardés pour 234 minutes perdues). 
- le 18 : un incident caténaire à la sortie de Paris-Montparnasse  (46 TGV retardés pour 1438 minutes perdues),
- le 19 : une restitution tardive de travaux (renouvellement des appareils de voies) sur la ligne à grande vitesse Atlantique (22 TGV retardés pour 760 minutes perdues), 
- le 26 : une défaillance matériel d'un TGV entre St-Pierre-des-Corps et Vendôme (17 TGV retardés pour  286 minutes perdues),
- le 28 : un colis suspect à bord d'un TGV au niveau de Vendôme (11 TGV retardés pour 217 minutes perdues), 
- le 31 : incident caténaire à Maillé, près de Poitiers (11 TGV pour 1192 minutes perdues) et défaillance matériel d'un TGV sur la ligne à grande vitesse Atlantique (41 TGV retardés pour 621 minutes perdues).";18;5.887445887;7;5;3.846153846;30.76923077;7.692307692;23.07692308;19.23076923;15.38461538
2018-08;National;PARIS MONTPARNASSE;LAVAL;89;201;2;;24;12.28263889;1.163065327;;11;15.30416667;3.880653266;;11;3.880653266;6;0;0.0;0.0;0.0;100.0;0.0;0.0
2018-08;National;TOURS;PARIS MONTPARNASSE;81;166;2;;15;6.786666667;0.669512195;;41;14.77601626;4.31148374;"Ce mois-ci, l'OD a été touchée par les incidents suivants :
- le 2 : une restitution tardive de travaux sur la ligne à grande vitesse Atlantique (10 TGV retardés pour 108 minutes perdues), 
- le 3 : un choc anormal dans le tunnel de Massy (71 TGV retardés pour 2549 minutes perdues), 
- le 7 : une personne dans les voies à Massy (10 TGV retardés pour 234 minutes perdues). 
- le 18 : un incident caténaire à la sortie de Paris-Montparnasse  (46 TGV retardés pour 1438 minutes perdues),
- le 19 : une restitution tardive de travaux (renouvellement des appareils de voies) sur la ligne à grande vitesse Atlantique (22 TGV retardés pour 760 minutes perdues), 
- le 26 : une défaillance matériel d'un TGV entre St-Pierre-des-Corps et Vendôme (17 TGV retardés pour  286 minutes perdues),
- le 28 : un colis suspect à bord d'un TGV au niveau de Vendôme (11 TGV retardés pour 217 minutes perdues), 
- le 31 : incident caténaire à Maillé, près de Poitiers (11 TGV pour 1192 minutes perdues) et défaillance matériel d'un TGV sur la ligne à grande vitesse Atlantique (41 TGV retardés pour 621 minutes perdues).";11;4.31148374;5;1;17.39130435;21.73913043;13.04347826;34.7826087;0.0;13.04347826
2018-08;National;STRASBOURG;NANTES;290;54;0;;15;10.63444444;2.817283951;;14;38.05952381;12.07037037;"03/08 : 5488?Répétition signal fermé (66’)
05/08 : 5470? Signal alarme et pb fermeture porte (12’) + 5488? Pb signal d’alarme à SG (27‘)
06/08 : 5488? Non respect marche tracée (32’)
07/08 : 5488? Bruit sous caisse à Neufmoutiers (76’) + Défaut géométrie de la voie (17’) + Signal d’alarme tiré par client à Lorraine (11’) 
08/08 : Défaut géométrie de la voie à chemin d’Antony? 5470 (6’) + 5487 (6’) + Dérangement système informatique? 5488 (8’)
09/08 : Incident caténaire suite orage/ pb de tension ?5487 (71‘) + 5470 (71‘) + 5488? heurt d’un arbre à VHM (23’)
10/08 : 5470?Attente correspondance à MVC (13‘) + 5487?CDV/Bloc récepteur HS  (15’)
12/08 : 5488? Difficulté coupe à CGV (16’)
14/08 : 5470? Attente correspondance avec TER à CGV (11‘)
17/08 : 5470? Défaut géométrie de la voie à Massy (26’)
18/08 : Défaut géométrie de la voie à Massy ?5487 (8’) + 5470(8’)
20/08 : 5488?Soin matériel roulant au Mans (19’)
21/08 : 5470? Attente correspondance TGV à MVC (8’) + 5488? Intervention SUGE (10’)
22/08 : 5488? Csq intervention police de 9894 à Lorraine (34‘) + Dérangement installation signalisation au Mans (12’)
24/08 : Signal d’alarme tiré par des clients à Lorraine? 5487(16‘) + 5470 (15‘) + 5488? Dérangement installation télécom (7’) + Espacement cause 2 BM isolé (21’)
26/08 : 5488? Attente matériel à CGV (dédoublement du 9894 (8’)
28/08 : 5488? Csq zone en non libération  à St Michel (67’) 
29/08 : 5470? Attente correspondance au Mans (7’) + DBC voie 1 à Wissous (18‘)
31/08 : Raté ouverture PN à Chemin d’Antony? 5487 (22‘) + 5470 (23‘) + 5488? Galite HS (12’) + Csq soin matériel roulant sur 8727(23’)";14;12.07037037;5;3;23.07692308;23.07692308;30.76923077;23.07692308;0.0;0.0
2018-08;National;PARIS MONTPARNASSE;VANNES;156;237;6;;35;8.366190476;0.875613276;;22;26.90909091;3.559018759;;12;3.559018759;5;2;9.090909091;18.18181818;9.090909091;45.45454545;0.0;18.18181818
2018-08;National;PARIS VAUGIRARD;RENNES;125;31;0;;7;14.01666667;2.695698925;;5;18.40333333;4.410752688;;3;4.410752688;0;0;0.0;40.0;0.0;40.0;20.0;0.0
2018-08;National;PARIS LYON;MACON LOCHE;95;188;1;;33;21.29191919;3.544474153;;29;35.71264368;5.831283422;;20;5.831283422;12;6;14.28571429;7.142857143;17.85714286;50.0;10.71428571;0.0
2018-08;National;MULHOUSE VILLE;PARIS LYON;170;303;1;;149;7.365659955;3.652152318;;36;37.98194444;5.135430464;;30;5.135430464;20;8;15.78947368;10.52631579;31.57894737;21.05263158;10.52631579;10.52631579
2018-08;National;PARIS LYON;MARSEILLE ST CHARLES;198;451;3;;85;18.36705882;3.144866071;;72;45.91481481;9.604017857;•panne du 5180, problème de disjonction, à Aix-en-Provence-TGV. 43 TGV retardés pour 1095 min, 18 TGV de l’axe perdus à 5’.;72;9.604017857;34;18;23.94366197;7.042253521;15.49295775;45.07042254;5.633802817;2.816901408
2018-08;National;LYON PART DIEU;MONTPELLIER;115;332;1;;228;9.337061404;6.527945619;;64;28.05026042;5.613041289;;45;5.613041289;21;6;20.0;37.77777778;26.66666667;11.11111111;4.444444444;0.0
2018-08;National;VALENCE ALIXAN TGV;PARIS LYON;133;314;1;;227;14.56314244;10.60820021;;79;36.86012658;9.186368477;•problème de traction du 9582 vers Aix-en-Provence. 25 TGV retardés pour 588 min, 9 TGV de l’axe perdus à 5’.;65;9.186368477;32;8;24.59016393;24.59016393;19.67213115;22.95081967;4.918032787;3.278688525
2018-08;National;PARIS MONTPARNASSE;ST PIERRE DES CORPS;67;358;2;;53;8.623584906;1.022425094;;62;16.64596774;3.636938202;;13;3.636938202;5;3;12.19512195;24.3902439;24.3902439;31.70731707;4.87804878;2.43902439
2018-08;National;PARIS NORD;ARRAS;51;227;3;;43;12.92015504;2.249330357;;34;19.79656863;2.7578125;;14;2.7578125;5;1;5.882352941;23.52941176;29.41176471;32.35294118;8.823529412;0.0
2018-08;National;NANTES;PARIS MONTPARNASSE;135;470;10;;199;6.06641541;2.634166667;;74;25.16711712;5.511702899;;56;5.511702899;16;5;16.43835616;36.98630137;20.54794521;19.17808219;4.109589041;2.739726027
2018-08;National;STRASBOURG;PARIS EST;112;508;4;;248;9.040793011;4.516832011;;86;31.21686047;6.314087302;;53;6.314087302;29;12;31.42857143;20.0;14.28571429;22.85714286;2.857142857;8.571428571
2018-08;National;LILLE;PARIS NORD;64;434;2;;129;7.114857881;2.07025463;;87;14.06609195;3.157677469;"le matériel avec 4,7% d’irrégularité devance la rubrique des dérangements côté Réseau pour 2,5%, tout juste devant les autres EF avec 2,4% exactement.
« soin engin » pour 2,2% points (incidents bogies, radio, frein ,etc.), le motif « produit train » ou mises à quai tardives pour 1,7 % point, phénomène directement lié à la tension du parc, et enfin les « autres incidents » pour 0,8% point (incident veille automatique en ligne par exemple).
Pour le Matériel, le vendredi 31 août est une journée significative car une quinzaine de trains de la radiale et antenne ont été concernés, soit par des pannes ou des mises à disposition tardives en gare.
En ce qui concerne Réseau avec les dérangements, on peut relever l’incident « manque tension » de Combles le vendredi 24 (5 Tgv concernés pour 54 minutes), car la cause est toujours analysée aujourd’hui côté INE, aussi l’incident à Arras le mardi 28 avec une éclisse et JIC (joint isolant collé) fissurés, incident qui a concerné 6 Tgv pour 63 minutes perdues à l’entrée de la LGV (passage en voie banalisée pour certains trains et retards à la clé).
Le domaine de l’irrégularité pour les autres transporteurs concerne en particulier TER, avec notamment l’évènement secours pour le 843705 du vendredi 17 août à Roeux qui a concerné 11 tgv pour 175 minutes perdues";25;3.157677469;5;1;3.529411765;11.76470588;31.76470588;24.70588235;22.35294118;5.882352941
2018-08;National;PARIS MONTPARNASSE;NANTES;131;405;6;;56;7.845833333;0.80952381;;44;26.98977273;3.530116959;;26;3.530116959;16;3;22.72727273;20.45454545;20.45454545;22.72727273;6.818181818;6.818181818
2018-08;National;PARIS MONTPARNASSE;BORDEAUX ST JEAN;149;681;16;;122;7.615437158;1.119799499;;62;27.14112903;2.455213033;;47;2.455213033;14;3;15.0;25.0;18.33333333;33.33333333;8.333333333;0.0
2018-08;National;RENNES;PARIS MONTPARNASSE;104;561;10;;237;6.75161744;2.975438596;;70;23.91809524;4.949334543;;47;4.949334543;16;5;25.75757576;19.6969697;10.60606061;28.78787879;3.03030303;12.12121212
2018-08;National;PARIS MONTPARNASSE;ST MALO;171;118;0;;11;10.84393939;0.564689266;;11;29.52272727;0.433757062;;11;0.433757062;4;0;0.0;45.45454545;9.090909091;36.36363636;9.090909091;0.0
2018-08;National;ANNECY;PARIS LYON;236;181;0;;29;8.250574713;1.321915285;;44;37.80681818;10.55082873;•panne du OUIGO 7839, vers Le Creusot : 14 TGV retardés pour 240 min.;44;10.55082873;15;5;41.86046512;4.651162791;39.53488372;11.62790698;0.0;2.325581395
2018-08;National;PARIS LYON;NIMES;176;344;1;;76;24.91973684;5.217006803;;70;39.72952381;9.076773567;•heurt d’une personne par le TGV 6839 à Montpellier : 12 TGV retardés pour 1009 min, 8 TGV de l’axe perdus à 5’.;53;9.076773567;35;17;11.42857143;4.285714286;18.57142857;54.28571429;8.571428571;2.857142857
2018-08;National;TOULOUSE MATABIAU;PARIS MONTPARNASSE;264;188;1;;31;7.332258065;0.942335116;;21;34.05952381;6.233778966;;21;6.233778966;10;1;42.85714286;28.57142857;0.0;23.80952381;4.761904762;0.0
2018-08;National;PARIS NORD;DUNKERQUE;116;262;1;;44;13.61931818;1.997509579;;34;26.67647059;3.398467433;;25;3.398467433;12;3;15.15151515;21.21212121;12.12121212;45.45454545;6.060606061;0.0
2018-08;National;RENNES;PARIS VAUGIRARD;116;31;0;;5;5.446666667;0.888172043;;4;11.92916667;1.905913978;;0;1.905913978;0;0;0.0;0.0;100.0;0.0;0.0;0.0
2018-08;National;TOURCOING;BORDEAUX ST JEAN;280;6;0;;1;2.0;0.333333333;;2;45.225;16.13888889;attente matérriel roulant, Non respect règle de priorité du doc réf réseau, Soin matériuel roulant, Difficultés de réception sous gare, Raté d'ouverture à un PN, obstacle sur voie ou aux abords, Soin matériel roulant , Intervention police;2;16.13888889;2;0;0.0;50.0;0.0;50.0;0.0;0.0
2018-08;National;DIJON VILLE;PARIS LYON;99;430;10;;265;9.503773585;6.101984127;;58;36.88563218;5.73281746;;44;5.73281746;28;12;20.83333333;25.0;16.66666667;12.5;16.66666667;8.333333333
2018-08;National;LYON PART DIEU;LILLE;187;268;4;;179;14.416946;9.869318182;;90;32.95888889;13.41950758;"Pendant les deux premières semaines d’août, les fortes chaleurs ont continué de perturber le plan de transport, 

Les évènements liés au Matériel sont globalement divisés en trois parties: le motif « soin engin » pour 2,2% points (incidents bogies, radio, frein ,etc.), le motif « produit train » ou mises à quai tardives pour 1,7 % point, phénomène directement lié à la tension du parc, et enfin les « autres incidents » pour 0,8% point (incident veille automatique en ligne par exemple).
Pour le Matériel, le vendredi 31 août est une journée significative car une quinzaine de trains de la radiale et antenne ont été concernés, soit par des pannes ou des mises à disposition tardives en gare.
En ce qui concerne Réseau avec les dérangements, on peut relever l’incident « manque tension » de Combles le vendredi 24 (5 Tgv concernés pour 54 minutes), car la cause est toujours analysée aujourd’hui côté INE, aussi l’incident à Arras le mardi 28 avec une éclisse et JIC (joint isolant collé) fissurés, incident qui a concerné 6 Tgv pour 63 minutes perdues à l’entrée de la LGV (passage en voie banalisée pour certains trains et retards à la clé).
Le domaine de l’irrégularité pour les autres transporteurs concerne en particulier TER, avec notamment l’évènement secours pour le 843705 du vendredi 17 août à Roeux qui a concerné 11 tgv pour 175 minutes perdues.";82;13.41950758;34;9;14.77272727;26.13636364;25.0;18.18181818;9.090909091;6.818181818
2018-08;National;BELLEGARDE (AIN);PARIS LYON;162;196;1;;98;9.200510204;4.666068376;;18;54.70555556;5.744017094;•accident de personne avec le 6627 à Maisons-Alfort, suivi de 4 alertes radio pour personnes dans les voies avec des trains Transilien : 68 TGV retardés pour 5910 min;16;5.744017094;8;5;0.0;0.0;50.0;0.0;0.0;50.0
2018-08;National;PARIS LYON;LE CREUSOT MONTCEAU MONTCHANIN;78;208;0;;18;9.415740741;0.473717949;;39;15.08205128;3.651522436;;13;3.651522436;5;1;12.5;20.83333333;41.66666667;16.66666667;8.333333333;0.0
2018-08;International;GENEVE;PARIS LYON;178;181;1;;18;23.38888889;0.127777778;;14;59.54880952;5.335462963;;13;5.335462963;7;4;0.0;0.0;0.0;0.0;0.0;0.0
2018-08;National;PARIS MONTPARNASSE;ANGOULEME;132;235;6;;39;7.315811966;0.968850073;;38;25.75745614;6.461790393;;18;6.461790393;6;2;8.108108108;21.62162162;27.02702703;21.62162162;10.81081081;10.81081081
2018-08;National;PARIS LYON;BELLEGARDE (AIN);159;169;0;;39;23.86666667;5.27209073;;35;34.77238095;9.178402367;•accident de personne avec le 6627 à Maisons-Alfort, suivi de 4 alertes radio pour personnes dans les voies avec des trains Transilien : 68 TGV retardés pour 5910 min;29;9.178402367;18;4;11.76470588;8.823529412;11.76470588;58.82352941;8.823529412;0.0
2018-08;National;MACON LOCHE;PARIS LYON;99;240;3;;200;18.56925;15.69493671;;101;31.5029703;14.25288326;•affluence voyageur sur le 6937 en gare de Macon-Loché-TGV. 4 TGV retardés pour 153 min, 4 TGV de l’axe perdus à 5’.;77;14.25288326;23;9;26.66666667;8.333333333;45.0;16.66666667;1.666666667;1.666666667
2018-08;National;PARIS EST;METZ;85;313;4;;50;13.30066667;2.083171521;;27;25.45864198;2.111596548;;18;2.111596548;5;3;12.0;8.0;8.0;56.0;12.0;4.0
2018-08;National;TOURCOING;MARSEILLE ST CHARLES;304;27;0;;6;6.575;1.461111111;;2;21.325;3.87962963;;2;3.87962963;0;0;0.0;0.0;100.0;0.0;0.0;0.0
2018-08;National;PARIS MONTPARNASSE;LE MANS;59;385;12;;48;10.45763889;0.998614835;;42;19.05436508;2.317426273;;17;2.317426273;8;1;14.28571429;21.42857143;28.57142857;32.14285714;3.571428571;0.0
2018-08;National;PARIS LYON;MULHOUSE VILLE;167;277;2;;58;16.91551724;3.315212121;;44;36.1;6.725454545;;34;6.725454545;17;6;18.18181818;13.63636364;6.818181818;45.45454545;13.63636364;2.272727273
2018-08;National;PARIS LYON;MONTPELLIER;208;343;1;;78;24.37991453;5.260769981;;52;53.50032051;8.418274854;•panne du 5180, problème de disjonction, à Aix-en-Provence-TGV. 43 TGV retardés pour 1095 min, 18 TGV de l’axe perdus à 5’.;52;8.418274854;34;19;9.615384615;19.23076923;7.692307692;53.84615385;5.769230769;3.846153846
2018-08;International;PARIS LYON;LAUSANNE;179;146;0;;26;16.06153846;2.548287671;;27;31.77777778;9.52739726;;23;9.52739726;13;1;0.0;0.0;0.0;0.0;0.0;0.0
2018-09;National;VALENCE ALIXAN TGV;PARIS LYON;132;269;3;;176;14.23200758;9.480576441;;42;50.10277778;7.90764411;Accident de personne à chevry, restitution tardive tx Heyrieux, déraillement bourreuse à Vénissieux, incendie sous station de manduel;30;7.90764411;21;11;26.82926829;31.70731707;17.07317073;14.63414634;7.317073171;2.43902439
2018-09;National;DUNKERQUE;PARIS NORD;119;230;2;;9;14.91481481;0.632602339;;18;28.44259259;4.38004386;;10;4.38004386;6;2;22.22222222;38.88888889;22.22222222;11.11111111;5.555555556;0.0
2018-09;National;MULHOUSE VILLE;PARIS LYON;173;310;2;;150;7.225666667;3.523160173;;42;26.25555556;3.48771645;;29;3.48771645;13;1;13.51351351;24.32432432;37.83783784;18.91891892;2.702702703;2.702702703
2018-09;International;PARIS LYON;LAUSANNE;221;136;0;;21;11.58888889;1.522426471;;21;32.93968254;7.435171569;;21;7.435171569;9;2;10.52631579;0.0;57.89473684;26.31578947;5.263157895;0.0
2018-09;National;PARIS MONTPARNASSE;BREST;226;245;0;;37;6.497747748;0.615306122;;12;25.5;2.4;;12;2.4;2;0;8.333333333;33.33333333;33.33333333;25.0;0.0;0.0
2018-09;National;QUIMPER;PARIS MONTPARNASSE;228;246;0;;10;9.7;0.394308943;;17;31.27941176;4.79403794;;17;4.79403794;5;1;29.41176471;29.41176471;5.882352941;23.52941176;5.882352941;5.882352941
2018-09;National;METZ;PARIS EST;85;302;1;;150;8.468888889;4.27021041;;72;20.26574074;5.387763012;;29;5.387763012;13;5;13.1147541;14.75409836;29.50819672;31.14754098;6.557377049;4.918032787
2018-09;National;ANNECY;PARIS LYON;228;183;1;;11;8.909090909;0.538461538;;52;39.01891026;13.05467033;;52;13.05467033;17;9;15.38461538;40.38461538;25.0;7.692307692;9.615384615;1.923076923
2018-09;National;LYON PART DIEU;MARNE LA VALLEE;108;266;2;;159;13.61048218;8.325378788;;58;32.66436782;8.364709596;;43;8.364709596;16;8;10.34482759;29.31034483;32.75862069;18.96551724;6.896551724;1.724137931
2018-09;National;PARIS LYON;PERPIGNAN;307;172;0;;38;13.97982456;2.793992248;;33;43.78585859;9.545251938;Accident de personne à chevry, restitution tardive tx Heyrieux, déraillement bourreuse à Vénissieux, incendie sous station de manduel;33;9.545251938;19;8;21.21212121;27.27272727;21.21212121;27.27272727;3.03030303;0.0
2018-09;National;PARIS MONTPARNASSE;TOURS;78;176;0;;24;9.431944444;0.862121212;;32;18.48229167;4.351136364;;10;4.351136364;5;1;5.0;40.0;30.0;25.0;0.0;0.0
2018-09;National;MONTPELLIER;LYON PART DIEU;120;288;4;;107;13.72461059;5.261561033;;59;37.21355932;7.666021127;;41;7.666021127;19;8;16.07142857;30.35714286;32.14285714;16.07142857;3.571428571;1.785714286
2018-09;International;MADRID;MARSEILLE ST CHARLES;419;30;0;;11;1.545454545;0.233333333;;6;71.86111111;17.34222222;;6;17.34222222;4;3;0.0;16.66666667;50.0;33.33333333;0.0;0.0
2018-09;National;BREST;PARIS MONTPARNASSE;230;265;2;;9;27.0;0.923954373;;17;32.13333333;4.779087452;;17;4.779087452;5;1;33.33333333;33.33333333;6.666666667;13.33333333;6.666666667;6.666666667
2018-09;National;AIX EN PROVENCE TGV;PARIS LYON;183;389;1;;188;6.707801418;3.324570447;;32;48.48333333;4.696134021;Accident de personne à chevry, restitution tardive tx Heyrieux, déraillement bourreuse à Vénissieux, incendie sous station de manduel;32;4.696134021;18;10;21.42857143;39.28571429;10.71428571;25.0;3.571428571;0.0
2018-09;National;PARIS LYON;BELLEGARDE (AIN);160;209;0;;46;14.56485507;2.996810207;;37;33.52927928;7.519617225;;23;7.519617225;12;2;13.88888889;13.88888889;27.77777778;41.66666667;2.777777778;0.0
2018-09;National;PARIS MONTPARNASSE;NANTES;130;495;2;;67;6.631343284;0.590432725;;68;23.79803922;4.303313049;;41;4.303313049;16;2;17.64705882;27.94117647;30.88235294;20.58823529;1.470588235;1.470588235
2018-09;National;MACON LOCHE;PARIS LYON;100;195;0;;155;11.79053763;9.391111111;;46;29.325;7.638803419;;37;7.638803419;12;5;19.56521739;23.91304348;34.7826087;10.86956522;4.347826087;6.52173913
2018-09;National;NICE VILLE;PARIS LYON;345;206;0;;51;6.684640523;1.703317152;;31;62.0155914;9.896359223;Accident de personne à chevry, restitution tardive tx Heyrieux, déraillement bourreuse à Vénissieux, incendie sous station de manduel;31;9.896359223;19;13;32.25806452;35.48387097;9.677419355;19.35483871;0.0;3.225806452
2018-09;National;LYON PART DIEU;MONTPELLIER;115;292;1;;191;10.46553229;6.970160367;;70;35.50952381;9.337170676;;49;9.337170676;23;8;15.38461538;20.0;36.92307692;15.38461538;10.76923077;1.538461538
2018-09;National;PARIS MONTPARNASSE;VANNES;158;256;1;;38;6.652192982;0.613594771;;28;22.89285714;3.537254902;;18;3.537254902;7;0;7.407407407;22.22222222;25.92592593;33.33333333;0.0;11.11111111
2018-09;National;DIJON VILLE;PARIS LYON;101;415;2;;271;6.99704797;4.702421308;;60;24.10333333;3.937288136;;39;3.937288136;13;2;10.52631579;22.80701754;47.36842105;15.78947368;3.50877193;0.0
2018-09;International;BARCELONA;PARIS LYON;379;60;0;;31;5.35483871;2.766666667;;11;65.74090909;12.52833333;;11;12.52833333;9;5;20.0;40.0;10.0;30.0;0.0;0.0
2018-09;National;REIMS;PARIS EST;46;202;0;;79;8.666244726;3.469471947;;53;15.02169811;4.847442244;;24;4.847442244;3;0;2.127659574;65.95744681;10.63829787;14.89361702;2.127659574;4.255319149
2018-09;National;PARIS MONTPARNASSE;TOULOUSE MATABIAU;262;171;0;;24;8.620833333;0.905263158;;27;28.98395062;7.517641326;;27;7.517641326;9;1;18.51851852;37.03703704;25.92592593;18.51851852;0.0;0.0
2018-09;National;TOULOUSE MATABIAU;PARIS MONTPARNASSE;263;178;0;;13;5.517948718;-0.013483146;;25;32.03266667;7.00093633;;25;7.00093633;10;1;32.0;32.0;8.0;24.0;0.0;4.0
2018-09;National;ANGERS SAINT LAUD;PARIS MONTPARNASSE;97;369;0;;191;5.587958115;3.030668473;;41;22.58252033;4.142863595;;20;4.142863595;9;1;19.44444444;25.0;27.77777778;13.88888889;13.88888889;0.0
2018-09;National;NANTES;STRASBOURG;305;39;0;;11;3.898484848;1.144444444;;5;34.06333333;4.971794872;;5;4.971794872;2;1;20.0;40.0;20.0;0.0;0.0;20.0
2018-09;National;TOURCOING;MARSEILLE ST CHARLES;304;30;0;;2;93.0;6.2;;5;76.98333333;13.97888889;NRMT, Attente Correspondance, Incident lié aux portes, D2tresse matériel roulant;5;13.97888889;4;1;0.0;40.0;40.0;20.0;0.0;0.0
2018-09;National;PARIS LYON;BESANCON FRANCHE COMTE TGV;129;182;2;;30;14.77277778;2.232685185;;31;25.99193548;6.157037037;;23;6.157037037;7;3;6.451612903;12.90322581;29.03225806;41.93548387;6.451612903;3.225806452
2018-09;National;PARIS LYON;CHAMBERY CHALLES LES EAUX;184;172;1;;38;25.97763158;5.556335283;;56;31.17410714;11.40194932;;40;11.40194932;17;5;1.818181818;49.09090909;16.36363636;27.27272727;3.636363636;1.818181818
2018-09;National;LYON PART DIEU;MARSEILLE ST CHARLES;105;512;6;;307;10.1728013;6.282476943;;130;38.30397436;11.41699605;;106;11.41699605;47;20;17.21311475;17.21311475;34.42622951;20.49180328;4.098360656;6.557377049
2018-09;National;PARIS MONTPARNASSE;LA ROCHELLE VILLE;171;216;0;;33;5.038383838;0.483024691;;17;18.64705882;1.981481481;;9;1.981481481;1;0;0.0;52.94117647;5.882352941;23.52941176;0.0;17.64705882
2018-09;National;ST PIERRE DES CORPS;PARIS MONTPARNASSE;66;389;0;;185;5.781981982;2.865809769;;99;14.01262626;4.391645244;"Ce mois-ci, l'OD a été touchée par les incidents suivants :
- le 4 : un rail cassé à l'entré de Paris-Montparnasse  nécessitant une limitation de vitesse sur la zone (60 TGV retardés pour 648 minutes perdues), 
- le 12 : une  aiguille défaillante à l'entrée de Paris-Montparnasse  nécessitant une limitation de vitesse (44 TGV retardés pour  364 minutes perdues) , 
- le 19 : un incident caténaire dans le tunnel de Massy (28 TGV pour 613 minutes perdues),  
- le 25 : un décontrôle d'aiguille vers St-Pierre-des-Corps empêche la circulation des TGV de la ligne à grande vitesse Atlantique vers la ligne à grande vitesse St-Pierre-des-Corps - Bordeaux ( 16 TGV pour 387 minutes perdues),  
- le 26 : un bagage abandonné dans un TGV à Paris-Montparnasse impose un périmètre de sécurité sur plusieurs voies de départ (11 TGV pour 174 minutes perdues), 
- le 27 : une défaillance matériel d'un TGV sur la ligne à grande vitesse Atlantique (25 TGV pour 602 minutes perdues) et un dérangement des installations vers Maillé, entre St-Pierre-des-Corps et Poitiers (9 TGV pour 171 minutes perdues).";18;4.391645244;9;2;7.575757576;31.81818182;37.87878788;13.63636364;6.060606061;3.03030303
2018-09;National;PARIS MONTPARNASSE;BORDEAUX ST JEAN;149;714;1;;96;7.149305556;0.699158485;;52;23.05096154;1.630668537;;37;1.630668537;10;1;7.692307692;40.38461538;26.92307692;25.0;0.0;0.0
2018-09;National;MARSEILLE ST CHARLES;LILLE;307;179;2;;43;10.99689922;2.682297552;;36;35.62777778;9.239548023;Causes « Autres transporteurs » ont pesé fortement sur la régularité, en exemple  l’incident du  Ter 887321 à Chandieu (Sud Est) qui s’immobilise sous une section de séparation avec demande secours (36 trains Voyages pour 1072 minutes perdues)-;36;9.239548023;12;7;8.333333333;25.0;33.33333333;19.44444444;8.333333333;5.555555556
2018-09;National;MARNE LA VALLEE;LYON PART DIEU;109;297;3;;181;10.08499079;6.317403628;;54;27.47191358;6.583786848;;35;6.583786848;17;6;14.0;12.0;34.0;26.0;8.0;6.0
2018-09;National;PARIS LYON;LE CREUSOT MONTCEAU MONTCHANIN;78;200;0;;17;13.31176471;0.814083333;;24;19.30416667;2.807166667;;13;2.807166667;5;0;16.66666667;27.77777778;16.66666667;38.88888889;0.0;0.0
2018-09;National;PARIS MONTPARNASSE;RENNES;103;560;1;;57;6.243567251;0.29287418;;44;15.6844697;2.136881336;;17;2.136881336;4;0;5.263157895;31.57894737;21.05263158;39.47368421;0.0;2.631578947
2018-09;National;PARIS MONTPARNASSE;ST PIERRE DES CORPS;67;358;0;;59;7.425423729;0.880772812;;61;14.83387978;3.404422719;;15;3.404422719;6;1;2.564102564;28.20512821;35.8974359;33.33333333;0.0;0.0
2018-09;National;LYON PART DIEU;RENNES;235;85;1;;53;6.842767296;4.414087302;;16;30.30729167;8.83968254;;16;8.83968254;6;2;12.5;18.75;12.5;43.75;12.5;0.0
2018-09;National;PARIS EST;REIMS;46;206;1;;34;7.285784314;1.041544715;;27;11.51049383;2.172845528;"01-sept : 2726?Raté ouverture PN à Amagne (18’) + 2720? LTV 40 Amagne (20’)
02-sept : LTV Amagne? 2754 (16’) et 2720 (6’)
03-sept : 2760? Attente correspondance à Reims (10’) + 2714? LTV Amagne (7’)
04-sept : 2714? LTV Amagne (13’)
05-sept : LTV Amagne? 2714 (16’) et 2722 (10’)
06-sept : LTV Amagne? 2714 (17’) et 2722 (6’) + Attente correspondance à Reims (6‘) + Dérangement Galite? 2760 (6’)
07-sept : 2714? Travaux restitution tardive Amagne (10’) + LTV Amagne (14’) + Pb Galite (7’)
08-sept : 2720? LTV Amagne (8’)
09-sept : LTV Amagne? 2720 (10’) + 2754 (15’) + Non-respect marche tracée à Pantin? 2762 (15’)
10-sept : LTV Amagne? 2722 (17’) et 2714 (17’)
11-sept : LTV Amagne? 2714 (18’), 2760 (6’), 2722 (10’) + Retard sur un autre réseau?2712 (13‘)
12-sept : 2738? Fuite d’air et pb essai (10’) + LTV Amagne ? 2714(21’) + 2722 (6’)
13-sept : LTV Amagne? 2714(15’) et 2722 (17’) + Attente correspondance à Reims? 2760 (11’)
14-sept : LTV Amagne ? 2714 (23’) + Animaux sur les voies à Launois? 2722 (6’)
15-sept : Dérangement installation à Rethel? 2720 (44’) + LTV Amagne ? 2726 (17’)
16-sept : LTV Amagne? 2754 (8’), 2720 (10’), 2766 (10’)
17-sept : LTV Amagne? 2722 (13’) et 2714 (13’) + Essais conducteur ? 2760 (15’)
18-sept : DBC à Villers Agron? 2714 (24’) et 2712 (27’)
21-sept : 2762? Arrêt prolongé à Maison Blanche (10’)
22-sept : LTV Amagne ? 2720 (7‘)
24-sept : LTV Amagne? 2714 (25‘) et 2722 (6‘) + Malaise voyageur? 2722 (14’)
25-sept : Demande de secours en gare de Reims? 2714 (30’)
28-sept : Alarme porte ouverte à Vaires? 2762 (23‘)";6;2.172845528;1;0;15.78947368;5.263157895;21.05263158;47.36842105;10.52631579;0.0
2018-09;National;MARSEILLE ST CHARLES;TOURCOING;296;30;0;;5;53.52;8.533333333;;3;93.0;11.96666667;"Erreur de direction (reprise de voie), Dérangement d'installations, attente matériel roulant; Exécution service voy, Incident caténaire";3;11.96666667;2;2;0.0;33.33333333;66.66666667;0.0;0.0;0.0
2018-09;National;MARSEILLE ST CHARLES;LYON PART DIEU;108;533;9;;144;10.67222222;2.974395674;;93;31.3827957;5.236005089;;63;5.236005089;24;10;15.2173913;22.82608696;28.26086957;17.39130435;10.86956522;5.434782609
2018-09;National;STRASBOURG;PARIS EST;112;466;0;;219;8.214459665;3.918454936;;64;22.33541667;3.592918455;"02-sept : 5488?Attente correspondance à Marne (16’) + Retard sur un autre réseau (10’)
03-sept : 5488?Intervention police à Forbach (6’)
04-sept : 5488?Intervention pompier à Roissy (10’) 
07-sept : 5488?Pb Galite (15’)
13-sept : 5488?Colis abandonné à Lorraine (27’)
17-sept : 5488?Attente service voyageur à Massy (6’) + Dérangement sémaphore (6’)
19-sept : 5488?Signal alarme tiré au départ de Marne (26’) + ralentissement forfaitaire (8’)
20-sept : 5488?Colis suspect à Marne (90’)
21-sept : 5488?Saturation gare de marne (7’) + retard sur un autre réseau (19’)
23-sept : 5488?Retard sur un autre réseau (11’) + Intervention police à Massy (18’)
25-sept : 5488?Dégagement de fumée à Sablé (13’)
26-sept : 5488?Personne sur les voies à Angers (45‘)
27-sept : 5488?Pb radio en gare du Mans (18‘) + Mauvais PAD à LEW (10’)
28-sept : 5488?Perte de temps en ligne sans raison particulière (10’)
30-sept : 5488?Retard sur un autre réseau (6’)";36;3.592918455;10;3;22.95081967;8.196721311;26.2295082;24.59016393;4.918032787;13.1147541
2018-09;National;STRASBOURG;NANTES;288;39;0;;3;3.333333333;0.097008547;;10;31.125;9.489316239;;10;9.489316239;2;1;40.0;20.0;30.0;0.0;0.0;10.0
2018-09;National;ARRAS;PARIS NORD;54;295;3;;107;9.031308411;3.507420091;;78;17.52200855;5.521518265;"Secteur dominant des dérangements avec  l’arrachement caténaire entre Pierrefitte et St Denis le dimanche 23 qui  a été fortement pénalisant car il a été aggravé par un envahissement de personnes dans les emprises, 53 trains Voyages ont été concernés pour 2118 minutes perdues. Pour le reste il s’agit de dérangements de zones, d’appareils de voie ou de passages à niveau. Pour le secteur Nord,  l’incident du passage à niveau 149 à Arneke le dimanche 26 est marquant avec un vrai défaut technique, incident qui a coûté 9 TGV pour 81 minutes perdues.
Le premier secteur de l’irrégularité Matériel est classé sous la dénomination « autres incidents », en exemple le TGV 7000 du vendredi 07 qui génère un manque tension en sous station de Gonesse, avec présomption de rupture d’archet (11 Tgv concernés pour 142 minutes), le second secteur concerne directement tous les types de pannes (bloc moteur, portes, veille automatique, compresseur, etc.). Enfin la tension parc est apparente pour le secteur Produit train, avec une dominante de mises à quai tardives du chantier Landy à Paris Nord, il s’agit pour cette période d’une quinzaine de trains relevés avec conséquences sur la ponctualité du chantier Paris Nord. Les technicentres subissent aussi de gros aléas de casses TGV, en exemples le TGV 7385 qui heurte un véhicule à Esquelbecq (secteur Nord), rame immobilisée plusieurs semaines en réparation, ou le TGV 7169 qui heurte un Ter à Valenciennes dans le chantier de remisage.
Néanmoins, on  compte beaucoup sur le plan d’actions mené depuis début septembre au technicentre du Landy pour redresser la disponibilité des rames. Les effets positifs sur les restrictions se font déjà sentir!";22;5.521518265;13;4;5.555555556;33.33333333;45.83333333;11.11111111;4.166666667;0.0
2018-09;National;PARIS LYON;SAINT ETIENNE CHATEAUCREUX;168;114;1;;17;9.198039216;0.938495575;;19;20.69122807;5.368584071;;9;5.368584071;3;0;10.52631579;21.05263158;21.05263158;31.57894737;15.78947368;0.0
2018-09;International;PARIS EST;FRANCFORT;219;170;1;;28;8.463095238;1.393195266;;29;36.32816092;10.28234714;;29;10.28234714;13;4;13.63636364;13.63636364;36.36363636;27.27272727;4.545454545;4.545454545
2018-09;International;PARIS LYON;ZURICH;240;141;0;;32;10.43697917;2.166903073;;19;49.9622807;8.886879433;;19;8.886879433;12;3;23.52941176;23.52941176;5.882352941;29.41176471;11.76470588;5.882352941
2018-09;National;PARIS LYON;MACON LOCHE;95;199;2;;36;19.11759259;3.31285956;;30;29.62666667;4.629187817;;19;4.629187817;9;3;3.448275862;10.34482759;10.34482759;58.62068966;13.79310345;3.448275862
2018-09;National;SAINT ETIENNE CHATEAUCREUX;PARIS LYON;168;97;0;;13;4.625641026;0.493298969;;15;17.30333333;3.335910653;;7;3.335910653;1;0;26.66666667;13.33333333;13.33333333;33.33333333;6.666666667;6.666666667
2018-09;National;RENNES;PARIS VAUGIRARD;116;27;0;;2;2.275;0.174074074;;0;0.0;-0.32654321;;0;-0.32654321;0;0;0.0;0.0;0.0;0.0;0.0;0.0
2018-09;International;LAUSANNE;PARIS LYON;219;133;1;;95;4.133333333;3.05530303;;10;32.0;3.022727273;;10;3.022727273;4;1;22.22222222;11.11111111;33.33333333;22.22222222;11.11111111;0.0
2018-09;National;LAVAL;PARIS MONTPARNASSE;91;196;0;;80;4.156458333;1.768282313;;28;17.47380952;3.912414966;;13;3.912414966;1;1;0.0;30.0;40.0;20.0;5.0;5.0
2018-09;National;PARIS LYON;AVIGNON TGV;160;496;3;;79;14.23122363;1.953752535;;65;36.00153846;4.673461799;;51;4.673461799;30;8;18.46153846;18.46153846;15.38461538;44.61538462;0.0;3.076923077
2018-09;National;PARIS LYON;AIX EN PROVENCE TGV;182;440;3;;74;14.89256757;2.229481312;;58;41.37557471;6.517734554;Accident de personne à chevry, restitution tardive tx Heyrieux, déraillement bourreuse à Vénissieux, incendie sous station de manduel;54;6.517734554;34;8;20.68965517;25.86206897;13.79310345;36.20689655;0.0;3.448275862
2018-09;National;PARIS LYON;ANNECY;228;190;2;;37;20.77882883;3.909574468;;32;35.328125;8.561170213;;32;8.561170213;13;2;6.25;25.0;12.5;50.0;3.125;3.125
2018-09;National;PARIS LYON;TOULON;237;266;5;;60;13.05833333;2.746040868;;39;39.15897436;5.549425287;;39;5.549425287;21;7;28.94736842;15.78947368;10.52631579;34.21052632;2.631578947;7.894736842
2018-09;National;PARIS VAUGIRARD;BORDEAUX ST JEAN;169;53;0;;8;6.766666667;0.544025157;;3;15.97777778;1.061949686;;1;1.061949686;0;0;0.0;33.33333333;0.0;66.66666667;0.0;0.0
2018-09;National;PARIS VAUGIRARD;RENNES;124;27;0;;3;3.533333333;-0.02654321;;2;16.16666667;2.709259259;;1;2.709259259;0;0;0.0;0.0;50.0;50.0;0.0;0.0
2018-09;National;LYON PART DIEU;PARIS LYON;120;615;0;;377;5.230548187;3.327886179;;70;19.56714286;2.929674797;;42;2.929674797;10;0;13.23529412;17.64705882;22.05882353;25.0;8.823529412;13.23529412
2018-09;National;TOULON;PARIS LYON;237;283;0;;126;12.20965608;5.556360424;;36;64.17361111;8.64057715;Accident de personne à chevry, restitution tardive tx Heyrieux, déraillement bourreuse à Vénissieux, incendie sous station de manduel;36;8.64057715;22;16;33.33333333;36.11111111;11.11111111;16.66666667;0.0;2.777777778
2018-09;National;PARIS LYON;VALENCE ALIXAN TGV;130;303;2;;67;13.7261194;2.809579181;;51;29.8872549;6.351495017;;40;6.351495017;17;6;12.24489796;12.24489796;18.36734694;48.97959184;8.163265306;0.0
2018-09;National;PARIS MONTPARNASSE;LE MANS;59;419;0;;44;8.578787879;0.55274463;;57;12.68508772;1.962012729;;15;1.962012729;3;1;10.81081081;35.13513514;24.32432432;27.02702703;0.0;2.702702703
2018-09;National;LYON PART DIEU;LILLE;187;264;2;;157;13.67813163;8.325572519;;62;33.9905914;10.19173028;Causes « Autres transporteurs » ont pesé fortement sur la régularité, en exemple  l’incident du  Ter 887321 à Chandieu (Sud Est) qui s’immobilise sous une section de séparation avec demande secours (36 trains Voyages pour 1072 minutes perdues)-;55;10.19173028;21;9;8.064516129;25.80645161;32.25806452;20.96774194;8.064516129;4.838709677
2018-09;International;STUTTGART;PARIS EST;184;145;0;;135;5.38691358;5.049425287;;19;29.59736842;6.404942529;;18;6.404942529;4;3;23.52941176;0.0;35.29411765;23.52941176;0.0;17.64705882
2018-09;National;RENNES;LYON PART DIEU;234;82;0;;32;5.515625;2.332723577;;15;35.24666667;8.446544715;;15;8.446544715;7;2;14.28571429;14.28571429;21.42857143;42.85714286;0.0;7.142857143
2018-09;National;NANTES;PARIS VAUGIRARD;145;54;0;;12;12.98055556;2.810802469;;9;29.99444444;6.777777778;;4;6.777777778;4;1;0.0;22.22222222;33.33333333;44.44444444;0.0;0.0
2018-09;International;FRANCFORT;PARIS EST;220;170;2;;65;4.497179487;1.9625;;24;31.31041667;6.973809524;;24;6.973809524;8;2;27.27272727;9.090909091;36.36363636;13.63636364;9.090909091;4.545454545
2018-09;National;LE MANS;PARIS MONTPARNASSE;61;383;0;;216;5.08433642;2.980548303;;109;12.07293578;4.08794604;"Ce mois-ci, l'OD a été touchée par les incidents suivants :
- le 4 : un rail cassé à l'entré de Paris-Montparnasse  nécessitant une limitation de vitesse sur la zone (60 TGV retardés pour 648 minutes perdues), 
- le 12 : une  aiguille défaillante à l'entrée de Paris-Montparnasse  nécessitant une limitation de vitesse (44 TGV retardés pour  364 minutes perdues) , 
- le 19 : un incident caténaire dans le tunnel de Massy (28 TGV pour 613 minutes perdues),  
- le 21 : une absence de tension électrique due à des branches tombées sur la caténaire à Sablé, entre Angers et Le Mans  (29 TGV pour 1400 minutes perdues),
- le 26 : un bagage abandonné dans un TGV à Paris-Montparnasse impose un périmètre de sécurité sur plusieurs voies (11 TGV pour 174 minutes perdues), 
- le 27 : une défaillance matériel d'un TGV sur la ligne à grande vitesse Atlantique (25 TGV pour 602 minutes perdues).";22;4.08794604;4;1;1.754385965;22.80701754;35.0877193;19.29824561;10.52631579;10.52631579
2018-09;National;ST MALO;PARIS MONTPARNASSE;173;90;0;;4;10.15;0.500925926;;5;12.65333333;2.931111111;;1;2.931111111;0;0;0.0;0.0;25.0;25.0;50.0;0.0
2018-09;National;CHAMBERY CHALLES LES EAUX;PARIS LYON;184;189;1;;116;16.72025862;10.28173759;;69;31.08574879;12.41861702;;57;12.41861702;20;8;19.40298507;37.31343284;29.85074627;5.970149254;5.970149254;1.492537313
2018-09;National;PARIS NORD;DUNKERQUE;117;245;5;;44;13.08901515;2.179513889;;23;39.60869565;4.4875;;14;4.4875;9;4;19.04761905;23.80952381;19.04761905;33.33333333;4.761904762;0.0
2018-09;National;PARIS VAUGIRARD;NANTES;145;54;0;;4;5.458333333;0.082716049;;7;35.21666667;6.138888889;;5;6.138888889;3;1;14.28571429;28.57142857;28.57142857;28.57142857;0.0;0.0
2018-09;National;PARIS LYON;MARSEILLE ST CHARLES;198;464;5;;82;15.02804878;2.378068264;;56;42.65654762;6.666957153;Accident de personne à chevry, restitution tardive tx Heyrieux, déraillement bourreuse à Vénissieux, incendie sous station de manduel;56;6.666957153;34;10;25.0;25.0;8.928571429;35.71428571;1.785714286;3.571428571
2018-09;National;PARIS MONTPARNASSE;QUIMPER;227;251;1;;38;6.652192982;0.637933333;;19;34.68421053;3.432;;19;3.432;7;2;21.05263158;26.31578947;26.31578947;21.05263158;0.0;5.263157895
2018-09;National;PERPIGNAN;PARIS LYON;303;158;0;;57;10.52836257;3.833860759;;25;62.77333333;10.12489451;Accident de personne à chevry, restitution tardive tx Heyrieux, déraillement bourreuse à Vénissieux, incendie sous station de manduel;25;10.12489451;18;8;33.33333333;29.16666667;16.66666667;16.66666667;0.0;4.166666667
2018-09;National;POITIERS;PARIS MONTPARNASSE;100;435;0;;184;5.979528986;2.487471264;;97;15.34158076;4.556283525;"Ce mois-ci, l'OD a été touchée par les incidents suivants :
- le 4 : un rail cassé à l'entré de Paris-Montparnasse  nécessitant une limitation de vitesse sur la zone (60 TGV retardés pour 648 minutes perdues), 
- le 12 : une  aiguille défaillante à l'entrée de Paris-Montparnasse  nécessitant une limitation de vitesse (44 TGV retardés pour  364 minutes perdues) , 
- le 19 : un incident caténaire dans le tunnel de Massy (28 TGV pour 613 minutes perdues),  
- le 25 : un décontrôle d'aiguille vers St-Pierre-des-Corps empêche la circulation des TGV de la ligne à grande vitesse Atlantique vers la ligne à grande vitesse St-Pierre-des-Corps - Bordeaux (16 TGV pour 387 minutes perdues),  
- le 26 : un bagage abandonné dans un TGV à Paris-Montparnasse impose un périmètre de sécurité sur plusieurs voies de départ (11 TGV pour 174 minutes perdues), 
- le 27 : une défaillance matériel d'un TGV sur la ligne à grande vitesse Atlantique (25 TGV pour 602 minutes perdues) et un dérangement des installations vers Maillé, entre St-Pierre-des-Corps et Poitiers (9 TGV pour 171 minutes perdues).";23;4.556283525;9;3;8.450704225;39.43661972;29.57746479;12.67605634;4.225352113;5.633802817
2018-09;National;VANNES;PARIS MONTPARNASSE;161;268;0;;110;3.7;1.518656716;;33;22.19393939;4.780161692;;17;4.780161692;5;1;25.0;21.875;12.5;18.75;12.5;9.375
2018-09;National;NANCY;PARIS EST;93;287;0;;52;7.058974359;1.339779326;;30;17.66777778;2.084785134;;13;2.084785134;3;1;12.0;4.0;16.0;56.0;4.0;8.0
2018-09;National;BORDEAUX ST JEAN;TOURCOING;298;31;0;;7;3.726190476;0.725268817;;4;27.75;6.806451613;;4;6.806451613;2;0;0.0;0.0;75.0;0.0;0.0;25.0
2018-09;National;PARIS LYON;LYON PART DIEU;120;606;1;;74;8.874099099;0.74231405;;53;25.89433962;2.793719008;;32;2.793719008;17;1;13.7254902;23.52941176;21.56862745;35.29411765;5.882352941;0.0
2018-09;International;ITALIE;PARIS LYON;433;88;0;;78;5.871794872;5.198863636;;36;48.64444444;23.07481061;;36;23.07481061;18;8;25.0;21.875;37.5;9.375;3.125;3.125
2018-09;National;PARIS EST;METZ;85;308;3;;61;8.995901639;1.725628415;;38;21.63333333;2.673934426;"01-sept : 2861?Retard sur un autre réseau (6’)
03-sept : 2861?Retard sur un autre réseau (12’)
04-sept : 2865?Retard sur un autre réseau (18’)
05-sept : 2881?Retard sur un autre réseau (41’) + 2855?Isolement d’un bloc moteur (6’) + 2676?Descente tardive (9’)
06-sept : Dérangement Galite ?2660 (6‘) et 2853 (7‘)
07-sept : Retard sur un autre réseau? 2855 (11’), 2853 (24’) et 2865 (46’) + 2865? Instabilité bogie (12’) + 2881?Prise en charge voyageur à CGV (6’)
08-sept : 2861?Défaut de géométrie de la voie à Metz (15’) + 2869?Intervention police à Metz (6’) + 2865? Retard sur un autre réseau (15’)
09-sept : 2877?Retard sur un autre réseau (7‘)
10-sept : Retard sur un autre réseau? 2881(13’) et 2865(15’) + 2861?Dérangement PAI Pagny (28’)
11-sept : Problème Galite? 2855 (11’) et 2676 (8’) + Retard sur un autre réseau? 2869 (10’), 2853 (16’) et 2865 (26’)
12-sept : Retard sur un autre réseau?2891 (22’) et  2881(58’) + 2865? Attente correspondance à Metz (14’) + 2650?Attente matériel à Metz (6’) et dérangement sémaphore à Lagny (6’)
13-sept : Retard sur un autre réseau?2881 (18’) et 2869 (12’)
14-sept : Retard sur un autre réseau? 2877 (10’) et 2881 (14’)
15-sept : Retard sur un autre réseau? 2865 (34’), 2855 (6’) et 2877 (9’) + 2861? Problème bogie à  Metz (20’)
17-sept : Retard sur un autre réseau? 2891 (6’) et 2865 (28’) + 2891? Zone en non libération à Ocquerre (82’)
18-sept : Alarme DBC à Villers Agron? 2855 (34’) et 2853 (34’)
19-sept : Retard sur un autre réseau? 2869 (6‘)
20-sept : Retard sur un autre réseau? 2881 (9‘)
21-sept : Csq accident de personne ?2891 (97’), 2877(54’) et 2881(170’) + Retard sur un autre réseau? 2877(23’) et 2865(27’) + Montée PMR à Metz?2660 (6’) + déraillement à Uckange? 2881 (6‘)
22-sept : 2861?Arret supplémentaire à Meuse (6’)
23-sept : 2893?Pb d’affichage de vitesse sur DMI (21’)
24-sept : 2881?Personne sur les voies (13’) + 2865?Choc animal (19‘) + 2855? 3 moteurs diesel isolés (6’)
25-sept : Retard sur un autre réseau?2855 (27’) et 2881(65’)
26-sept : 2869? Zone en non libération à Noisy (6’) + incident en chantier de production EF à Thionville (7’)
27-sept : Retard sur un autre réseau? 2853(6’), 2891 (17’), 2865 (16’) et 2855 (21’)
28-sept : Retard sur un autre réseau? 2877 (32‘)
30-sept : Attente autorisation pour entrée voie occupée à Metz? 2893 (8‘)";21;2.673934426;10;1;23.52941176;17.64705882;8.823529412;44.11764706;5.882352941;0.0
2018-09;National;PARIS LYON;DIJON VILLE;97;424;3;;79;12.97658228;2.199445764;;45;30.3462963;3.041330166;;36;3.041330166;19;3;9.090909091;9.090909091;20.45454545;50.0;9.090909091;2.272727273
2018-09;National;PARIS LYON;GRENOBLE;184;231;1;;47;18.3464539;3.50115942;;42;37.01626984;8.537173913;;38;8.537173913;15;7;9.523809524;21.42857143;30.95238095;35.71428571;2.380952381;0.0
2018-09;International;ZURICH;PARIS LYON;245;137;0;;75;2.594;1.764720195;;11;31.7;2.083576642;;11;2.083576642;7;0;37.5;12.5;37.5;12.5;0.0;0.0
2018-09;National;PARIS MONTPARNASSE;ANGOULEME;133;232;0;;38;7.289912281;0.924856322;;31;21.10483871;3.696623563;;17;3.696623563;4;2;3.333333333;33.33333333;33.33333333;30.0;0.0;0.0
2018-09;National;MARSEILLE ST CHARLES;PARIS LYON;196;422;1;;121;9.377410468;2.592280285;;38;44.12982456;4.737688044;Accident de personne à chevry, restitution tardive tx Heyrieux, déraillement bourreuse à Vénissieux, incendie sous station de manduel;38;4.737688044;20;12;26.31578947;34.21052632;13.15789474;21.05263158;2.631578947;2.631578947
2018-09;International;PARIS LYON;BARCELONA;381;60;0;;16;14.58541667;3.659444444;;15;44.8;13.53333333;;15;13.53333333;8;2;13.33333333;13.33333333;6.666666667;46.66666667;13.33333333;6.666666667
2018-09;National;RENNES;PARIS MONTPARNASSE;104;558;2;;209;6.011562998;2.320113909;;49;21.7547619;4.195443645;;33;4.195443645;6;2;13.33333333;31.11111111;17.77777778;20.0;8.888888889;8.888888889
2018-09;National;NANTES;PARIS MONTPARNASSE;134;488;0;;180;5.43712963;1.942144809;;50;26.70966667;4.595525956;;28;4.595525956;14;3;18.0;24.0;34.0;14.0;10.0;0.0
2018-09;National;PARIS EST;NANCY;95;281;0;;52;13.575;2.414590747;;16;26.30454545;2.684460261;;16;2.684460261;10;2;0.0;0.0;9.090909091;81.81818182;9.090909091;0.0
2018-09;National;AVIGNON TGV;PARIS LYON;160;535;1;;287;9.392915215;5.020162297;;81;38.45802469;6.108333333;;56;6.108333333;32;18;23.45679012;25.92592593;23.45679012;22.22222222;2.469135802;2.469135802
2018-09;National;PARIS LYON;MULHOUSE VILLE;167;297;2;;54;13.30216049;2.206045198;;41;35.67804878;5.837909605;;34;5.837909605;14;5;17.07317073;19.51219512;12.19512195;39.02439024;9.756097561;2.43902439
2018-09;National;PARIS LYON;NIMES;177;264;2;;63;13.73280423;3.060687023;;57;36.51783626;9.045165394;;43;9.045165394;22;8;21.05263158;17.54385965;15.78947368;40.35087719;5.263157895;0.0
2018-09;National;DOUAI;PARIS NORD;82;189;0;;38;10.76929825;2.296560847;;50;17.43233333;5.445502646;"Secteur dominant des dérangements avec  l’arrachement caténaire entre Pierrefitte et St Denis le dimanche 23 qui  a été fortement pénalisant car il a été aggravé par un envahissement de personnes dans les emprises, 53 trains Voyages ont été concernés pour 2118 minutes perdues. Pour le reste il s’agit de dérangements de zones, d’appareils de voie ou de passages à niveau. Pour le secteur Nord,  l’incident du passage à niveau 149 à Arneke le dimanche 26 est marquant avec un vrai défaut technique, incident qui a coûté 9 TGV pour 81 minutes perdues.
Le premier secteur de l’irrégularité Matériel est classé sous la dénomination « autres incidents », en exemple le TGV 7000 du vendredi 07 qui génère un manque tension en sous station de Gonesse, avec présomption de rupture d’archet (11 Tgv concernés pour 142 minutes), le second secteur concerne directement tous les types de pannes (bloc moteur, portes, veille automatique, compresseur, etc.). Enfin la tension parc est apparente pour le secteur Produit train, avec une dominante de mises à quai tardives du chantier Landy à Paris Nord, il s’agit pour cette période d’une quinzaine de trains relevés avec conséquences sur la ponctualité du chantier Paris Nord. Les technicentres subissent aussi de gros aléas de casses TGV, en exemples le TGV 7385 qui heurte un véhicule à Esquelbecq (secteur Nord), rame immobilisée plusieurs semaines en réparation, ou le TGV 7169 qui heurte un Ter à Valenciennes dans le chantier de remisage.
Néanmoins, on  compte beaucoup sur le plan d’actions mené depuis début septembre au technicentre du Landy pour redresser la disponibilité des rames. Les effets positifs sur les restrictions se font déjà sentir!";14;5.445502646;8;3;6.666666667;37.77777778;40.0;13.33333333;2.222222222;0.0
2018-09;National;PARIS LYON;MONTPELLIER;209;260;2;;62;13.88897849;3.097416021;;49;43.59183673;8.909431525;Accident de personne à chevry, restitution tardive tx Heyrieux, déraillement bourreuse à Vénissieux, incendie sous station de manduel;49;8.909431525;24;8;20.40816327;18.36734694;16.32653061;40.81632653;4.081632653;0.0
2018-09;International;PARIS LYON;ITALIE;428;87;0;;21;31.43333333;7.334291188;;22;52.15909091;13.17816092;;22;13.17816092;13;5;0.0;45.45454545;13.63636364;31.81818182;4.545454545;4.545454545
2018-09;National;PARIS NORD;LILLE;63;543;7;;99;15.36952862;2.73289801;;96;19.94913194;3.940298507;;35;3.940298507;18;6;16.12903226;15.05376344;25.80645161;31.1827957;8.602150538;3.225806452
2018-09;National;MARNE LA VALLEE;MARSEILLE ST CHARLES;215;310;3;;146;12.99303653;6.280347448;;51;53.15718954;10.96775244;Accident de personne à chevry, restitution tardive tx Heyrieux, déraillement bourreuse à Vénissieux, incendie sous station de manduel;51;10.96775244;30;12;18.36734694;18.36734694;34.69387755;22.44897959;2.040816327;4.081632653
2018-09;National;BESANCON FRANCHE COMTE TGV;PARIS LYON;132;193;2;;29;8.734482759;0.947993019;;26;25.23653846;4.198429319;;18;4.198429319;5;1;7.692307692;34.61538462;26.92307692;23.07692308;7.692307692;0.0
2018-09;International;PARIS EST;STUTTGART;182;146;1;;28;9.180357143;1.75954023;;11;37.80606061;6.116666667;;11;6.116666667;4;2;20.0;10.0;20.0;50.0;0.0;0.0
2018-09;National;TOURS;PARIS MONTPARNASSE;80;182;0;;22;4.527272727;0.541575092;;41;14.25406504;4.275549451;"Ce mois-ci, l'OD a été touchée par les incidents suivants :
- le 4 : un rail cassé à l'entré de Paris-Montparnasse  nécessitant une limitation de vitesse sur la zone (60 TGV retardés pour 648 minutes perdues), 
- le 12 : une  aiguille défaillante à l'entrée de Paris-Montparnasse  nécessitant une limitation de vitesse (44 TGV retardés pour  364 minutes perdues) , 
- le 19 : un incident caténaire dans le tunnel de Massy (28 TGV pour 613 minutes perdues),  
- le 25 : un décontrôle d'aiguille vers St-Pierre-des-Corps empêche la circulation des TGV de la ligne à grande vitesse Atlantique vers la ligne à grande vitesse St-Pierre-des-Corps - Bordeaux ( 16 TGV pour 387 minutes perdues),  
- le 26 : un bagage abandonné dans un TGV à Paris-Montparnasse impose un périmètre de sécurité sur plusieurs voies de départ (11 TGV pour 174 minutes perdues), 
- le 27 : une défaillance matériel d'un TGV sur la ligne à grande vitesse Atlantique (25 TGV pour 602 minutes perdues).";11;4.275549451;4;1;0.0;28.57142857;42.85714286;14.28571429;14.28571429;0.0
2018-09;National;PARIS NORD;ARRAS;53;281;7;;44;13.72007576;2.068309002;;44;19.35909091;3.519282238;;18;3.519282238;8;1;18.60465116;18.60465116;27.90697674;18.60465116;16.27906977;0.0
2018-09;National;MONTPELLIER;PARIS LYON;206;308;3;;113;13.18156342;4.916885246;;40;62.50583333;8.77557377;Accident de personne à chevry, restitution tardive tx Heyrieux, déraillement bourreuse à Vénissieux, incendie sous station de manduel;40;8.77557377;27;13;38.46153846;30.76923077;12.82051282;10.25641026;5.128205128;2.564102564
2018-09;International;MARSEILLE ST CHARLES;MADRID;442;30;0;;6;3.511111111;0.741111111;;2;38.5;0.266666667;;2;0.266666667;2;0;50.0;0.0;50.0;0.0;0.0;0.0
2018-09;National;PARIS MONTPARNASSE;POITIERS;99;477;0;;65;7.058974359;0.644549266;;72;13.78634259;3.091055206;;22;3.091055206;4;0;3.703703704;42.59259259;27.77777778;24.07407407;0.0;1.851851852
2018-09;National;PARIS MONTPARNASSE;ST MALO;171;97;0;;4;4.279166667;-0.215120275;;2;18.875;-2.404295533;;1;-2.404295533;0;0;0.0;50.0;50.0;0.0;0.0;0.0
2018-09;National;LILLE;MARSEILLE ST CHARLES;307;182;3;;50;6.336333333;1.813687151;;36;38.94583333;10.47886406;;36;10.47886406;18;6;25.71428571;17.14285714;28.57142857;20.0;2.857142857;5.714285714
2018-09;National;LE CREUSOT MONTCEAU MONTCHANIN;PARIS LYON;82;214;0;;147;7.13877551;4.932398754;;46;15.37971014;2.947741433;;20;2.947741433;5;0;13.51351351;27.02702703;24.32432432;10.81081081;8.108108108;16.21621622
2018-09;National;PARIS EST;STRASBOURG;113;474;7;;75;11.94444444;1.815810136;;37;27.83153153;2.430835118;;30;2.430835118;10;2;21.62162162;13.51351351;5.405405405;59.45945946;0.0;0.0
2018-09;National;PARIS NORD;DOUAI;72;190;2;;26;13.36474359;1.62322695;;42;15.52698413;3.845921986;"Secteur dominant des dérangements avec  l’arrachement caténaire entre Pierrefitte et St Denis le dimanche 23 qui  a été fortement pénalisant car il a été aggravé par un envahissement de personnes dans les emprises, 53 trains Voyages ont été concernés pour 2118 minutes perdues. Pour le reste il s’agit de dérangements de zones, d’appareils de voie ou de passages à niveau. Pour le secteur Nord,  l’incident du passage à niveau 149 à Arneke le dimanche 26 est marquant avec un vrai défaut technique, incident qui a coûté 9 TGV pour 81 minutes perdues.
Le premier secteur de l’irrégularité Matériel est classé sous la dénomination « autres incidents », en exemple le TGV 7000 du vendredi 07 qui génère un manque tension en sous station de Gonesse, avec présomption de rupture d’archet (11 Tgv concernés pour 142 minutes), le second secteur concerne directement tous les types de pannes (bloc moteur, portes, veille automatique, compresseur, etc.). Enfin la tension parc est apparente pour le secteur Produit train, avec une dominante de mises à quai tardives du chantier Landy à Paris Nord, il s’agit pour cette période d’une quinzaine de trains relevés avec conséquences sur la ponctualité du chantier Paris Nord. Les technicentres subissent aussi de gros aléas de casses TGV, en exemples le TGV 7385 qui heurte un véhicule à Esquelbecq (secteur Nord), rame immobilisée plusieurs semaines en réparation, ou le TGV 7169 qui heurte un Ter à Valenciennes dans le chantier de remisage.
Néanmoins, on  compte beaucoup sur le plan d’actions mené depuis début septembre au technicentre du Landy pour redresser la disponibilité des rames. Les effets positifs sur les restrictions se font déjà sentir!";12;3.845921986;6;1;10.52631579;26.31578947;31.57894737;18.42105263;13.15789474;0.0
2018-09;National;LILLE;LYON PART DIEU;190;259;3;;97;8.027491409;3.095377604;;36;28.95185185;5.805598958;;28;5.805598958;13;4;18.18181818;12.12121212;27.27272727;27.27272727;6.060606061;9.090909091
2018-09;National;TOURCOING;BORDEAUX ST JEAN;285;30;0;;5;7.2;1.2;;3;23.02222222;3.029444444;;3;3.029444444;0;0;33.33333333;0.0;33.33333333;0.0;0.0;33.33333333
2018-09;National;BELLEGARDE (AIN);PARIS LYON;163;229;1;;71;6.468075117;2.079385965;;26;24.08076923;2.950146199;;18;2.950146199;4;1;13.63636364;27.27272727;40.90909091;9.090909091;9.090909091;0.0
2018-09;National;GRENOBLE;PARIS LYON;183;235;0;;35;7.6;1.131914894;;34;30.92795699;5.480425532;;34;5.480425532;15;4;16.12903226;25.80645161;25.80645161;19.35483871;6.451612903;6.451612903
2018-09;National;PARIS LYON;NICE VILLE;348;208;2;;53;11.64025157;2.745711974;;31;36.7016129;7.566100324;;31;7.566100324;14;5;32.25806452;19.35483871;12.90322581;29.03225806;3.225806452;3.225806452
2018-09;National;NIMES;PARIS LYON;176;310;3;;195;10.53162393;6.807600434;;53;50.32421384;8.786319218;Accident de personne à chevry, restitution tardive tx Heyrieux, déraillement bourreuse à Vénissieux, incendie sous station de manduel;41;8.786319218;27;13;30.76923077;28.84615385;17.30769231;13.46153846;3.846153846;5.769230769
2018-09;International;GENEVE;PARIS LYON;194;220;1;;152;2.880592105;2.00304414;;18;29.08333333;3.051598174;;17;3.051598174;4;1;21.42857143;35.71428571;28.57142857;7.142857143;7.142857143;0.0
2018-09;National;LILLE;PARIS NORD;63;529;5;;127;7.834120735;1.837340967;;95;15.01070175;3.024173028;;17;3.024173028;8;4;8.333333333;17.85714286;34.52380952;27.38095238;7.142857143;4.761904762
2018-09;National;PARIS MONTPARNASSE;ANGERS SAINT LAUD;96;375;1;;41;8.581707317;0.581283422;;48;20.14756944;3.850222816;;28;3.850222816;9;1;20.93023256;32.55813953;20.93023256;18.60465116;4.651162791;2.325581395
2018-09;National;ANGOULEME;PARIS MONTPARNASSE;130;262;0;;127;5.837664042;2.886768448;;47;18.05106383;4.893002545;;15;4.893002545;6;1;10.86956522;36.95652174;32.60869565;10.86956522;0.0;8.695652174
2018-09;National;BORDEAUX ST JEAN;PARIS VAUGIRARD;139;54;0;;7;8.454761905;0.97962963;;3;42.39444444;2.791666667;Soin matériel roulant, ralentissement forfaitaire, attente execution service voy, intervention SUGE, obstacle sur voies;3;2.791666667;1;1;33.33333333;33.33333333;0.0;33.33333333;0.0;0.0
2018-09;National;BORDEAUX ST JEAN;PARIS MONTPARNASSE;146;784;1;;281;8.149051008;2.778097063;;107;23.91619938;5.154661558;;66;5.154661558;24;3;15.15151515;39.39393939;20.2020202;15.15151515;6.060606061;4.04040404
2018-09;National;PARIS MONTPARNASSE;LAVAL;89;206;0;;15;6.712222222;0.149595469;;7;9.911904762;2.421278317;;4;2.421278317;0;0;0.0;25.0;25.0;50.0;0.0;0.0
2018-09;National;MARSEILLE ST CHARLES;MARNE LA VALLEE;214;300;2;;68;21.47058824;4.780033557;;44;50.26893939;8.321420582;Accident de personne à chevry, restitution tardive tx Heyrieux, déraillement bourreuse à Vénissieux, incendie sous station de manduel;44;8.321420582;18;12;15.90909091;18.18181818;34.09090909;27.27272727;4.545454545;0.0
2018-09;International;PARIS LYON;GENEVE;193;201;0;;42;12.86150794;2.469983416;;21;43.87460317;3.89933665;;20;3.89933665;9;2;5.882352941;5.882352941;23.52941176;58.82352941;5.882352941;0.0
2018-09;National;LA ROCHELLE VILLE;PARIS MONTPARNASSE;171;214;0;;12;8.833333333;0.495327103;;25;20.70266667;4.255841121;;12;4.255841121;3;1;12.0;32.0;32.0;8.0;12.0;4.0
2018-10;National;LE MANS;PARIS MONTPARNASSE;64;395;3;;255;6.46254902;4.318069728;;114;12.92236842;4.310671769;"Ce mois-ci, l'OD a été touchée par les incidents suivants :
- le 5 : un incendie aux abords  des voies à Montfort le Genois (13 TGV retardés pour 238 minutes perdues), 
- le 10 : une défaillance électrique entre Massy et Marcoussis (23 TGV retardés pour  308 minutes perdues) , 
- le 11 : une restitution tardive de travaux suite à la panne d'un train de travaux sur la ligne à grande vitesse Atlantique (21 TGV pour 431 minutes perdues),  
- le 14 : une personne dans les voies à Rennes est électrisée (15 TGV pour 291 minutes perdues), 
- le 15 : une personne dans les voies à St-Cyr  du Gaultsur la ligne à grande vitesse Atlantique nécessite l'interruption des circulations ( 32 TGV pour 620 minutes perdues),
- le 16 : évacuation de la gare de Rennes pour une forte odeur de gaz (17 TGV pour 1112 minutes perdues),
- le 24 : un défaut d'alimentation électrique sur la ligne à grande vitesse Atlantique (40 TGV pour 1025 minutes perdues).";23;4.310671769;7;2;6.097560976;30.48780488;31.70731707;17.07317073;8.536585366;6.097560976
2018-10;National;DOUAI;PARIS NORD;78;208;2;;54;7.504320988;2.136650485;;41;17.53292683;4.198624595;;14;4.198624595;3;3;2.941176471;32.35294118;44.11764706;17.64705882;2.941176471;0.0
2018-10;International;PARIS LYON;BARCELONA;387;65;3;;13;28.44102564;5.760752688;;17;48.70588235;15.90322581;;17;15.90322581;7;5;58.82352941;29.41176471;0.0;5.882352941;0.0;5.882352941
2018-10;National;BORDEAUX ST JEAN;PARIS MONTPARNASSE;146;797;2;;230;9.200869565;2.5460587;;117;23.99458689;5.016708595;;66;5.016708595;22;6;15.31531532;36.03603604;27.02702703;10.81081081;7.207207207;3.603603604
2018-10;National;NANTES;STRASBOURG;306;37;0;;15;8.452222222;3.489189189;;8;32.33125;8.773873874;"01/10 : 5478?Dérangement sémaphore à Doyen (15‘)
06/10 : 5478?Espacement suite soin matériel roulant (7’)
08/10 : 5478?Heurt d’animal (40’)
10/10 : 5478?LTV inopinée à Montfort (15’)
16/10 : 5478?Restitution tardive de travaux entre Nantes et Vertou (17’)
17/10 : 5478?Heurt animal (79’)
19/10 : 5478?Dérangement sémaphore (19’) + signal d’alarme (7’)
24/10 : 5478?Vitesse limitée entre Montfort et Connérré (20’)
29/10 : 5478?Non ouverture de signal (15’) + incident sémaphore (6’) + signal d’alarme à Rouen (6’) 
31/10 : 5478?Défaut d’alimentation à Rouvray (17’)";8;8.773873874;4;1;12.5;50.0;25.0;12.5;0.0;0.0
2018-10;National;PARIS LYON;CHAMBERY CHALLES LES EAUX;181;173;1;;45;13.90851852;3.444282946;;42;33.52698413;10.08992248;;30;10.08992248;17;5;12.19512195;17.07317073;41.46341463;21.95121951;7.317073171;0.0
2018-10;National;PARIS MONTPARNASSE;ANGERS SAINT LAUD;99;359;1;;29;8.433908046;0.287290503;;43;19.98255814;3.50339851;;21;3.50339851;6;2;10.52631579;47.36842105;13.15789474;21.05263158;2.631578947;5.263157895
2018-10;National;LE CREUSOT MONTCEAU MONTCHANIN;PARIS LYON;81;221;0;;157;7.146602972;5.071719457;;51;20.64411765;4.380618401;;15;4.380618401;8;4;9.756097561;14.63414634;34.14634146;14.63414634;14.63414634;12.19512195
2018-10;National;ANGERS SAINT LAUD;PARIS MONTPARNASSE;99;373;0;;196;4.824064626;2.669571046;;47;17.8751773;3.784182306;;20;3.784182306;6;1;6.976744186;34.88372093;32.55813953;18.60465116;2.325581395;4.651162791
2018-10;National;PARIS MONTPARNASSE;POITIERS;99;470;0;;57;6.845614035;0.472907801;;58;16.31149425;3.556134752;;23;3.556134752;6;0;14.89361702;31.91489362;29.78723404;12.76595745;4.255319149;6.382978723
2018-10;National;QUIMPER;PARIS MONTPARNASSE;228;244;1;;22;5.76969697;0.531481481;;26;31.90641026;5.709533608;;26;5.709533608;8;2;20.0;32.0;0.0;44.0;4.0;0.0
2018-10;National;BREST;PARIS MONTPARNASSE;231;270;2;;11;10.29090909;0.425373134;;29;33.12816092;5.79608209;;29;5.79608209;9;3;19.23076923;34.61538462;7.692307692;38.46153846;0.0;0.0
2018-10;National;PARIS MONTPARNASSE;QUIMPER;227;240;1;;32;10.23854167;0.927196653;;22;59.15909091;6.514644351;"Ce mois-ci, l'OD a été touchée par les incidents suivants :
- le 5 : un incendie aux abords  des voies à Montfort le Genois (13 TGV retardés pour 238 minutes perdues), 
- le 10 : une défaillance électrique entre Massy et Marcoussis (23 TGV retardés pour  308 minutes perdues), 
- le 11 : une restitution tardive de travaux suite à la panne d'un train de travaux sur la ligne à grande vitesse Atlantique (21 TGV pour 431 minutes perdues),  
- le 14 : une personne dans les voies à Rennes est électrisée (15 TGV pour 291 minutes perdues), 
- le 15 : une personne  dans les voies à St-Cyr  du Gaultsur la ligne à grande vitesse Atlantique nécessite l'interruption des circulations ( 32 TGV pour 620 minutes perdues),
- le 16 : évacuation de la gare de Rennes pour une forte odeur de gaz (17 TGV pour 1112 minutes perdues),
- le 24 : un défaut d'alimentation électrique sur la ligne à grande vitesse Atlantique (40 TGV pour 1025 minutes perdues).";22;6.514644351;13;7;50.0;18.18181818;0.0;18.18181818;13.63636364;0.0
2018-10;National;ST PIERRE DES CORPS;PARIS MONTPARNASSE;67;390;0;;244;7.132855191;4.557905983;;150;13.52622222;5.780940171;"Ce mois-ci, l'OD a été touchée par les incidents suivants :
- le 9 : une restitution tardive de travaux  à St-Pierre-des-Corps (13 TGV retardés pour 101 minutes perdues), 
- le 10 : une défaillance électrique entre Massy et Marcoussis (23 TGV retardés pour  308 minutes perdues) , 
- le 11 : une restitution tardive de travaux suite à la panne d'un train de travaux sur la ligne à grande vitesse Atlantique (21 TGV pour 431 minutes perdues),  
- le 15 : une personne dans les voies à St-Cyr  du Gaultsur la ligne à grande vitesse Atlantique nécessite l'interruption des circulations ( 32 TGV pour 620 minutes perdues),  
- le 23 : une  défaillance matériel d'un TGV entre Poitiers et Angoulême (16 TGV pour 131 minutes perdues),
- le 24 : un défaut d'alimentation électrique sur la ligne à grande vitesse Atlantique (40 TGV pour 1025 minutes perdues).";40;5.780940171;8;1;9.900990099;39.6039604;31.68316832;9.900990099;4.95049505;3.96039604
2018-10;National;LYON PART DIEU;MARSEILLE ST CHARLES;103;482;3;;257;11.61076524;6.349965205;;115;32.36666667;9.27414753;;94;9.27414753;34;13;14.41441441;23.42342342;32.43243243;15.31531532;9.90990991;4.504504505
2018-10;National;PARIS NORD;DOUAI;66;191;2;;31;15.16774194;2.30696649;;35;24.38;4.103791887;;17;4.103791887;8;3;18.18181818;24.24242424;33.33333333;18.18181818;3.03030303;3.03030303
2018-10;National;PARIS LYON;BESANCON FRANCHE COMTE TGV;129;177;2;;23;12.18333333;1.340190476;;19;30.34385965;5.263619048;;14;5.263619048;5;3;26.31578947;15.78947368;15.78947368;21.05263158;15.78947368;5.263157895
2018-10;National;PARIS NORD;ARRAS;49;278;4;;47;12.13794326;1.925304136;;43;23.48565891;4.360462287;;20;4.360462287;10;3;18.60465116;25.58139535;23.25581395;20.93023256;9.302325581;2.325581395
2018-10;International;PARIS LYON;GENEVE;194;211;0;;28;8.700595238;0.856082148;;16;32.63229167;1.635150079;;16;1.635150079;7;2;18.75;50.0;12.5;18.75;0.0;0.0
2018-10;National;LYON PART DIEU;PARIS LYON;120;609;1;;377;5.669186561;3.607894737;;83;30.02228916;4.776644737;;46;4.776644737;22;12;16.25;25.0;28.75;13.75;11.25;5.0
2018-10;National;PARIS LYON;MARSEILLE ST CHARLES;198;463;4;;72;19.4275463;2.716049383;;73;42.85205479;8.514923747;2 accidents de personne, 2 LTV impactantes Lapeyrouse et Venissieux, 3 incidents marériel important sur LN1, 3 dérangements (aiguillage et caténaire) sur LN1, une alerte vent violent à lapalud;73;8.514923747;38;15;24.65753425;27.39726027;10.95890411;34.24657534;2.739726027;0.0
2018-10;National;PARIS LYON;MONTPELLIER;212;238;9;;43;14.94418605;2.473435226;;36;44.10416667;8.54286754;2 accidents de personne, 2 LTV impactantes Lapeyrouse et Venissieux, 3 incidents marériel important sur LN1, 3 dérangements (aiguillage et caténaire) sur LN1, une alerte vent violent à lapalud;36;8.54286754;21;8;28.125;34.375;3.125;21.875;12.5;0.0
2018-10;National;PARIS LYON;TOULON;238;209;5;;40;13.63125;2.342728758;;33;37.55858586;7.154493464;;33;7.154493464;16;4;27.27272727;12.12121212;12.12121212;39.39393939;6.060606061;3.03030303
2018-10;National;NANTES;PARIS MONTPARNASSE;135;494;2;;157;5.308704883;1.66046748;;61;23.20218579;4.683401084;;30;4.683401084;12;4;8.196721311;31.14754098;36.06557377;19.67213115;1.639344262;3.278688525
2018-10;National;POITIERS;PARIS MONTPARNASSE;100;434;0;;240;5.961805556;3.258141321;;112;16.14196429;5.428801843;"Ce mois-ci, l'OD a été touchée par les incidents suivants :
- le 9 : une restitution tardive de travaux  à St-Pierre-des-Corps (13 TGV retardés pour 101 minutes perdues), 
- le 10 : une défaillance électrique entre Massy et Marcoussis (23 TGV retardés pour  308 minutes perdues) , 
- le 11 : une restitution tardive de travaux suite à la panne d'un train de travaux sur la ligne à grande vitesse Atlantique (21 TGV pour 431 minutes perdues),  
- le 15 : une personne  dans les voies à St-Cyr  du Gault sur la ligne à grande vitesse Atlantique nécessite l'interruption des circulations ( 32 TGV pour 620 minutes perdues),  
- le 23 : une  défaillance matériel d'un TGV entre Poitiers et Angoulême (16 TGV pour 131 minutes perdues).
- le 24 : un défaut d'alimentation électrique sur la ligne à grande vitesse Atlantique (40 TGV pour 1025 minutes perdues).";41;5.428801843;8;1;9.677419355;39.78494624;29.03225806;10.75268817;3.225806452;7.52688172
2018-10;National;TOULON;PARIS LYON;238;235;3;;121;10.5815427;5.601939655;;50;45.126;10.80998563;2 accidents de personne, 2 LTV impactantes Lapeyrouse et Venissieux, 3 incidents marériel important sur LN1, 3 dérangements (aiguillage et caténaire) sur LN1, une alerte vent violent à lapalud;50;10.80998563;29;8;24.0;28.0;28.0;20.0;0.0;0.0
2018-10;National;BORDEAUX ST JEAN;PARIS VAUGIRARD;139;59;0;;9;21.14814815;3.150564972;;6;64.61111111;6.684463277;;4;6.684463277;2;2;16.66666667;16.66666667;16.66666667;50.0;0.0;0.0
2018-10;International;MADRID;MARSEILLE ST CHARLES;374;31;1;;16;8.6875;3.966666667;;7;44.35;14.46888889;;7;14.46888889;5;1;0.0;85.71428571;0.0;14.28571429;0.0;0.0
2018-10;National;VANNES;PARIS MONTPARNASSE;161;272;2;;120;4.902361111;2.192777778;;42;26.59126984;5.920617284;;28;5.920617284;11;2;14.63414634;29.26829268;12.19512195;31.70731707;9.756097561;2.43902439
2018-10;National;BESANCON FRANCHE COMTE TGV;PARIS LYON;131;197;2;;28;6.344642857;0.692393162;;20;26.38666667;3.754102564;;12;3.754102564;4;2;15.0;20.0;40.0;10.0;15.0;0.0
2018-10;International;ZURICH;PARIS LYON;247;141;0;;73;1.633105023;1.224113475;;2;27.79166667;1.338179669;;2;1.338179669;1;0;0.0;0.0;50.0;0.0;0.0;50.0
2018-10;International;MARSEILLE ST CHARLES;MADRID;452;32;1;;10;13.59166667;4.465591398;;8;49.625;12.77419355;;8;12.77419355;6;2;37.5;37.5;12.5;12.5;0.0;0.0
2018-10;National;PARIS LYON;BELLEGARDE (AIN);160;202;0;;25;8.779333333;0.778135314;;34;24.32058824;5.620379538;;24;5.620379538;9;2;14.70588235;35.29411765;32.35294118;11.76470588;2.941176471;2.941176471
2018-10;National;MONTPELLIER;PARIS LYON;206;320;13;;120;17.15402778;6.747828447;;60;68.28777778;14.44983713;2 accidents de personne, 2 LTV impactantes Lapeyrouse et Venissieux, 3 incidents marériel important sur LN1, 3 dérangements (aiguillage et caténaire) sur LN1, une alerte vent violent à lapalud;60;14.44983713;36;20;35.0;40.0;13.33333333;6.666666667;5.0;0.0
2018-10;International;PARIS LYON;ITALIE;427;96;1;;27;15.21358025;4.097192982;;21;62.19047619;13.34210526;;21;13.34210526;10;6;20.0;5.0;35.0;35.0;5.0;0.0
2018-10;National;ST MALO;PARIS MONTPARNASSE;175;92;2;;11;16.86969697;2.143888889;;12;28.74305556;5.575555556;;10;5.575555556;3;1;0.0;16.66666667;8.333333333;41.66666667;25.0;8.333333333
2018-10;National;MACON LOCHE;PARIS LYON;100;202;1;;153;11.60501089;8.851824212;;41;33.57601626;7.412437811;;25;7.412437811;12;5;19.51219512;26.82926829;34.14634146;14.63414634;4.87804878;0.0
2018-10;National;PARIS MONTPARNASSE;NANTES;132;482;1;;44;7.46780303;0.356687457;;50;23.84166667;4.137040887;;27;4.137040887;10;4;18.0;42.0;20.0;12.0;0.0;8.0
2018-10;National;PARIS LYON;ANNECY;225;186;0;;44;11.58522727;2.618100358;;30;37.71666667;8.532258065;;30;8.532258065;14;4;31.03448276;13.79310345;44.82758621;6.896551724;3.448275862;0.0
2018-10;National;MARSEILLE ST CHARLES;TOURCOING;298;29;1;;4;2.379166667;-0.080952381;;5;80.4;16.85714286;2 accidents de personne, 2 LTV impactantes Lapeyrouse et Venissieux, 3 incidents marériel important sur LN1, 3 dérangements (aiguillage et caténaire) sur LN1, une alerte vent violent à lapalud;5;16.85714286;3;3;20.0;60.0;20.0;0.0;0.0;0.0
2018-10;National;GRENOBLE;PARIS LYON;183;236;0;;37;3.381531532;0.532062147;;22;51.70984848;6.33700565;2 accidents de personne, 2 LTV impactantes Lapeyrouse et Venissieux, 3 incidents marériel important sur LN1, 3 dérangements (aiguillage et caténaire) sur LN1;22;6.33700565;13;8;27.27272727;22.72727273;22.72727273;13.63636364;13.63636364;0.0
2018-10;National;PARIS LYON;NIMES;177;262;9;;47;16.98723404;2.838339921;;50;36.02933333;8.307312253;;39;8.307312253;20;9;23.91304348;23.91304348;10.86956522;32.60869565;8.695652174;0.0
2018-10;International;PARIS EST;STUTTGART;188;152;2;;22;12.19090909;1.785777778;;14;40.88214286;7.344777778;;14;7.344777778;9;2;14.28571429;14.28571429;14.28571429;50.0;7.142857143;0.0
2018-10;National;PARIS MONTPARNASSE;ST MALO;173;92;0;;11;7.734848485;0.463405797;;5;30.07333333;0.127717391;;5;0.127717391;1;1;40.0;0.0;0.0;40.0;20.0;0.0
2018-10;National;TOULOUSE MATABIAU;PARIS MONTPARNASSE;263;179;2;;17;10.88235294;0.651318267;;24;46.08125;7.840112994;"Ce mois-ci, l'OD a été touchée par les incidents suivants :
- du 1er au 12 octobre : une limitation de vitesse entre Montauban et Agen suite à des travaux sur la zone (14 TGV pour 286 minutes perdues),
- le 10 : une  absence de défaillance électrique entre Massy et Marcoussis (23 TGV retardés pour  308 minutes perdues) , 
- le 11 : une restitution tardive de travaux suite à la panne d'un train de travaux sur la ligne à grande vitesse Atlantique (21 TGV pour 431 minutes perdues),  
- le 15 : une personne dans les voies à St-Cyr  du Gaultsur la ligne à grande vitesse Atlantique nécessite l'interruption des circulations ( 32 TGV pour 620 minutes perdues),  
- le 24 : un défaut d'alimentation électrique sur la ligne à grande vitesse Atlantique (40 TGV pour 1025 minutes perdues).";24;7.840112994;11;5;20.83333333;41.66666667;16.66666667;12.5;8.333333333;0.0
2018-10;National;PARIS NORD;DUNKERQUE;114;263;3;;52;13.67339744;2.508974359;;31;45.16129032;5.911538462;;20;5.911538462;14;5;23.33333333;20.0;3.333333333;50.0;3.333333333;0.0
2018-10;National;PARIS VAUGIRARD;BORDEAUX ST JEAN;170;56;0;;5;2.03;-0.308035714;;2;10.15833333;0.406547619;;0;0.406547619;0;0;0.0;50.0;50.0;0.0;0.0;0.0
2018-10;National;MARNE LA VALLEE;MARSEILLE ST CHARLES;214;290;1;;141;10.36394799;5.168512111;;49;43.21564626;9.60899654;2 accidents de personne, 2 LTV impactantes Lapeyrouse et Venissieux, 3 incidents marériel important sur LN1, 3 dérangements (aiguillage et caténaire) sur LN1, une alerte vent violent à lapalud;49;9.60899654;19;9;24.48979592;20.40816327;24.48979592;18.36734694;8.163265306;4.081632653
2018-10;National;MONTPELLIER;LYON PART DIEU;112;301;31;;88;19.89147727;6.582716049;;76;39.45942982;14.63925926;;56;14.63925926;29;16;40.0;22.66666667;30.66666667;5.333333333;1.333333333;0.0
2018-10;National;LYON PART DIEU;MONTPELLIER;118;299;29;;176;10.49422348;6.916296296;;84;33.43789683;11.89932099;;52;11.89932099;29;14;13.75;21.25;42.5;10.0;3.75;8.75
2018-10;National;PARIS LYON;AVIGNON TGV;160;458;2;;70;19.59047619;2.654788012;;88;34.54602273;7.025694444;;67;7.025694444;31;12;19.76744186;23.25581395;12.79069767;39.53488372;3.488372093;1.162790698
2018-10;National;PARIS LYON;DIJON VILLE;96;403;3;;58;20.07212644;2.640291667;;44;37.81969697;4.706541667;;34;4.706541667;17;6;13.95348837;9.302325581;11.62790698;55.81395349;6.976744186;2.325581395
2018-10;National;PARIS LYON;SAINT ETIENNE CHATEAUCREUX;168;112;2;;11;5.687878788;-0.005606061;;13;19.66153846;3.965606061;;9;3.965606061;2;0;7.692307692;30.76923077;15.38461538;15.38461538;30.76923077;0.0
2018-10;National;LILLE;PARIS NORD;63;583;6;;156;8.27275641;2.189399191;;79;20.68248945;2.810600809;;31;2.810600809;12;6;12.32876712;30.1369863;23.28767123;20.54794521;12.32876712;1.369863014
2018-10;National;LILLE;LYON PART DIEU;190;252;1;;92;6.558876812;2.477224436;;38;38.75657895;7.201593625;;32;7.201593625;15;6;16.21621622;24.32432432;24.32432432;21.62162162;10.81081081;2.702702703
2018-10;National;PERPIGNAN;PARIS LYON;302;156;11;;51;9.183660131;3.300114943;;26;80.69294872;15.91390805;2 accidents de personne, 2 LTV impactantes Lapeyrouse et Venissieux, 3 incidents marériel important sur LN1, 3 dérangements (aiguillage et caténaire) sur LN1, une alerte vent violent à lapalud;26;15.91390805;19;11;34.61538462;50.0;7.692307692;7.692307692;0.0;0.0
2018-10;International;FRANCFORT;PARIS EST;226;178;0;;64;5.680208333;2.331460674;;26;30.3974359;6.877996255;;26;6.877996255;11;2;36.0;8.0;12.0;20.0;12.0;12.0
2018-10;National;MULHOUSE VILLE;PARIS LYON;171;314;2;;154;5.643290043;2.790651709;;32;21.8234375;2.982692308;;15;2.982692308;5;2;14.28571429;14.28571429;39.28571429;10.71428571;10.71428571;10.71428571
2018-10;International;LAUSANNE;PARIS LYON;222;140;0;;102;3.689215686;2.777380952;;9;53.1462963;3.883809524;;9;3.883809524;5;4;11.11111111;44.44444444;33.33333333;11.11111111;0.0;0.0
2018-10;National;ARRAS;PARIS NORD;51;330;4;;123;7.070189702;2.881850716;;71;19.09882629;4.792791411;"l’incident caténaire de Fresnoy ce jeudi 11  en début d’après-midi a perturbé fortement le plan de transport, avec  un pendule qui casse et la  caténaire qui se détend sur  1500 mètres. Cet incident a concerné 57 TGV Voyages pour 2439 minutes perdues (147 trains et 3848 min au total), et un coût de 1,5 point  pour la régularité composite mensuelle.
L’autre évènement phare du mois s’est déroulé le dernier dimanche avec le heurt d’un sanglier par le TGV 7187 à Fresnoy, un incident très coûteux en régularité car il a touché 32 Tgv Voyages pour 2036 minutes perdues,  et en totalité 67 trains pour 3529 minutes. Le prix en matière de régularité composite pour ce heurt d’animal précité correspond aussi à 1,5 point.
le « Matériel » pointe avec 3,3% . La répartition est de l’ordre de deux points pour le secteur des « soin engin » ou incidents techniques, et d’un point pour les mises à quai tardives essentiellement à Paris Nord en lien avec la tension Parc toujours d’actualité.";25;4.792791411;6;5;10.0;31.66666667;41.66666667;13.33333333;3.333333333;0.0
2018-10;International;GENEVE;PARIS LYON;194;232;0;;149;3.193736018;2.311997126;;20;35.525;3.47737069;;20;3.47737069;7;4;15.0;50.0;25.0;0.0;10.0;0.0
2018-10;National;REIMS;PARIS EST;46;201;0;;65;11.23282051;3.736401327;;51;19.28366013;5.968988391;"01/10 : LTV Amagne?2722 (13’), 2714 (6’)
02/10 : 2714?Restitution tardive des travaux à Pantin (23’) + LTV Amagne (6’)
03/10 : Malaise voyageur à Bondy? 2714 (17’), 2712 (11’) + 2784?Prise en charge VACMA (21’)
04/10 : Accident de personne à Bondy? 2760 (19’), 2752 (37’), 2784 (15’) + 2714?LTV Amagne (11’)
05/10 : Accident de personne à Gagny? 2722 (33’), 2738 (10’) + LTV Amagne? 2714 (22’), 2722 (7’) + 2712? Pb porte au départ (18’) + 2778?Dérangement installation à Noisy (8‘)
06/10 : LTV Amagne? 2720(8’), 2726 (7’) 
07/10 : 2766? défaut technique à Amagne (57’) + Impact LTV (6’)
08/10 : 2714? LTV Amagne (15’) + 2778? Erreur de direction à St Hilaire (7’)
09/10 : 2784? Pb migrants dans le train (9’) + 2738?Utilisation de la RAD à PE (13’)
10/10 : 2722? LTV Amagne (13’)
11/10 : 2714? Enrayage à Amagne (12’) et LTV Amagne (9’) 
12/10 : 2752? Arrêt exceptionnel à CGV (7’) + 2722? Personne dans les voies à Rosa Parks (25’) + 2738? Dérangement installation à Reims (95’) + 2714? LTV Amagne (14’)
14/10 : LTV Amagne? 2754 (7’), 2766 (15’), 2720 (10’)
15/10 : 2714? Enrayage à Rethel (22’) + 2722? LTV Amagne (6’)
16/10 : 2714? LTV Amagne (9’)
17/10 : 2760? Accident de personne à Noisy (110’) + LTV Amagne? 2722 (7’), 2714 (10’)
18/10 : Accident de personne à Noisy? 2714 (8’), 2712 (22’) + 2722?LTV Amagne (6’) + 2778? décontrôle aiguille (7’)
19/10 : 2714? LTV Amagne (12’)
20/10 : 2720? LTV Amagne (14’)
21/10 : 2766? LTV Amagne (10‘)
23/10 : 2714?LTV Amagne (10‘)
24/10 : 2714? LTV Amagne (8‘)
25/10 : 2752?Csq détention incendie sur 2743 (69’) + 2722? Demande de secours à Reims (83’) + 2712V Pb disjonction à l’entrée LGV à Reims (8‘) + 2714? LTV Amagne (15‘)
26/10 : 2738? Pb électrique à Reims, part US au lieu UM (78’) + LTV Amagne? 2714 (12‘), 2722 (6‘)
27/10 : 2720?TGV reçu sur voie occupée (15’) + 2784?Prise en charge KVB (10’)
28/10 : 2720? LTV Amagne (6’)
30/10 : 2714? Soin matériel roulant à Amagne (45‘)
31/10 : 2714? LTV Amagne (6’)
?";17;5.968988391;8;5;4.347826087;54.34782609;17.39130435;15.2173913;4.347826087;4.347826087
2018-10;National;NANTES;PARIS VAUGIRARD;145;61;0;;20;10.40166667;3.310382514;;11;23.81818182;6.09863388;;3;6.09863388;2;1;18.18181818;9.090909091;54.54545455;9.090909091;9.090909091;0.0
2018-10;National;VALENCE ALIXAN TGV;PARIS LYON;132;275;8;;179;16.08379888;10.82946317;;60;51.94138889;11.80012484;2 accidents de personne, 2 LTV impactantes Lapeyrouse et Venissieux, 3 incidents marériel important sur LN1, 3 dérangements (aiguillage et caténaire) sur LN1, une alerte vent violent à lapalud;49;11.80012484;28;14;30.0;38.33333333;16.66666667;8.333333333;6.666666667;0.0
2018-10;National;PARIS NORD;LILLE;62;594;9;;99;12.67222222;2.030740741;;76;29.21732456;4.227891738;;36;4.227891738;19;10;21.05263158;21.05263158;17.10526316;26.31578947;11.84210526;2.631578947
2018-10;International;PARIS LYON;ZURICH;243;147;0;;26;22.97820513;3.850113379;;30;43.35388889;11.31995465;;30;11.31995465;19;7;20.0;6.666666667;20.0;36.66666667;10.0;6.666666667
2018-10;National;PARIS MONTPARNASSE;LAVAL;90;201;0;;26;5.232692308;0.316749585;;17;14.15882353;2.9;;6;2.9;1;0;15.38461538;23.07692308;23.07692308;30.76923077;7.692307692;0.0
2018-10;National;PARIS EST;NANCY;95;279;3;;40;14.72041667;2.030253623;;16;23.73020833;2.335567633;;15;2.335567633;7;3;18.75;25.0;18.75;31.25;6.25;0.0
2018-10;National;PARIS EST;STRASBOURG;113;451;4;;63;13.36587302;1.791909023;;27;32.92469136;2.018456376;;22;2.018456376;8;4;19.23076923;19.23076923;3.846153846;46.15384615;11.53846154;0.0
2018-10;National;PARIS MONTPARNASSE;LA ROCHELLE VILLE;171;211;0;;27;5.880246914;0.453317536;;14;22.71428571;2.81042654;;12;2.81042654;3;0;7.142857143;50.0;14.28571429;14.28571429;0.0;14.28571429
2018-10;National;PARIS MONTPARNASSE;TOURS;78;174;0;;18;10.13055556;0.546072797;;31;13.29139785;3.23697318;;9;3.23697318;3;0;19.04761905;19.04761905;14.28571429;38.0952381;9.523809524;0.0
2018-10;National;STRASBOURG;NANTES;288;38;0;;11;1.843939394;0.435526316;;9;31.18333333;9.849122807;"02/10 : 5488? Incident caténaire (6’)
05/10 : 5488?Affluence voyageurs à Lorraine (26‘)
09/10 : 5488?Retard autre réseau (25‘)
11/10 : 5488?Retard autre réseau (30‘)
12/10 : 5488?Heurt animal à Noyen (22‘) + Dérangement installation à Reims (33’) + 5487?Colis suspect à Roissy (19’) 
15/10 : 5488? Personne dans les voies à Voivres + incident porte (23’) 
16/10 : 5488?Retard autre réseau (15’)
19/10 : 5488?Contrôle PAF à FB (9’)
21/10 : 5488? 1 BM isolé (22’)
25/10 : 5488? Détection incendie à Beuvardes (33’)
28/10 : 5488? Choc animal à Voivres (21’) + Attente service voyageur à Lorraine (15’)
30/10 : 5488?1 BM isolé (21’)
31/10 : 5488? Attente ADC + soin matériel roulant (26‘)";9;9.849122807;4;0;22.22222222;33.33333333;11.11111111;22.22222222;0.0;11.11111111
2018-10;National;LYON PART DIEU;LILLE;187;261;3;;222;12.0533033;10.42758398;;81;35.57098765;13.6120801;"l’incident caténaire de Fresnoy ce jeudi 11  en début d’après-midi a perturbé fortement le plan de transport, avec  un pendule qui casse et la  caténaire qui se détend sur  1500 mètres. Cet incident a concerné 57 TGV Voyages pour 2439 minutes perdues (147 trains et 3848 min au total), et un coût de 1,5 point  pour la régularité composite mensuelle.
L’autre évènement phare du mois s’est déroulé le dernier dimanche avec le heurt d’un sanglier par le TGV 7187 à Fresnoy, un incident très coûteux en régularité car il a touché 32 Tgv Voyages pour 2036 minutes perdues,  et en totalité 67 trains pour 3529 minutes. Le prix en matière de régularité composite pour ce heurt d’animal précité correspond aussi à 1,5 point.";73;13.6120801;23;10;23.45679012;25.92592593;34.56790123;4.938271605;7.407407407;3.703703704
2018-10;National;MARSEILLE ST CHARLES;LILLE;301;169;3;;54;6.422839506;2.080722892;;52;40.07564103;14.90592369;"l’incident caténaire de Fresnoy ce jeudi 11  en début d’après-midi a perturbé fortement le plan de transport, avec  un pendule qui casse et la  caténaire qui se détend sur  1500 mètres. Cet incident a concerné 57 TGV Voyages pour 2439 minutes perdues (147 trains et 3848 min au total), et un coût de 1,5 point  pour la régularité composite mensuelle.
L’autre évènement phare du mois s’est déroulé le dernier dimanche avec le heurt d’un sanglier par le TGV 7187 à Fresnoy, un incident très coûteux en régularité car il a touché 32 Tgv Voyages pour 2036 minutes perdues,  et en totalité 67 trains pour 3529 minutes. Le prix en matière de régularité composite pour ce heurt d’animal précité correspond aussi à 1,5 point.";52;14.90592369;17;8;23.07692308;26.92307692;34.61538462;5.769230769;5.769230769;3.846153846
2018-10;National;LYON PART DIEU;MARNE LA VALLEE;108;260;3;;221;12.16138763;10.51420233;;84;30.16349206;11.38761349;;65;11.38761349;19;5;13.0952381;22.61904762;50.0;2.380952381;11.9047619;0.0
2018-10;National;PARIS LYON;AIX EN PROVENCE TGV;182;414;1;;58;20.37614943;2.531598063;;64;42.32083333;8.249192897;2 accidents de personne, 2 LTV impactantes Lapeyrouse et Venissieux, 3 incidents marériel important sur LN1, 3 dérangements (aiguillage et caténaire) sur LN1, une alerte vent violent à lapalud;64;8.249192897;31;14;23.4375;26.5625;7.8125;35.9375;6.25;0.0
2018-10;National;PARIS LYON;NICE VILLE;349;155;5;;29;13.40287356;2.248;;28;34.85357143;8.128111111;;28;8.128111111;14;4;32.14285714;17.85714286;21.42857143;25.0;0.0;3.571428571
2018-10;National;PARIS MONTPARNASSE;BREST;226;268;2;;40;8.354166667;0.835087719;;20;40.875;4.520676692;"Ce mois-ci, l'OD a été touchée par les incidents suivants :
- le 5 : un incendie aux abords  des voies à Montfort le Genois (13 TGV retardés pour 238 minutes perdues), 
- le 10 : une défaillance électrique entre Massy et Marcoussis (23 TGV retardés pour  308 minutes perdues) , 
- le 11 : une restitution tardive de travaux suite à la panne d'un train de travaux sur la ligne à grande vitesse Atlantique (21 TGV pour 431 minutes perdues),  
- le 12 : une absence de tension éléctrique entre Rennes et St-Brieuc (11 TGV pour 247 minutes perdues),
- le 14 : une personne dans les voies est électrisée à Rennes (15 TGV pour 291 minutes perdues), 
- le 15 : une personne dans les voies à St-Cyr  du Gault sur la ligne à grande vitesse Atlantique nécessite l'interruption des circulations ( 32 TGV pour 620 minutes perdues),
- le 16 : évacuation de la gare de Rennes pour une forte odeur de gaz (17 TGV pour 1112 minutes perdues),
- le 24 : un défaut d'alimentation électrique sur la ligne à grande vitesse Atlantique (40 TGV pour 1025 minutes perdues).";20;4.520676692;13;3;30.0;40.0;0.0;15.0;15.0;0.0
2018-10;International;PARIS LYON;LAUSANNE;224;142;0;;20;15.42083333;1.859976526;;17;40.70196078;7.822535211;;17;7.822535211;11;2;11.76470588;11.76470588;17.64705882;58.82352941;0.0;0.0
2018-10;National;SAINT ETIENNE CHATEAUCREUX;PARIS LYON;168;107;0;;15;4.882222222;0.625545171;;12;19.17222222;3.192990654;;5;3.192990654;1;1;16.66666667;16.66666667;33.33333333;8.333333333;16.66666667;8.333333333
2018-10;National;DIJON VILLE;PARIS LYON;100;417;2;;258;5.76879845;3.69248996;;37;30.67207207;3.370240964;;22;3.370240964;10;6;10.81081081;21.62162162;48.64864865;8.108108108;8.108108108;2.702702703
2018-10;National;TOURS;PARIS MONTPARNASSE;80;188;0;;18;3.47037037;0.335992908;;51;13.33202614;4.226241135;"Ce mois-ci, l'OD a été touchée par les incidents suivants :
- le 9 : une restitution tardive de travaux  à St-Pierre-des-Corps (13 TGV retardés pour 101 minutes perdues), 
- le 10 : une  absence de défaillance électrique entre Massy et Marcoussis (23 TGV retardés pour  308 minutes perdues) , 
- le 11 : une restitution tardive de travaux suite à la panne d'un train de travaux sur la ligne à grande vitesse Atlantique (21 TGV pour 431 minutes perdues),  
- le 15 : une personne  est dans les voies à St-Cyr  du Gaultsur la ligne à grande vitesse Atlantique nécessite l'interruption des circulations ( 32 TGV pour 620 minutes perdues),  
- le 23 : une  défaillance matériel d'un TGV entre Poitiers et Angoulême (16 TGV pour 131 minutes perdues),
- le 24 : un défaut d'alimentation électrique sur la ligne à grande vitesse Atlantique (40 TGV pour 1025 minutes perdues).";15;4.226241135;4;0;15.625;28.125;34.375;12.5;6.25;3.125
2018-10;National;PARIS LYON;VALENCE ALIXAN TGV;130;309;10;;50;18.35466667;2.756298774;;51;34.6872549;6.771014493;;41;6.771014493;20;9;13.04347826;26.08695652;13.04347826;39.13043478;8.695652174;0.0
2018-10;International;ITALIE;PARIS LYON;439;95;1;;87;4.275862069;3.978723404;;32;42.3890625;18.11400709;;32;18.11400709;11;4;16.12903226;19.35483871;38.70967742;19.35483871;3.225806452;3.225806452
2018-10;National;LAVAL;PARIS MONTPARNASSE;93;193;1;;93;6.169354839;3.045486111;;27;21.64753086;4.3875;;13;4.3875;4;2;14.28571429;38.0952381;23.80952381;14.28571429;0.0;9.523809524
2018-10;National;METZ;PARIS EST;85;307;2;;142;6.988497653;3.27284153;;71;19.16502347;5.048087432;"01/10 : 2881?Malaise voyageur à Roissy (6’)
02/10 : 2865?LTV à Woippy (9’) + Retard Lux (21’) et 2676? Choc anormal à Lagny (6’)
03/10 : 2855? Malaise voyageur à Bondy (17’) + 2853? Restriction vitesse à Metz (7’) et malaise voyageur à Bondy (11’) + 2865?Détresse matériel roulant à Bettembourg (21’) 
04/10 : Retard autre réseau? 2891(20‘) et 2881(69‘) + 2676? Accident de personne à Bondy (32’)
05/10 : 2877? Dérangement installation à PE (10’) + 2853? Dérangement installation à Marles en Brie (9’) + 2865? Accident de personne à Gagny (58’) +2650 ?Zone en non libération (10‘) + Retard autre réseau ?2855 (7‘) +2865 (14‘)
06/10 : Retard autre réseau? 2865 (7’) + 2869 (7’) et Pb de porte à Metz?2672 (10‘)
07/10 : 2893?Pb accroche à Metz (6‘) + 2877? Incident porte à SG (7‘)
08/10 : 2869? Retard autre réseau (8’)
09/10 : 2855? Retard autre réseau (6’)
10/10 : Dérangement installation à Woippy (9’) ? 2855(6‘) + 2853 (14‘) + 2869? Difficulté de réception à Ebange (9’) + 2660? Pb de porte à Meuse (26’) +2865? Intervention avec coupure fibre optique à Woippy (9‘) + 2853? Retard sur un autre réseau (16’) + 2881? Bagage abandonné SG (6‘)
11/10 : Retard sur un autre réseau ?2891 (8‘) +2881 (13‘) +2853 (15‘) + 2869? Obstacle sur les voies à THL (38’)
12/10 : Retard sur un autre réseau? 2891(10’) + 2865(34’) + 2877 (8’) + 2865? Personne dans les voies à Rosa Parks (12‘) + 2855? Alerte radio suite choc anormal à Noisy (6’) + 2660? Pb de réception (8‘)
14/10 : 2893?Pb d’accroche à MZ (8’) + 2869? Retard autre réseau (18’) + 2877? Absence signalisation du train (23’)
15/10 : 2891? Colis abandonné (6’) + 2881? Retard autre réseau (10’)
16/10 : Retards autre réseau? 2881(7‘) + 2869 (6‘) + 2865 (17‘) 
17/10 : Accident de personne à Noisy? 2891(58‘) + 2881(139‘) + Retards autre réseau? 2891(10’) + 2853 (10’) + 2855 (16’) 
18/10 : Décontrôle aiguille? 2853 (19‘) + 2650 (10‘)
19/10 : 2877? Malaise voyageur (8‘) + retard autre réseau (27’) et 2660? Attente correspondance à MZ (7’)
22/10 : Retard autre réseau? 2869 (19‘) + 2865 (6‘) et 2869? Franchissement signal fermé (23‘) et 2853? Incident porte (6‘) et 2650? Dépannage au départ (6‘)
23/10 : Retard autre réseau? 2881(12’) + 2869 (7’) + 2855 (7’)
24/10 : Retard autre réseau? 2853 (9’) + 2865 (6’) + 2881 (9’)
25/10 : Retard autre réseau? 2881 (27’)
26/10 : 2865?Obstacle sur les voies à MZ (6’)
28/10 : Décontrôle aiguille? 2893 (9’) +2865 (14’)
29/10 : 2881? Retard sur un autre réseau (6’)
30/10 : 2869? Retard sur un autre réseau (17’) + Dérangement radio sol-train? 2855 (17’) + 2853 (18’)
31/10 : 2891? Colis suspect à Woippy (10’) + 2881? Retard sur un autre réseau (7’) + 2877?Attente correspondance (18’)";28;5.048087432;11;5;16.94915254;20.33898305;37.28813559;15.25423729;8.474576271;1.694915254
2018-10;National;DUNKERQUE;PARIS NORD;117;241;1;;7;6.214285714;0.220972222;;26;28.28910256;4.094513889;;14;4.094513889;8;3;11.53846154;38.46153846;26.92307692;11.53846154;11.53846154;0.0
2018-10;National;RENNES;PARIS VAUGIRARD;116;30;0;;3;8.85;0.895555556;;1;12.68333333;0.647222222;;0;0.647222222;0;0;0.0;0.0;100.0;0.0;0.0;0.0
2018-10;National;PARIS LYON;LYON PART DIEU;119;604;3;;71;16.57676056;1.529145868;;52;35.78429487;3.464919578;;33;3.464919578;17;8;19.23076923;26.92307692;11.53846154;34.61538462;7.692307692;0.0
2018-10;National;PARIS MONTPARNASSE;RENNES;103;554;3;;74;7.413288288;0.616908651;;42;29.5015873;3.118421053;;26;3.118421053;13;5;35.8974359;17.94871795;7.692307692;25.64102564;12.82051282;0.0
2018-10;National;PARIS MONTPARNASSE;TOULOUSE MATABIAU;262;168;0;;16;7.586458333;0.437003968;;23;53.77681159;9.001488095;"Ce mois-ci, l'OD a été touchée par les incidents suivants :
- du 1er au 12 octobre : une limitation de vitesse entre Montauban et Agen suite à des travaux sur la zone (14 TGV pour 286 minutes perdues),
- le 10 : une défaillance électrique entre Massy et Marcoussis (23 TGV retardés pour  308 minutes perdues) , 
- le 11 : une restitution tardive de travaux suite à la panne d'un train de travaux sur la ligne à grande vitesse Atlantique (21 TGV pour 431 minutes perdues),  
- le 15 : une personne dans les voies à St-Cyr  du Gaultsur la ligne à grande vitesse Atlantique nécessite l'interruption des circulations ( 32 TGV pour 620 minutes perdues),  
- le 24 : un défaut d'alimentation électrique sur la ligne à grande vitesse Atlantique (40 TGV pour 1025 minutes perdues).";23;9.001488095;13;6;45.45454545;13.63636364;18.18181818;18.18181818;0.0;4.545454545
2018-10;National;MARNE LA VALLEE;LYON PART DIEU;109;290;1;;185;11.28423423;7.347231834;;50;36.37;7.602883506;;37;7.602883506;18;8;12.24489796;20.40816327;34.69387755;22.44897959;8.163265306;2.040816327
2018-10;National;LA ROCHELLE VILLE;PARIS MONTPARNASSE;171;211;0;;17;2.673529412;0.223933649;;27;22.06790123;4.788230648;;14;4.788230648;2;1;9.090909091;40.90909091;31.81818182;18.18181818;0.0;0.0
2018-10;National;PARIS EST;METZ;85;298;2;;42;9.278174603;1.225957207;;21;19.44365079;1.199042793;;8;1.199042793;2;2;23.52941176;11.76470588;23.52941176;23.52941176;17.64705882;0.0
2018-10;National;PARIS LYON;GRENOBLE;184;239;2;;42;17.36111111;2.770534459;;40;40.1;10.36708861;2 accidents de personne, 2 LTV impactantes Lapeyrouse et Venissieux, 3 incidents marériel important sur LN1, 3 dérangements (aiguillage et caténaire) sur LN1;40;10.36708861;21;6;20.51282051;10.25641026;23.07692308;38.46153846;5.128205128;2.564102564
2018-10;International;BARCELONA;PARIS LYON;378;65;3;;24;4.541666667;1.725806452;;15;85.15333333;21.14032258;;14;21.14032258;11;6;40.0;40.0;6.666666667;13.33333333;0.0;0.0
2018-10;National;BORDEAUX ST JEAN;TOURCOING;300;28;0;;7;2.707142857;0.620833333;;6;43.16666667;11.71428571;;6;11.71428571;4;1;0.0;0.0;75.0;25.0;0.0;0.0
2018-10;International;STUTTGART;PARIS EST;191;151;0;;137;4.895620438;4.506622517;;18;33.80277778;7.214679912;;17;7.214679912;8;3;11.76470588;0.0;11.76470588;52.94117647;0.0;23.52941176
2018-10;National;PARIS VAUGIRARD;NANTES;145;56;0;;8;2.95;-0.04672619;;9;31.76111111;7.433928571;;5;7.433928571;4;1;22.22222222;66.66666667;11.11111111;0.0;0.0;0.0
2018-10;National;LYON PART DIEU;RENNES;238;77;1;;46;8.157608696;4.992324561;;11;36.18333333;7.982017544;;11;7.982017544;5;2;45.45454545;9.090909091;27.27272727;9.090909091;9.090909091;0.0
2018-10;National;PARIS VAUGIRARD;RENNES;124;29;0;;6;3.994444444;0.345402299;;3;17.90555556;3.367241379;;2;3.367241379;0;0;0.0;33.33333333;33.33333333;33.33333333;0.0;0.0
2018-10;National;PARIS LYON;MACON LOCHE;95;192;0;;41;13.39593496;2.726302083;;21;37.47777778;4.83125;;18;4.83125;10;4;23.80952381;23.80952381;14.28571429;33.33333333;4.761904762;0.0
2018-10;National;PARIS MONTPARNASSE;LE MANS;62;408;1;;45;5.923703704;0.317731368;;43;12.24418605;0.928460278;;10;0.928460278;1;0;6.896551724;27.5862069;27.5862069;27.5862069;6.896551724;3.448275862
2018-10;National;PARIS MONTPARNASSE;ST PIERRE DES CORPS;67;359;0;;48;8.311111111;0.717177344;;62;12.91801075;2.766666667;;15;2.766666667;6;0;13.51351351;27.02702703;16.21621622;27.02702703;10.81081081;5.405405405
2018-10;National;ANGOULEME;PARIS MONTPARNASSE;131;262;0;;148;4.190540541;2.428244275;;61;17.38442623;6.055025445;"Ce mois-ci, l'OD a été touchée par les incidents suivants :
- le 9 : une restitution tardive de travaux  à St-Pierre-des-Corps (13 TGV retardés pour 101 minutes perdues), 
- le 10 : une défaillance électrique entre Massy et Marcoussis (23 TGV retardés pour  308 minutes perdues) , 
- le 11 : une restitution tardive de travaux suite à la panne d'un train de travaux sur la ligne à grande vitesse Atlantique (21 TGV pour 431 minutes perdues),  
- le 15 : une personne dans les voies à St-Cyr  du Gault sur la ligne à grande vitesse Atlantique nécessite l'interruption des circulations ( 32 TGV pour 620 minutes perdues),  
- le 23 : une  défaillance matériel d'un TGV entre Poitiers et Angoulême (16 TGV pour 131 minutes perdues).
- le 24 : un défaut d'alimentation électrique sur la ligne à grande vitesse Atlantique (40 TGV pour 1025 minutes perdues).";29;6.055025445;6;0;8.196721311;40.98360656;31.14754098;8.196721311;4.918032787;6.557377049
2018-10;National;LILLE;MARSEILLE ST CHARLES;304;167;1;;43;6.65620155;1.765763052;;40;43.03708333;12.80943775;"l’incident caténaire de Fresnoy ce jeudi 11  en début d’après-midi a perturbé fortement le plan de transport, avec  un pendule qui casse et la  caténaire qui se détend sur  1500 mètres. Cet incident a concerné 57 TGV Voyages pour 2439 minutes perdues (147 trains et 3848 min au total), et un coût de 1,5 point  pour la régularité composite mensuelle.
L’autre évènement phare du mois s’est déroulé le dernier dimanche avec le heurt d’un sanglier par le TGV 7187 à Fresnoy, un incident très coûteux en régularité car il a touché 32 Tgv Voyages pour 2036 minutes perdues,  et en totalité 67 trains pour 3529 minutes. Le prix en matière de régularité composite pour ce heurt d’animal précité correspond aussi à 1,5 point.";40;12.80943775;15;7;20.0;22.5;22.5;20.0;10.0;5.0
2018-10;National;TOURCOING;MARSEILLE ST CHARLES;305;28;0;;1;5.0;0.178571429;;0;0.0;1.929166667;;0;1.929166667;0;0;0.0;0.0;0.0;0.0;0.0;0.0
2018-10;National;RENNES;PARIS MONTPARNASSE;105;572;6;;254;8.426968504;3.843904594;;74;25.88400901;5.468875147;;58;5.468875147;21;6;12.67605634;32.3943662;19.71830986;23.94366197;7.042253521;4.225352113
2018-10;National;RENNES;LYON PART DIEU;240;74;0;;27;3.642592593;1.464414414;;7;34.2452381;5.74527027;;7;5.74527027;4;0;14.28571429;28.57142857;14.28571429;42.85714286;0.0;0.0
2018-10;National;ANNECY;PARIS LYON;224;186;0;;12;11.91666667;0.755107527;;33;46.52525253;10.4921147;2 accidents de personne, 2 LTV impactantes Lapeyrouse et Venissieux, 3 incidents marériel important sur LN1, 3 dérangements (aiguillage et caténaire) sur LN1;33;10.4921147;15;6;21.21212121;21.21212121;39.39393939;12.12121212;3.03030303;3.03030303
2018-10;National;BELLEGARDE (AIN);PARIS LYON;162;235;0;;100;3.660833333;1.585531915;;28;29.0922619;3.446524823;;20;3.446524823;7;4;17.85714286;39.28571429;28.57142857;3.571428571;10.71428571;0.0
2018-10;National;MARSEILLE ST CHARLES;PARIS LYON;197;440;0;;114;9.421637427;2.338295455;;61;56.80655738;9.605378788;2 accidents de personne, 2 LTV impactantes Lapeyrouse et Venissieux, 3 incidents marériel important sur LN1, 3 dérangements (aiguillage et caténaire) sur LN1, une alerte vent violent à lapalud;61;9.605378788;35;15;14.75409836;40.98360656;24.59016393;14.75409836;3.278688525;1.639344262
2018-10;National;PARIS LYON;MULHOUSE VILLE;167;290;2;;43;17.94844961;2.41875;;46;29.37572464;5.557928241;;33;5.557928241;15;5;28.26086957;8.695652174;19.56521739;28.26086957;10.86956522;4.347826087
2018-10;National;PARIS LYON;LE CREUSOT MONTCEAU MONTCHANIN;78;196;0;;20;10.9175;0.757312925;;29;17.49942529;3.2125;;11;3.2125;4;2;12.5;12.5;25.0;43.75;6.25;0.0
2018-10;National;PARIS MONTPARNASSE;VANNES;158;243;1;;35;10.14333333;1.02637741;;28;29.46428571;4.505991736;;21;4.505991736;9;3;39.28571429;28.57142857;0.0;17.85714286;10.71428571;3.571428571
2018-10;National;TOURCOING;BORDEAUX ST JEAN;286;29;0;;7;2.680952381;0.674712644;;1;87.83333333;3.909770115;;1;3.909770115;1;1;100.0;0.0;0.0;0.0;0.0;0.0
2018-10;National;PARIS LYON;PERPIGNAN;308;176;9;;34;17.45245098;3.215269461;;37;52.84459459;14.00548902;2 accidents de personne, 2 LTV impactantes Lapeyrouse et Venissieux, 3 incidents marériel important sur LN1, 3 dérangements (aiguillage et caténaire) sur LN1, une alerte vent violent à lapalud;37;14.00548902;19;11;30.55555556;50.0;8.333333333;8.333333333;0.0;2.777777778
2018-10;International;PARIS EST;FRANCFORT;224;179;1;;24;9.067361111;1.214513109;;27;33.97160494;8.760580524;;27;8.760580524;9;2;30.0;10.0;30.0;20.0;10.0;0.0
2018-10;National;NANCY;PARIS EST;93;296;1;;78;8.581623932;2.328474576;;43;21.87868217;3.740169492;;19;3.740169492;13;2;10.52631579;13.15789474;31.57894737;28.94736842;10.52631579;5.263157895
2018-10;National;PARIS EST;REIMS;45;204;3;;31;12.56075269;1.86384743;;25;21.59333333;3.1539801;;8;3.1539801;5;2;22.72727273;13.63636364;13.63636364;31.81818182;13.63636364;4.545454545
2018-10;National;MARSEILLE ST CHARLES;MARNE LA VALLEE;210;290;4;;78;6.186538462;1.544230769;;61;46.87486339;11.86258741;2 accidents de personne, 2 LTV impactantes Lapeyrouse et Venissieux, 3 incidents marériel important sur LN1, 3 dérangements (aiguillage et caténaire) sur LN1, une alerte vent violent à lapalud;61;11.86258741;22;9;14.75409836;24.59016393;45.90163934;9.836065574;4.918032787;0.0
2018-10;National;AIX EN PROVENCE TGV;PARIS LYON;183;397;0;;163;8.302147239;3.446641478;;49;52.85442177;8.559781696;2 accidents de personne, 2 LTV impactantes Lapeyrouse et Venissieux, 3 incidents marériel important sur LN1, 3 dérangements (aiguillage et caténaire) sur LN1, une alerte vent violent à lapalud;49;8.559781696;26;12;16.32653061;38.7755102;28.57142857;10.20408163;4.081632653;2.040816327
2018-10;National;AVIGNON TGV;PARIS LYON;160;518;3;;290;9.693448276;5.454563107;;114;38.5745614;9.642135922;;80;9.642135922;44;16;17.54385965;33.33333333;29.8245614;12.28070175;4.385964912;2.631578947
2018-10;National;NICE VILLE;PARIS LYON;345;161;3;;43;8.57248062;2.406012658;;37;44.58783784;11.51434599;2 accidents de personne, 2 LTV impactantes Lapeyrouse et Venissieux, 3 incidents marériel important sur LN1, 3 dérangements (aiguillage et caténaire) sur LN1, une alerte vent violent à lapalud;37;11.51434599;23;5;24.32432432;29.72972973;32.43243243;13.51351351;0.0;0.0
2018-10;National;PARIS MONTPARNASSE;ANGOULEME;134;222;0;;27;8.02037037;0.662237237;;33;18.93939394;4.414864865;;18;4.414864865;2;0;18.18181818;24.24242424;30.3030303;12.12121212;3.03030303;12.12121212
2018-10;National;CHAMBERY CHALLES LES EAUX;PARIS LYON;182;191;1;;119;15.09929972;9.451315789;;56;37.11369048;12.71008772;;45;12.71008772;20;6;20.0;14.54545455;45.45454545;14.54545455;1.818181818;3.636363636
2018-10;National;NIMES;PARIS LYON;176;316;13;;217;12.44677419;9.01320132;;76;56.41359649;14.61463146;2 accidents de personne, 2 LTV impactantes Lapeyrouse et Venissieux, 3 incidents marériel important sur LN1, 3 dérangements (aiguillage et caténaire) sur LN1, une alerte vent violent à lapalud;60;14.61463146;36;20;35.52631579;42.10526316;11.84210526;5.263157895;5.263157895;0.0
2018-10;National;MARSEILLE ST CHARLES;LYON PART DIEU;102;514;8;;156;8.476495726;2.633761528;;143;26.81142191;10.64367589;;90;10.64367589;27;12;12.58741259;23.07692308;40.55944056;9.79020979;11.18881119;2.797202797
2018-10;National;PARIS MONTPARNASSE;BORDEAUX ST JEAN;149;708;0;;81;7.505144033;0.563512241;;49;21.24455782;1.247999058;;36;1.247999058;6;0;20.40816327;30.6122449;12.24489796;30.6122449;2.040816327;4.081632653
2018-10;National;STRASBOURG;PARIS EST;112;472;0;;238;8.112605042;4.160911017;;71;26.14037559;4.986723164;;42;4.986723164;20;6;16.66666667;9.090909091;18.18181818;33.33333333;3.03030303;19.6969697
2018-11;National;PARIS LYON;SAINT ETIENNE CHATEAUCREUX;168;116;0;;11;11.78787879;0.45158046;;26;26.72435897;7.937931034;;12;7.937931034;7;3;23.07692308;7.692307692;42.30769231;19.23076923;3.846153846;3.846153846
2018-11;International;PARIS EST;STUTTGART;183;146;0;;26;13.20576923;2.311073059;;14;45.02142857;7.792579909;;14;7.792579909;9;4;23.07692308;23.07692308;15.38461538;30.76923077;7.692307692;0.0
2018-11;National;PARIS MONTPARNASSE;ANGOULEME;129;230;2;;23;6.396376812;0.210891813;;35;16.90904762;4.14744152;;12;4.14744152;1;1;20.58823529;20.58823529;35.29411765;11.76470588;2.941176471;8.823529412
2018-11;National;TOULON;PARIS LYON;238;264;3;;76;16.55197368;4.888697318;;51;61.51666667;13.15236271;;51;13.15236271;35;19;41.17647059;23.52941176;11.76470588;11.76470588;5.882352941;5.882352941
2018-11;National;RENNES;LYON PART DIEU;238;90;2;;27;4.605555556;1.580113636;;14;45.21071429;8.414204545;"Ce mois-ci, l'OD a été touchée par les incidents suivants :
- le 5 : un choc anormal sur la ligne à grande vitesse Atlantique (29 TGV retardés pour 746 minutes perdues), 
- le 7 : le heurt d'un animal sur la ligne à grande vitesse Bretgane-Pays de la Loire (23 TGV retardés pour 713 minutes perdues), 
- le 8 : la panne d'un TGV sur la ligne à grande vitesse Sud-Est (8 TGV retardés pour 584 minutes perdues),  
- le 14 : la panne d'un TGV sur la ligne à grande vitesse Atlantique (23 TGV retardés pour 319 minutes perdues), 
- le 22 : un dérangement d'installation à Dollon (17 TGV retardés pour 187 minutes perdues), 
- le 24 : des dérangements d'installation et de passages à niveau dû à des actes de malveillance vers Le Mans (9 TGV retardés pour 193 minutes perdues),
- le 27 : un arrachement caténaire par un TER avant Le Mans (16 TGV retardés pour 337 minutes perdues),
- le 30 : un incident caténaire sur la ligne à grande vitesse Atlantique (40 TGV pour 1041 minutes perdues) et l'incendie d'un camion citerne avec un risque d'explosion à proximité de la ligne à grande vitesse Atlantique (25 TGV retardés pour 829 minutes perdues).";14;8.414204545;8;4;14.28571429;21.42857143;21.42857143;28.57142857;14.28571429;0.0
2018-11;National;PARIS LYON;AVIGNON TGV;160;482;2;;69;16.99299517;2.042291667;;79;34.94556962;6.6825;;61;6.6825;36;13;20.51282051;20.51282051;21.79487179;33.33333333;3.846153846;0.0
2018-11;National;PARIS MONTPARNASSE;ST MALO;166;87;2;;9;6.172222222;0.169411765;;6;28.225;1.756470588;;5;1.756470588;2;0;16.66666667;33.33333333;0.0;33.33333333;16.66666667;0.0
2018-11;National;AVIGNON TGV;PARIS LYON;160;522;2;;267;8.116853933;4.131891026;;95;44.55070175;9.038141026;;64;9.038141026;45;23;30.52631579;26.31578947;20.0;15.78947368;4.210526316;3.157894737
2018-11;National;PARIS MONTPARNASSE;ST PIERRE DES CORPS;63;371;2;;34;6.417647059;0.123080397;;68;12.48872549;3.09561879;;15;3.09561879;3;2;23.52941176;14.70588235;29.41176471;26.47058824;5.882352941;0.0
2018-11;National;MARNE LA VALLEE;LYON PART DIEU;109;311;5;;196;7.47627551;4.88295207;;52;30.92435897;6.368736383;;39;6.368736383;14;6;29.41176471;13.7254902;19.60784314;29.41176471;5.882352941;1.960784314
2018-11;National;PARIS LYON;AIX EN PROVENCE TGV;182;437;4;;66;17.58030303;2.294110855;;62;39.05215054;7.459892225;;59;7.459892225;31;11;22.58064516;17.74193548;20.96774194;37.09677419;1.612903226;0.0
2018-11;National;ANNECY;PARIS LYON;224;188;1;;8;7.875;0.336898396;;49;34.8792517;10.59919786;;49;10.59919786;24;5;24.48979592;28.57142857;30.6122449;10.20408163;2.040816327;4.081632653
2018-11;National;BESANCON FRANCHE COMTE TGV;PARIS LYON;131;197;2;;32;16.19791667;2.373418803;;21;56.13492063;6.197350427;;19;6.197350427;11;6;47.61904762;33.33333333;9.523809524;4.761904762;4.761904762;0.0
2018-11;National;PARIS NORD;ARRAS;49;289;1;;47;10.05638298;1.401909722;;33;16.51464646;2.201909722;;14;2.201909722;6;0;9.677419355;9.677419355;38.70967742;35.48387097;6.451612903;0.0
2018-11;National;MARSEILLE ST CHARLES;MARNE LA VALLEE;210;303;3;;60;9.606944444;1.708277778;;47;41.61843972;8.188611111;;47;8.188611111;21;9;21.27659574;21.27659574;40.42553191;14.89361702;2.127659574;0.0
2018-11;International;PARIS LYON;LAUSANNE;220;147;2;;20;18.685;2.257011494;;28;51.50238095;12.73425287;;28;12.73425287;12;6;21.42857143;17.85714286;28.57142857;21.42857143;10.71428571;0.0
2018-11;National;BELLEGARDE (AIN);PARIS LYON;162;219;3;;119;4.587114846;2.615740741;;29;43.84195402;6.383719136;;22;6.383719136;14;7;37.93103448;17.24137931;24.13793103;13.79310345;6.896551724;0.0
2018-11;National;NICE VILLE;PARIS LYON;345;184;3;;49;11.8292517;3.129097606;;39;70.61880342;16.20791897;;39;16.20791897;31;17;46.15384615;20.51282051;12.82051282;15.38461538;2.564102564;2.564102564
2018-11;National;NANTES;STRASBOURG;306;40;0;;14;2.155952381;0.702916667;;7;35.36190476;7.182916667;;7;7.182916667;2;1;14.28571429;28.57142857;28.57142857;0.0;14.28571429;14.28571429
2018-11;National;PARIS VAUGIRARD;BORDEAUX ST JEAN;166;60;0;;10;13.43666667;1.556666667;;5;28.20666667;2.3775;;5;2.3775;2;0;20.0;20.0;20.0;40.0;0.0;0.0
2018-11;National;PARIS LYON;BESANCON FRANCHE COMTE TGV;128;194;3;;25;17.40266667;1.892233857;;16;46.634375;5.546422339;;15;5.546422339;11;2;40.0;13.33333333;6.666666667;26.66666667;13.33333333;0.0
2018-11;National;LYON PART DIEU;MARNE LA VALLEE;108;272;3;;234;11.33019943;9.941016109;;79;30.03881857;9.912515489;;52;9.912515489;22;7;18.98734177;16.4556962;54.43037975;5.063291139;2.53164557;2.53164557
2018-11;National;LYON PART DIEU;MARSEILLE ST CHARLES;103;517;8;;342;11.17626706;7.668369352;;129;33.70361757;10.11417813;;97;10.11417813;49;15;17.6;18.4;36.8;14.4;8.8;4.0
2018-11;National;MARSEILLE ST CHARLES;LILLE;300;182;3;;45;8.532962963;2.076722533;;44;39.40492424;12.35260708;"le « Matériel » présente le taux le plus important (exemple : avec la panne du 6122 au Creusot), une irrégularité partagée entre le Produit train avec les mises à quai tardives et les incidents techniques.
La cause « extérieur infra » est très conséquente avec les heurts d’animaux précités, avec les accidents de personnes de Montanay le mardi 06 ou de Villiers le Bel le 30, aussi les personnes dans les voies à Paris le mardi 20 suite alerte radio, en cause pour ce dernier incident une erreur d’aiguillage avec une rame vide Ter envoyée à tort en gare souterraine (problème d’indexation d’itinéraires) .
 En troisième position, il s’agit des dérangements , avec le cas du rail cassé de Joncherolles, voire le rail cassé près de Douai.";44;12.35260708;18;8;27.27272727;18.18181818;45.45454545;9.090909091;0.0;0.0
2018-11;National;BORDEAUX ST JEAN;PARIS VAUGIRARD;142;60;0;;10;3.98;0.721111111;;5;37.88;1.342777778;;4;1.342777778;3;1;60.0;20.0;20.0;0.0;0.0;0.0
2018-11;National;DIJON VILLE;PARIS LYON;98;431;3;;256;9.915820313;6.028115265;;54;40.70524691;5.552842679;;39;5.552842679;20;10;31.48148148;22.22222222;31.48148148;9.259259259;3.703703704;1.851851852
2018-11;National;GRENOBLE;PARIS LYON;184;235;0;;31;5.774193548;0.761702128;;36;49.34351852;8.468723404;;36;8.468723404;22;11;25.0;27.77777778;16.66666667;19.44444444;11.11111111;0.0
2018-11;National;PARIS LYON;NIMES;177;270;5;;41;21.61585366;2.899874214;;56;33.49255952;8.195849057;;41;8.195849057;22;6;20.75471698;28.30188679;20.75471698;24.52830189;1.886792453;3.773584906
2018-11;National;PARIS MONTPARNASSE;RENNES;99;578;6;;51;8.794771242;0.308741259;;71;18.29812207;3.311421911;;31;3.311421911;11;1;24.0;30.0;22.0;12.0;8.0;4.0
2018-11;National;DOUAI;PARIS NORD;77;200;1;;46;4.239855072;1.14279732;;53;12.15345912;3.769179229;La journée du vendredi 16 a été concernée par l ’évènement phare du mois avec une régularité composite tombée à 70,9%, en effet le rail cassé de Joncherolles a concerné 36 trains Voyages, et en totalité 148 Tgv pour 1533 minutes. Le jeudi 08, de nombreuses défaillances « Matériel » se sont produites avec la panne du  Thalys 9368 à Izel et  du 7100 à Beugnâtre, soit une vingtaine de Tgv concernés en totalité.;10;3.769179229;4;0;15.0;30.0;40.0;12.5;0.0;2.5
2018-11;National;BORDEAUX ST JEAN;TOURCOING;299;28;0;;6;2.466666667;0.611904762;;3;45.33333333;7.392857143;Dérangement d'installation, Collision au 5130, Espacement, Attente éxécution service voy;3;7.392857143;2;1;33.33333333;33.33333333;33.33333333;0.0;0.0;0.0
2018-11;National;TOURCOING;MARSEILLE ST CHARLES;304;30;0;;4;2.5;0.333333333;;3;68.44444444;9.495555556;Non respect marche traçée, Accident de personnes, Dérangement des si, Espacement, incident lié aux portes;3;9.495555556;3;1;33.33333333;66.66666667;0.0;0.0;0.0;0.0
2018-11;National;PARIS LYON;ANNECY;225;193;2;;30;11.10333333;1.414048866;;29;35.03448276;7.819109948;;29;7.819109948;12;3;17.24137931;17.24137931;34.48275862;27.5862069;3.448275862;0.0
2018-11;International;ZURICH;PARIS LYON;242;145;0;;73;1.433105023;1.076206897;;7;50.76190476;3.482068966;;7;3.482068966;3;3;28.57142857;14.28571429;28.57142857;14.28571429;0.0;14.28571429
2018-11;International;BARCELONA;PARIS LYON;389;60;0;;34;3.411764706;1.85;;19;34.52192982;11.4625;;19;11.4625;9;2;57.89473684;21.05263158;15.78947368;5.263157895;0.0;0.0
2018-11;International;MARSEILLE ST CHARLES;MADRID;460;30;0;;6;2.544444444;0.563888889;;4;50.5;6.866666667;;4;6.866666667;2;1;50.0;50.0;0.0;0.0;0.0;0.0
2018-11;National;SAINT ETIENNE CHATEAUCREUX;PARIS LYON;168;113;1;;19;5.662280702;0.854761905;;19;26.50614035;5.510416667;;14;5.510416667;5;2;21.05263158;36.84210526;5.263157895;21.05263158;10.52631579;5.263157895
2018-11;International;ITALIE;PARIS LYON;446;92;1;;74;6.162162162;5.076923077;;33;34.75656566;14.42344322;;33;14.42344322;15;5;33.33333333;18.18181818;39.39393939;6.060606061;0.0;3.03030303
2018-11;National;LILLE;LYON PART DIEU;191;275;5;;98;6.884013605;2.565740741;;39;34.45299145;6.232777778;;33;6.232777778;12;5;25.64102564;10.25641026;23.07692308;35.8974359;5.128205128;0.0
2018-11;National;PARIS MONTPARNASSE;BORDEAUX ST JEAN;145;734;12;;60;9.245555556;0.363711911;;57;27.19005848;2.012373038;;44;2.012373038;15;5;19.64285714;35.71428571;21.42857143;14.28571429;7.142857143;1.785714286
2018-11;National;PARIS NORD;DOUAI;67;200;0;;31;9.764516129;1.191416667;;25;17.80333333;1.58425;;13;1.58425;5;0;25.0;16.66666667;25.0;33.33333333;0.0;0.0
2018-11;National;LILLE;MARSEILLE ST CHARLES;303;182;3;;39;6.775213675;1.517411546;;37;38.64414414;10.84897579;"le « Matériel » présente le taux le plus important (exemple : avec la panne du 6122 au Creusot), une irrégularité partagée entre le Produit train avec les mises à quai tardives et les incidents techniques.
La cause « extérieur infra » est très conséquente avec les heurts d’animaux précités, avec les accidents de personnes de Montanay le mardi 06 ou de Villiers le Bel le 30, aussi les personnes dans les voies à Paris le mardi 20 suite alerte radio, en cause pour ce dernier incident une erreur d’aiguillage avec une rame vide Ter envoyée à tort en gare souterraine (problème d’indexation d’itinéraires) .
 En troisième position, il s’agit des dérangements , avec le cas du rail cassé de Joncherolles, voire le rail cassé près de Douai.";37;10.84897579;14;5;24.32432432;13.51351351;24.32432432;24.32432432;8.108108108;5.405405405
2018-11;National;PARIS MONTPARNASSE;LE MANS;58;406;3;;40;9.184583333;0.474483044;;69;11.55;2.424234905;;16;2.424234905;4;0;11.76470588;29.41176471;23.52941176;26.47058824;5.882352941;2.941176471
2018-11;National;MARSEILLE ST CHARLES;TOURCOING;297;30;0;;3;13.08888889;0.731666667;;5;54.2;12.16666667;Collision, Non repsect marche traçée, Attente matériel roulant, espacement, difficultés réception sous gare, détresse matériel roulant, LTV inopinée, Signal d'alarme;5;12.16666667;3;2;20.0;20.0;60.0;0.0;0.0;0.0
2018-11;National;PARIS LYON;MARSEILLE ST CHARLES;198;465;4;;77;17.91753247;2.597180043;;63;38.4;7.249638467;;63;7.249638467;26;12;26.98412698;14.28571429;14.28571429;42.85714286;1.587301587;0.0
2018-11;National;PARIS LYON;NICE VILLE;348;187;3;;34;18.68284314;3.039945652;;31;52.18763441;9.879347826;;31;9.879347826;17;7;22.58064516;22.58064516;25.80645161;25.80645161;0.0;3.225806452
2018-11;National;REIMS;PARIS EST;45;202;2;;41;6.908130081;1.384583333;;19;14.15964912;1.789833333;;6;1.789833333;3;0;5.882352941;41.17647059;17.64705882;29.41176471;5.882352941;0.0
2018-11;National;PERPIGNAN;PARIS LYON;302;153;0;;57;8.35994152;3.152832244;;39;39.2474359;11.44433551;;39;11.44433551;22;8;56.41025641;23.07692308;12.82051282;5.128205128;2.564102564;0.0
2018-11;National;PARIS MONTPARNASSE;POITIERS;95;447;3;;47;8.040780142;0.382695195;;73;15.06438356;4.414264264;;22;4.414264264;6;2;18.86792453;20.75471698;30.18867925;20.75471698;5.660377358;3.773584906
2018-11;National;RENNES;PARIS MONTPARNASSE;101;569;7;;303;7.228547855;3.958778173;;163;17.71380368;6.519424674;"Ce mois-ci, l'OD a été touchée par les incidents suivants :
- le 5 : un choc anormal sur la ligne à grande vitesse Atlantique (29 TGV retardés pour 746 minutes perdues), 
- le 7 : le heurt d'un animal sur la ligne à grande vitesse Bretgane-Pays de la Loire (23 TGV retardés pour 713 minutes perdues),  
- le 13 : des tirs de projectiles à l'entré de Paris-Montparnasse nécessitant l'interruption des circulations (13 TGV retardés pour 572 minutes perdues), 
- le 14 : la panne d'un TGV sur la ligne à grande vitesse Atlantique (23 TGV retardés pour 319 minutes perdues), 
- le 22 : un dérangement d'installation à Dollon (17 TGV retardés pour 187 minutes perdues), 
- le 24 : des dérangements d'installation et de passages à niveau dû à des actes de malveillance vers Le Mans (9 TGV retardés pour 193 minutes perdues),
- le 27 : un arrachement caténaire par un TER avant Le Mans (16 TGV retardés pour 337 minutes perdues),
- le 30 : un incident caténaire sur la ligne à grande vitesse Atlantique (40 TGV pour 1041 minutes perdues) et l'incendie d'un camion citerne avec un risque d'explosion à proximité de la ligne à grande vitesse Atlantique (25 TGV retardés pour 829 minutes perdues).";72;6.519424674;20;3;29.56521739;26.08695652;21.73913043;15.65217391;1.739130435;5.217391304
2018-11;National;AIX EN PROVENCE TGV;PARIS LYON;183;391;0;;164;4.772560976;2.047144075;;40;51.34871795;6.937638534;;40;6.937638534;24;10;33.33333333;33.33333333;5.128205128;23.07692308;2.564102564;2.564102564
2018-11;National;PARIS LYON;GRENOBLE;185;246;1;;35;20.74571429;2.525646259;;39;49.24358974;8.636734694;;39;8.636734694;27;11;31.57894737;23.68421053;18.42105263;21.05263158;5.263157895;0.0
2018-11;National;PARIS LYON;MONTPELLIER;212;241;5;;34;20.94068627;2.555932203;;52;40.71538462;12.82358757;;52;12.82358757;20;8;21.56862745;49.01960784;9.803921569;17.64705882;1.960784314;0.0
2018-11;National;MONTPELLIER;PARIS LYON;206;307;5;;129;12.0251938;5.168211921;;65;43.15820513;10.71539735;;65;10.71539735;39;15;43.07692308;32.30769231;13.84615385;7.692307692;3.076923077;0.0
2018-11;National;BORDEAUX ST JEAN;PARIS MONTPARNASSE;143;808;20;;232;11.23843391;3.232910321;;117;31.38504274;6.134729272;;85;6.134729272;32;10;27.27272727;22.72727273;24.54545455;16.36363636;2.727272727;6.363636364
2018-11;National;LA ROCHELLE VILLE;PARIS MONTPARNASSE;168;215;2;;13;5.0;0.305164319;;38;19.98245614;5.775821596;;24;5.775821596;7;0;6.666666667;16.66666667;40.0;20.0;6.666666667;10.0
2018-11;National;PARIS MONTPARNASSE;LAVAL;86;212;3;;18;10.94259259;0.533652313;;41;16.19065041;4.664673046;;14;4.664673046;6;0;25.0;33.33333333;12.5;4.166666667;12.5;12.5
2018-11;National;NANTES;PARIS MONTPARNASSE;132;492;7;;194;5.071219931;1.988694158;;78;24.77029915;5.480309278;;43;5.480309278;19;6;12.82051282;32.05128205;41.02564103;11.53846154;1.282051282;1.282051282
2018-11;National;ST PIERRE DES CORPS;PARIS MONTPARNASSE;63;393;9;;201;7.796185738;4.199131944;;118;16.43488701;5.405034722;"Ce mois-ci, l'OD a été touchée par les incidents suivants :
- le 5 : un choc anormal sur la ligne à grande vitesse Atlantique (29 TGV retardés pour 746 minutes perdues), 
- le 6 : la panne d'un train de marchandises à St-Pierre-des-Corps (12 TGV retardés  pour 434 minutes perdues),
- le 9 : le heurt d'un animal entre Angoulême et Poitiers (9 TGV retardés pour 577 minutes perdues), 
- le 13 : des tirs de projectiles à l'entré de Paris-Montparnasse nécessitant l'interruption des circulations (13 TGV retardés pour 572 minutes perdues), 
- le 14 : la panne d'un TGV sur la ligne à grande vitesse Atlantique (23 TGV retardés pour 319 minutes perdues), 
- le 21 : une fuite de matières dangereuses sur un train de marchandises à Angoulême entraînant l'interruption des circulations (9 TGV retardés pour 294 minutes perdues), 
- le 30 : un incident caténaire sur la ligne à grande vitesse Atlantique (40 TGV pour 1041 minutes perdues) et l'incendie d'un camion citerne avec un risque d'explosion à proximité de la ligne à grande vitesse Atlantique (25 TGV retardés pour 829 minutes perdues).";38;5.405034722;15;5;12.5;22.22222222;31.94444444;18.05555556;2.777777778;12.5
2018-11;National;PARIS EST;STRASBOURG;113;467;5;;66;9.73510101;1.188131313;;26;42.38205128;2.317568543;"01/11: 2443? Heurt troupeau de moutons (6’)
05/11: 2407? Csq sortie tardive TEE (10‘)
14/11: 2363? Attente ADC (8‘) + 2407? Bloc moteur isolé à Meuse TGV (6’)
15/11: 2408? Dépannage à Gagny pour non desserrage d'un bogie (11‘)
16/11: 2465? Sortie tardive TEE (14’)
17/11: 2377? Intervention police et Suge (16’)
19/11: 2443? Pb matériel après départ de PE (43’) et Absence de tension d’alimentation sur la zone CHL? 2457 (8’) + 2371 (30’) + 2443 (13’)
22/11: 2371?Descente tardive TEE (38’) + 2465?Csq problème caténaire (33’) + 2443?Attente agent de départ (12’)
29/11: 2371? Heurt d’un chevreuil (23‘)
30/11: 2459? Descente tardive TEE (10’)";20;2.317568543;14;3;26.92307692;19.23076923;19.23076923;26.92307692;7.692307692;0.0
2018-11;National;PARIS LYON;MACON LOCHE;95;202;1;;34;12.74411765;1.835986733;;28;37.08928571;5.849004975;;19;5.849004975;11;5;25.0;10.71428571;25.0;32.14285714;7.142857143;0.0
2018-11;International;FRANCFORT;PARIS EST;218;171;6;;69;5.896135266;2.694444444;;21;38.5452381;7.25959596;;18;7.25959596;7;2;28.57142857;14.28571429;38.0952381;19.04761905;0.0;0.0
2018-11;National;PARIS MONTPARNASSE;ANGERS SAINT LAUD;96;375;4;;45;7.34962963;0.455615454;;46;14.16268116;2.657142857;;16;2.657142857;2;0;20.0;22.85714286;25.71428571;28.57142857;2.857142857;0.0
2018-11;National;LYON PART DIEU;RENNES;236;93;3;;71;10.0213615;8.009444444;;19;42.2245614;11.03703704;"Ce mois-ci, l'OD a été touchée par les incidents suivants :
- le 5 : un choc anormal sur la ligne à grande vitesse Atlantique (29 TGV retardés pour 746 minutes perdues), 
- le 7 : le heurt d'un animal sur la ligne à grande vitesse Bretgane-Pays de la Loire (23 TGV retardés pour 713 minutes perdues), 
- le 8 : la panne d'un TGV sur la ligne à grande vitesse Sud-Est (8 TGV retardés pour 584 minutes perdues),  
- le 14 : la panne d'un TGV sur la ligne à grande vitesse Atlantique (23 TGV retardés pour 319 minutes perdues), 
- le 22 : un dérangement d'installation à Dollon (17 TGV retardés pour 187 minutes perdues), 
- le 24 : des dérangements d'installation et de passages à niveau dû à des actes de malveillance vers Le Mans (9 TGV retardés pour 193 minutes perdues),
- le 27 : un arrachement caténaire par un TER avant Le Mans (16 TGV retardés pour 337 minutes perdues),
- le 30 : un incident caténaire sur la ligne à grande vitesse Atlantique (40 TGV pour 1041 minutes perdues) et l'incendie d'un camion citerne avec un risque d'explosion à proximité de la ligne à grande vitesse Atlantique (25 TGV retardés pour 829 minutes perdues).";19;11.03703704;10;4;10.52631579;21.05263158;26.31578947;36.84210526;0.0;5.263157895
2018-11;National;CHAMBERY CHALLES LES EAUX;PARIS LYON;182;194;2;;113;11.17507375;6.602083333;;64;32.55;11.45824653;;53;11.45824653;29;7;26.5625;26.5625;34.375;7.8125;3.125;1.5625
2018-11;National;PARIS LYON;LYON PART DIEU;119;619;1;;70;12.80785714;0.946467098;;58;41.63735632;4.177481122;;44;4.177481122;31;14;36.84210526;19.29824561;15.78947368;21.05263158;7.01754386;0.0
2018-11;National;ANGOULEME;PARIS MONTPARNASSE;127;266;9;;155;6.105483871;3.808949416;;64;25.20755208;7.877885863;"Ce mois-ci, l'OD a été touchée par les incidents suivants :
- le 5 : un choc anormal sur la ligne à grande vitesse Atlantique (29 TGV retardés pour 746 minutes perdues), 
- le 6 : la panne d'un train de marchandises à St-Pierre-des-Corps (12 TGV retardés  pour 434 minutes perdues),
- le 9 : le heurt d'un animal entre Angoulême et Poitiers (9 TGV retardés pour 577 minutes perdues), 
- le 13 : des tirs de projectiles à l'entré de Paris-Montparnasse nécessitant l'interruption des circulations (13 TGV retardés pour 572 minutes perdues), 
- le 14 : la panne d'un TGV sur la ligne à grande vitesse Atlantique (23 TGV retardés pour 319 minutes perdues), 
- le 21 : une fuite de matières dangereuses sur un train de marchandises à Angoulême entraînant l'interruption des circulations (9 TGV retardés pour 294 minutes perdues), 
- le 30 : un incident caténaire sur la ligne à grande vitesse Atlantique (40 TGV pour 1041 minutes perdues) et l'incendie d'un camion citerne avec un risque d'explosion à proximité de la ligne à grande vitesse Atlantique (25 TGV retardés pour 829 minutes perdues).";36;7.877885863;13;2;18.75;23.4375;34.375;10.9375;3.125;9.375
2018-11;National;BREST;PARIS MONTPARNASSE;227;273;1;;10;7.9;0.293933824;;40;27.22458333;7.281066176;;40;7.281066176;11;1;39.39393939;21.21212121;18.18181818;18.18181818;0.0;3.03030303
2018-11;National;PARIS MONTPARNASSE;BREST;222;273;2;;22;9.260606061;0.214145141;;31;45.12903226;7.929889299;"Ce mois-ci, l'OD a été touchée par les incidents suivants :
- le 5 : un choc anormal sur la ligne à grande vitesse Atlantique (29 TGV retardés pour 746 minutes perdues), 
- le 7 : le heurt d'un animal sur la ligne à grande vitesse Bretgane-Pays de la Loire (23 TGV retardés pour 713 minutes perdues),  
- le 13 : des tirs de projectiles à l'entré de Paris-Montparnasse nécessitant l'interruption des circulations (13 TGV retardés pour 572 minutes perdues), 
- le 14 : la panne d'un TGV sur la ligne à grande vitesse Atlantique (23 TGV retardés pour 319 minutes perdues), 
- le 22 : le heurt d'une personne entre Landerneau et Brest (4 TGV retardés pour 479 minutes perdues),  
- le 30 : un incident caténaire sur la ligne à grande vitesse Atlantique (40 TGV pour 1041 minutes perdues) et l'incendie d'un camion citerne avec un risque d'explosion à proximité de la ligne à grande vitesse Atlantique (25 TGV retardés pour 829 minutes perdues).";31;7.929889299;12;5;35.48387097;25.80645161;9.677419355;9.677419355;9.677419355;9.677419355
2018-11;National;DUNKERQUE;PARIS NORD;116;246;1;;9;4.111111111;0.193877551;;23;16.76884058;2.786870748;;10;2.786870748;1;0;17.39130435;30.43478261;39.13043478;4.347826087;8.695652174;0.0
2018-11;National;MACON LOCHE;PARIS LYON;100;194;0;;148;9.911148649;7.565463918;;29;30.11034483;5.301116838;;23;5.301116838;9;5;27.5862069;27.5862069;27.5862069;6.896551724;6.896551724;3.448275862
2018-11;National;POITIERS;PARIS MONTPARNASSE;98;406;12;;225;8.895111111;5.077707276;;109;20.04847095;6.871996616;"Ce mois-ci, l'OD a été touchée par les incidents suivants :
- le 5 : un choc anormal sur la ligne à grande vitesse Atlantique (29 TGV retardés pour 746 minutes perdues), 
- le 6 : la panne d'un train de marchandises à St-Pierre-des-Corps (12 TGV retardés  pour 434 minutes perdues),
- le 9 : le heurt d'un animal entre Angoulême et Poitiers (9 TGV retardés pour 577 minutes perdues), 
- le 11 : un dérangement sur une aiguille à St-Maixent (6 TGV retardés pour 238 minutes perdues), 
- le 13 : des tirs de projectiles à l'entré de Paris-Montparnasse nécessitant l'interruption des circulations (13 TGV retardés pour 572 minutes perdues), 
- le 14 : la panne d'un TGV sur la ligne à grande vitesse Atlantique (23 TGV retardés pour 319 minutes perdues), 
- le 21 : une fuite de matières dangereuses sur un train de marchandises à Angoulême entraînant l'interruption des circulations (9 TGV retardés pour 294 minutes perdues), 
- le 30 : un incident caténaire sur la ligne à grande vitesse Atlantique (40 TGV pour 1041 minutes perdues) et l'incendie d'un camion citerne avec un risque d'explosion à proximité de la ligne à grande vitesse Atlantique (25 TGV retardés pour 829 minutes perdues).";47;6.871996616;18;4;16.04938272;24.69135802;30.86419753;14.81481481;2.469135802;11.11111111
2018-11;National;PARIS MONTPARNASSE;TOURS;74;184;1;;14;4.553571429;-0.162932605;;40;12.83916667;3.569672131;"Ce mois-ci, l'OD a été touchée par les incidents suivants :
- le 5 : un choc anormal sur la ligne à grande vitesse Atlantique (29 TGV retardés pour 746 minutes perdues), 
- le 6 : la panne d'un train de marchandises à St-Pierre-des-Corps (12 TGV retardés  pour 434 minutes perdues),
- le 9 : le heurt d'un animal entre Angoulême et Poitiers (9 TGV retardés pour 577 minutes perdues), 
- le 13 : des tirs de projectiles à l'entré de Paris-Montparnasse nécessitant l'interruption des circulations (13 TGV retardés pour 572 minutes perdues), 
- le 14 : la panne d'un TGV sur la ligne à grande vitesse Atlantique (23 TGV retardés pour 319 minutes perdues), 
- le 21 : une fuite de matières dangereuses sur un train de marchandises à Angoulême entraînant l'interruption des circulations (9 TGV retardés pour 294 minutes perdues), 
- le 30 : un incident caténaire sur la ligne à grande vitesse Atlantique (40 TGV pour 1041 minutes perdues) et l'incendie d'un camion citerne avec un risque d'explosion à proximité de la ligne à grande vitesse Atlantique (25 TGV retardés pour 829 minutes perdues).";10;3.569672131;2;0;18.18181818;18.18181818;36.36363636;27.27272727;0.0;0.0
2018-11;National;STRASBOURG;PARIS EST;112;464;5;;219;6.805251142;3.166594045;;50;26.57566667;3.689941903;;35;3.689941903;15;1;22.44897959;16.32653061;28.57142857;20.40816327;0.0;12.24489796
2018-11;National;PARIS NORD;DUNKERQUE;114;271;1;;53;10.0927673;1.654012346;;27;21.66666667;3.033333333;;17;3.033333333;5;0;11.53846154;11.53846154;19.23076923;53.84615385;3.846153846;0.0
2018-11;National;LILLE;PARIS NORD;63;578;2;;167;5.019261477;1.388715278;;96;13.27673611;2.407928241;;30;2.407928241;7;0;11.95652174;25.0;29.34782609;20.65217391;9.782608696;3.260869565
2018-11;National;PARIS LYON;CHAMBERY CHALLES LES EAUX;181;183;2;;31;11.67849462;1.576703499;;43;29.0255814;8.289594843;;31;8.289594843;15;3;14.28571429;30.95238095;26.19047619;21.42857143;7.142857143;0.0
2018-11;National;PARIS LYON;DIJON VILLE;95;453;6;;71;19.04014085;2.691573453;;54;40.85679012;5.325876212;;43;5.325876212;25;8;24.52830189;9.433962264;18.86792453;35.8490566;11.32075472;0.0
2018-11;National;PARIS LYON;LE CREUSOT MONTCEAU MONTCHANIN;78;201;0;;29;13.80574713;1.53946932;;45;23.08444444;5.74933665;;18;5.74933665;10;4;25.0;28.57142857;7.142857143;21.42857143;17.85714286;0.0
2018-11;National;PARIS LYON;PERPIGNAN;308;177;1;;27;22.6308642;2.967613636;;63;54.35449735;21.13607955;;63;21.13607955;38;15;30.15873016;44.44444444;12.6984127;9.523809524;3.174603175;0.0
2018-11;National;LAVAL;PARIS MONTPARNASSE;90;196;4;;110;4.579848485;2.661284722;;31;16.80215054;5.278819444;;20;5.278819444;5;2;26.08695652;13.04347826;30.43478261;13.04347826;8.695652174;8.695652174
2018-11;National;PARIS EST;REIMS;45;211;3;;29;12.80862069;1.518990385;;24;18.42916667;2.721314103;;10;2.721314103;5;0;36.36363636;4.545454545;13.63636364;36.36363636;9.090909091;0.0
2018-11;National;TOURS;PARIS MONTPARNASSE;76;189;3;;31;8.802688172;1.460125448;;39;20.61837607;4.63718638;"Ce mois-ci, l'OD a été touchée par les incidents suivants :
- le 5 : un choc anormal sur la ligne à grande vitesse Atlantique (29 TGV retardés pour 746 minutes perdues), 
- le 6 : la panne d'un train de marchandises à St-Pierre-des-Corps (12 TGV retardés  pour 434 minutes perdues),
- le 9 : le heurt d'un animal entre Angoulême et Poitiers (9 TGV retardés pour 577 minutes perdues), 
- le 13 : des tirs de projectiles à l'entré de Paris-Montparnasse nécessitant l'interruption des circulations (13 TGV retardés pour 572 minutes perdues), 
- le 14 : la panne d'un TGV sur la ligne à grande vitesse Atlantique (23 TGV retardés pour 319 minutes perdues), 
- le 21 : une fuite de matières dangereuses sur un train de marchandises à Angoulême entraînant l'interruption des circulations (9 TGV retardés pour 294 minutes perdues), 
- le 30 : un incident caténaire sur la ligne à grande vitesse Atlantique (40 TGV pour 1041 minutes perdues) et l'incendie d'un camion citerne avec un risque d'explosion à proximité de la ligne à grande vitesse Atlantique (25 TGV retardés pour 829 minutes perdues).";12;4.63718638;8;4;15.0;20.0;25.0;30.0;5.0;5.0
2018-11;International;PARIS LYON;GENEVE;192;191;2;;30;19.00555556;2.702028219;;26;44.53461538;6.792239859;;26;6.792239859;12;5;28.0;12.0;32.0;24.0;4.0;0.0
2018-11;National;VALENCE ALIXAN TGV;PARIS LYON;133;285;5;;192;11.71831597;8.15202381;;69;34.91425121;8.75422619;;54;8.75422619;30;9;31.88405797;34.7826087;13.04347826;10.14492754;4.347826087;5.797101449
2018-11;National;MONTPELLIER;LYON PART DIEU;113;275;5;;96;11.94149306;4.352098765;;95;28.42368421;12.87802469;;61;12.87802469;24;10;21.50537634;33.33333333;26.88172043;8.602150538;6.451612903;3.225806452
2018-11;International;PARIS LYON;ITALIE;433;92;1;;15;12.76333333;1.64047619;;17;33.70588235;6.186813187;;17;6.186813187;7;1;11.76470588;47.05882353;17.64705882;23.52941176;0.0;0.0
2018-11;National;PARIS LYON;BELLEGARDE (AIN);160;201;3;;31;18.09086022;2.522053872;;38;34.48070175;8.798989899;;27;8.798989899;12;5;18.91891892;10.81081081;35.13513514;32.43243243;2.702702703;0.0
2018-11;National;PARIS LYON;MULHOUSE VILLE;167;310;3;;49;18.09897959;2.539793702;;48;33.28819444;6.100271444;;31;6.100271444;21;4;21.73913043;15.2173913;21.73913043;30.43478261;10.86956522;0.0
2018-11;National;PARIS MONTPARNASSE;NANTES;129;501;7;;48;7.150694444;0.313832659;;53;19.09371069;3.350067476;;32;3.350067476;3;0;20.75471698;22.64150943;43.39622642;11.32075472;1.886792453;0.0
2018-11;National;LE CREUSOT MONTCEAU MONTCHANIN;PARIS LYON;81;215;1;;138;8.884178744;5.753504673;;37;20.64459459;3.120249221;;15;3.120249221;8;2;28.125;15.625;21.875;12.5;15.625;6.25
2018-11;National;PARIS LYON;TOULON;237;244;7;;43;18.37945736;2.926300985;;49;48.40306122;11.07194093;;49;11.07194093;25;10;16.32653061;18.36734694;30.6122449;30.6122449;2.040816327;2.040816327
2018-11;National;LYON PART DIEU;MONTPELLIER;119;286;7;;201;8.233333333;6.092891278;;119;25.41204482;13.11911589;;75;13.11911589;21;9;21.62162162;38.73873874;25.22522523;8.108108108;2.702702703;3.603603604
2018-11;National;NANTES;PARIS VAUGIRARD;144;60;0;;16;12.16666667;3.083611111;;10;35.205;7.076666667;;7;7.076666667;4;2;20.0;20.0;50.0;10.0;0.0;0.0
2018-11;National;MULHOUSE VILLE;PARIS LYON;168;316;1;;144;7.135416667;3.114973545;;42;45.58214286;6.382751323;;32;6.382751323;19;10;34.14634146;21.95121951;24.3902439;12.19512195;2.43902439;4.87804878
2018-11;National;ST MALO;PARIS MONTPARNASSE;170;73;1;;11;3.28030303;0.602083333;;11;26.76363636;5.860416667;;7;5.860416667;3;1;9.090909091;45.45454545;18.18181818;18.18181818;0.0;9.090909091
2018-11;National;NANCY;PARIS EST;93;292;1;;66;7.959848485;1.863917526;;29;20.09655172;1.950057274;;14;1.950057274;7;0;14.28571429;28.57142857;32.14285714;21.42857143;3.571428571;0.0
2018-11;National;PARIS VAUGIRARD;NANTES;142;60;0;;11;7.145454545;0.830555556;;12;29.79166667;7.714722222;;10;7.714722222;5;1;41.66666667;25.0;25.0;8.333333333;0.0;0.0
2018-11;National;MARSEILLE ST CHARLES;LYON PART DIEU;102;537;7;;145;9.176091954;2.421792453;;116;28.00272989;9.106069182;;75;9.106069182;28;12;11.50442478;15.92920354;46.01769912;15.04424779;9.734513274;1.769911504
2018-11;International;PARIS EST;FRANCFORT;218;172;8;;15;5.76;0.380487805;;23;26.90362319;7.654166667;;22;7.654166667;6;1;30.76923077;23.07692308;30.76923077;7.692307692;7.692307692;0.0
2018-11;International;LAUSANNE;PARIS LYON;223;142;2;;107;4.79423676;3.805714286;;21;51.7031746;9.08;;21;9.08;12;5;23.80952381;23.80952381;28.57142857;9.523809524;9.523809524;4.761904762
2018-11;National;PARIS VAUGIRARD;RENNES;122;30;0;;3;2.327777778;-0.407777778;;3;20.83888889;3.478333333;;2;3.478333333;0;0;33.33333333;0.0;33.33333333;33.33333333;0.0;0.0
2018-11;International;STUTTGART;PARIS EST;190;146;4;;133;5.317919799;5.002112676;;18;35.4212963;6.606690141;;16;6.606690141;11;2;23.52941176;17.64705882;17.64705882;17.64705882;0.0;23.52941176
2018-11;National;LYON PART DIEU;LILLE;187;271;3;;233;11.21065808;9.831902985;;70;35.15285714;11.80485075;"le « Matériel » présente le taux le plus important (exemple : avec la panne du 6122 au Creusot), une irrégularité partagée entre le Produit train avec les mises à quai tardives et les incidents techniques.
La cause « extérieur infra » est très conséquente avec les heurts d’animaux précités, avec les accidents de personnes de Montanay le mardi 06 ou de Villiers le Bel le 30, aussi les personnes dans les voies à Paris le mardi 20 suite alerte radio, en cause pour ce dernier incident une erreur d’aiguillage avec une rame vide Ter envoyée à tort en gare souterraine (problème d’indexation d’itinéraires) .
 En troisième position, il s’agit des dérangements , avec le cas du rail cassé de Joncherolles, voire le rail cassé près de Douai.";62;11.80485075;25;9;24.28571429;14.28571429;52.85714286;5.714285714;0.0;2.857142857
2018-11;National;LYON PART DIEU;PARIS LYON;120;625;3;;451;5.147265336;3.878376206;;75;30.03688889;4.346087889;;55;4.346087889;24;8;28.16901408;23.94366197;12.67605634;18.30985915;7.042253521;9.85915493
2018-11;National;ANGERS SAINT LAUD;PARIS MONTPARNASSE;96;371;8;;184;5.99076087;3.167860422;;66;20.16792929;5.050964187;;26;5.050964187;11;3;13.1147541;36.06557377;36.06557377;11.47540984;0.0;3.278688525
2018-11;National;METZ;PARIS EST;85;302;2;;129;6.892894057;2.975277778;;64;14.10729167;3.6155;"01/11: 2877?Retard sur un autre réseau (41‘)
05/11: Retard sur un autre réseau?2865 (6’) + 2853 (30’) et 2855?Csq LTV 40 (8’)
06/11: 2660?Attente ADC à Metz (22’)
07/11: 2853?Arrêt sous la section de séparation Metz Bellecroix (25’) + 2869?Retard sur un autre réseau (6’) + 2855?Incident en chantier de production EF (6’)
08/11: 2881?Difficultés d’accroche à Metz (6’) + Retard sur un autre réseau? 2881 (9’) + 2869 (6’)
09/11: Retard sur un autre réseau? 2877 (21’) + 2869 (11’) + 2853 (8’) + 2881 (7’)
10/11: 2672?Raté d’ouverture PN (6’)
11/11: 2869?Retard sur un autre réseau (11’)
12/11: Retard autre réseau? 2853 (16’) + 2881 (11’)
13/11: 2881?Problème matériel (7’)
14/11: Dérangement d’installation à Metz? 2853 (35’) + 2855 (26’) et 2865? Retard sur un autre réseau (10’)
15/11: 2881? Incident en chantier de production EF (10’) + 2650?Départ retardé pour mise dans l'horaire du 2852 supprimé (27’)
16/11: Retard autre réseau? 2877 (16’) + 2869 (11’)
17/11: 2676? Attente ADC dû aux manifestations des gilets jaunes (20’) + 2855? Retard autre réseau (14’)
18/11: 2865? Retard autre réseau (8’)
19/11: Absence de tension d’alimentation sur la zone CHL? 2869 (24’) + 2676 (6’) + 2881? Obstacle sur les voies à Maizières les Metz (heurt animal) (54’)
20/11: Retard autre réseau? 2881 (6’) + 2853 (10’) + 2890? Rétention voie 4 Chauconin suite à présomption de heurt au Raincy (21’) + Répétition signal fermé à  Lunel (19‘) + 2855?Taxi en retard suite blocage par gilet jaune (6’)
21/11: 2855?Non-respect marché tracé (6’)
22/11: Retard sur un autre réseau? 2881 (14’) + 2865? Raté de formation pour un itinéraire au départ de la voie 9 (26‘)
23/11: Retard sur un autre réseau? 2865 (10’) + 2853 (20‘) et 2853? Soin matériel roulant (15‘) + 2855? Csq malaise voyageur (12‘) + 2877? Raté ouverture PN (6‘)
25/11: 2893?Retard sur un autre réseau (24‘)
26/11: 2865?Retard sur un autre réseau (13‘)
27/11: 2855?Retard sur un autre réseau (6‘)
28/11: Signal d'alarme et présomption de descente de voyageurs dans les voies à Chelles ? 2891 (6’) et 2881 (6’)
29/11: 2891? Agression sur la voie 2EO (6’) + 2855? Zone en non libération (13’) + 2853?Retard sur un autre réseau (7‘)
30/11: Retard autre réseau? 2877 (19’) + 2881(27’) + 2869 (7’) + 2865 (17’) + 2891 (13’) et 2855? Alarme DBC simple (7‘)";21;3.6155;6;0;3.50877193;14.03508772;50.87719298;14.03508772;15.78947368;1.754385965
2018-11;National;PARIS NORD;LILLE;62;600;2;;109;8.53440367;1.375557414;;73;15.33812785;2.20613155;;26;2.20613155;6;0;15.49295775;9.85915493;28.16901408;43.66197183;2.816901408;0.0
2018-11;National;PARIS MONTPARNASSE;TOULOUSE MATABIAU;258;164;4;;10;6.768333333;0.048958333;;18;76.91666667;8.795;"Ce mois-ci, l'OD a été touchée par les incidents suivants :
- le 5 : un choc anormal sur la ligne à grande vitesse Atlantique (29 TGV retardés pour 746 minutes perdues), 
- le 6 : la panne d'un train de marchandises à St-Pierre-des-Corps (12 TGV retardés  pour 434 minutes perdues),
- le 13 : des tirs de projectiles à l'entré de Paris-Montparnasse nécessitant l'interruption des circulations (13 TGV retardés pour 572 minutes perdues), 
- le 14 : la panne d'un TGV sur la ligne à grande vitesse Atlantique (23 TGV retardés pour 319 minutes perdues), 
- le 22 : la panne d'un TER au sud de Bordeaux (15 TGV retardés pour 850 minutes perdues),
- le 25 : la collision entre un train Intercités et une voiture entre Montauban et Toulouse (14 TGV retardés pour 1984 minutes perdues), 
- le 30 : un incident caténaire sur la ligne à grande vitesse Atlantique (40 TGV pour 1041 minutes perdues) et l'incendie d'un camion citerne avec un risque d'explosion à proximité de la ligne à grande vitesse Atlantique (25 TGV retardés pour 829 minutes perdues).";18;8.795;12;5;33.33333333;27.77777778;16.66666667;16.66666667;0.0;5.555555556
2018-11;National;PARIS MONTPARNASSE;VANNES;153;260;0;;23;7.085507246;0.086282051;;30;25.7;4.422435897;;19;4.422435897;8;1;27.5862069;27.5862069;13.79310345;13.79310345;3.448275862;13.79310345
2018-11;National;STRASBOURG;NANTES;284;39;1;;7;6.188095238;0.794736842;;8;32.73333333;8.395614035;"09/11 : 5488?Csq problème de frein à Tours (11’)
12/11 : 5488?Csq défaut alimentation caténaire (44’)
15/11 : 5488?Rétention suite problème de bagage abandonné (32’)
16/11 : 5488?Csq colis suspect sur 9894 (65‘)
21/11 : 5488?Pb essai freins après la coupe à CGV suite problème sur un bloc moteur (30‘)
22/11 : 5488?Csq dépannage à quai à SG (11‘)
23/11 : 5488?Csq affluence voyageurs à CGV (10’)
29/11 : 5488?Pb de rampe en gare d’Angers (11‘)";8;8.395614035;5;0;42.85714286;14.28571429;28.57142857;14.28571429;0.0;0.0
2018-11;National;QUIMPER;PARIS MONTPARNASSE;224;248;0;;7;5.857142857;0.165322581;;35;30.97380952;7.538844086;;35;7.538844086;12;2;39.39393939;21.21212121;18.18181818;21.21212121;0.0;0.0
2018-11;National;TOULOUSE MATABIAU;PARIS MONTPARNASSE;260;162;1;;21;24.79047619;2.867701863;;16;56.66979167;7.4626294;"Ce mois-ci, l'OD a été touchée par les incidents suivants :
- le 5 : un choc anormal sur la ligne à grande vitesse Atlantique (29 TGV retardés pour 746 minutes perdues), 
- le 6 : la panne d'un train de marchandises à St-Pierre-des-Corps (12 TGV retardés  pour 434 minutes perdues),
- le 13 : des tirs de projectiles à l'entré de Paris-Montparnasse nécessitant l'interruption des circulations (13 TGV retardés pour 572 minutes perdues), 
- le 14 : la panne d'un TGV sur la ligne à grande vitesse Atlantique (23 TGV retardés pour 319 minutes perdues), 
- le 22 : la panne d'un TER au sud de Bordeaux (15 TGV retardés pour 850 minutes perdues),
- le 25 : la collision entre un train Intercités et une voiture entre Montauban et Toulouse (14 TGV retardés pour 1984 minutes perdues), 
- le 30 : un incident caténaire sur la ligne à grande vitesse Atlantique (40 TGV pour 1041 minutes perdues) et l'incendie d'un camion citerne avec un risque d'explosion à proximité de la ligne à grande vitesse Atlantique (25 TGV retardés pour 829 minutes perdues).";16;7.4626294;8;4;46.66666667;26.66666667;13.33333333;13.33333333;0.0;0.0
2018-11;National;PARIS EST;NANCY;95;287;2;;41;9.455284553;1.154385965;;11;29.85666667;1.140350877;;11;1.140350877;5;0;10.0;10.0;0.0;40.0;30.0;10.0
2018-11;National;RENNES;PARIS VAUGIRARD;112;30;0;;5;9.766666667;1.685;;4;28.8875;4.681111111;;4;4.681111111;2;0;50.0;25.0;25.0;0.0;0.0;0.0
2018-11;International;MADRID;MARSEILLE ST CHARLES;454;30;0;;9;3.888888889;0.933333333;;9;43.23703704;16.26833333;;9;16.26833333;5;1;22.22222222;33.33333333;11.11111111;11.11111111;0.0;22.22222222
2018-11;International;PARIS LYON;BARCELONA;387;60;0;;9;20.59074074;2.639722222;;26;35.92307692;17.7;;26;17.7;10;2;19.23076923;53.84615385;7.692307692;7.692307692;11.53846154;0.0
2018-11;National;LE MANS;PARIS MONTPARNASSE;61;373;9;;227;6.592217327;4.224542125;;130;15.3274359;6.228113553;"Ce mois-ci, l'OD a été touchée par les incidents suivants :
- le 5 : un choc anormal sur la ligne à grande vitesse Atlantique (29 TGV retardés pour 746 minutes perdues), 
- le 7 : le heurt d'un animal sur la ligne à grande vitesse Bretgane-Pays de la Loire (23 TGV retardés pour 713 minutes perdues),  
- le 13 : des tirs de projectiles à l'entré de Paris-Montparnasse nécessitant l'interruption des circulations (13 TGV retardés pour 572 minutes perdues), 
- le 14 : la panne d'un TGV sur la ligne à grande vitesse Atlantique (23 TGV retardés pour 319 minutes perdues), 
- le 24 : des dérangements d'installation et de passages à niveau dû à des actes de malveillance vers Le Mans (9 TGV retardés pour 193 minutes perdues),
- le 27 : un arrachement caténaire par un TER avant Le Mans (16 TGV retardés pour 337 minutes perdues),
- le 30 : un incident caténaire sur la ligne à grande vitesse Atlantique (40 TGV pour 1041 minutes perdues) et l'incendie d'un camion citerne avec un risque d'explosion à proximité de la ligne à grande vitesse Atlantique (25 TGV retardés pour 829 minutes perdues).";36;6.228113553;12;5;13.92405063;35.44303797;31.64556962;11.39240506;2.53164557;5.063291139
2018-11;National;VANNES;PARIS MONTPARNASSE;157;265;1;;148;5.610022523;3.148358586;;63;23.38412698;7.731186869;"Ce mois-ci, l'OD a été touchée par les incidents suivants :
- le 5 : un choc anormal sur la ligne à grande vitesse Atlantique (29 TGV retardés pour 746 minutes perdues), 
- le 7 : le heurt d'un animal sur la ligne à grande vitesse Bretgane-Pays de la Loire (23 TGV retardés pour 713 minutes perdues),  
- le 13 : des tirs de projectiles à l'entré de Paris-Montparnasse nécessitant l'interruption des circulations (13 TGV retardés pour 572 minutes perdues), 
- le 14 : la panne d'un TGV sur la ligne à grande vitesse Atlantique (23 TGV retardés pour 319 minutes perdues), 
- le 22 : un dérangement d'installation à Dollon (17 TGV retardés pour 187 minutes perdues), 
- le 24 : des dérangements d'installation et de passages à niveau dû à des actes de malveillance vers Le Mans (9 TGV retardés pour 193 minutes perdues),
- le 27 : un arrachement caténaire par un TER avant Le Mans (16 TGV retardés pour 337 minutes perdues),
- le 30 : un incident caténaire sur la ligne à grande vitesse Atlantique (40 TGV pour 1041 minutes perdues) et l'incendie d'un camion citerne avec un risque d'explosion à proximité de la ligne à grande vitesse Atlantique (25 TGV retardés pour 829 minutes perdues).";37;7.731186869;13;2;30.50847458;22.03389831;18.6440678;25.42372881;0.0;3.389830508
2018-11;National;PARIS MONTPARNASSE;LA ROCHELLE VILLE;167;218;1;;26;5.15;0.194470046;;23;23.0;3.025345622;;11;3.025345622;5;0;13.04347826;39.13043478;26.08695652;4.347826087;4.347826087;13.04347826
2018-11;National;MARNE LA VALLEE;MARSEILLE ST CHARLES;213;308;3;;162;7.92026749;4.278142077;;48;41.09305556;9.15;;48;9.15;23;8;25.53191489;14.89361702;25.53191489;23.40425532;6.382978723;4.255319149
2018-11;International;PARIS LYON;ZURICH;240;147;1;;25;17.78666667;2.724771689;;29;40.89022989;10.76210046;;29;10.76210046;20;4;14.28571429;3.571428571;39.28571429;32.14285714;7.142857143;3.571428571
2018-11;National;ARRAS;PARIS NORD;50;325;3;;141;4.865248227;2.282039337;;81;11.80802469;3.485507246;La journée du vendredi 16 a été concernée par l ’évènement phare du mois avec une régularité composite tombée à 70,9%, en effet le rail cassé de Joncherolles a concerné 36 trains Voyages, et en totalité 148 Tgv pour 1533 minutes. Le jeudi 08, de nombreuses défaillances « Matériel » se sont produites avec la panne du  Thalys 9368 à Izel et  du 7100 à Beugnâtre, soit une vingtaine de Tgv concernés en totalité.;16;3.485507246;4;0;9.090909091;27.27272727;45.45454545;12.12121212;3.03030303;3.03030303
2018-11;National;PARIS LYON;VALENCE ALIXAN TGV;131;330;8;;50;20.71033333;2.780072464;;61;36.09972678;7.869099379;;49;7.869099379;28;9;23.33333333;18.33333333;23.33333333;30.0;3.333333333;1.666666667
2018-11;International;GENEVE;PARIS LYON;194;212;3;;139;3.568705036;2.629266348;;22;53.50151515;6.642264753;;22;6.642264753;14;7;45.45454545;13.63636364;13.63636364;18.18181818;9.090909091;0.0
2018-11;National;TOURCOING;BORDEAUX ST JEAN;284;30;0;;1;2.0;0.066666667;;6;24.75833333;7.718888889;;6;7.718888889;2;0;33.33333333;16.66666667;16.66666667;33.33333333;0.0;0.0
2018-11;National;MARSEILLE ST CHARLES;PARIS LYON;197;428;1;;120;8.743194444;2.243130367;;56;53.27321429;8.584855582;;56;8.584855582;36;15;30.35714286;32.14285714;7.142857143;21.42857143;5.357142857;3.571428571
2018-11;National;PARIS MONTPARNASSE;QUIMPER;222;256;0;;22;6.959090909;0.062174479;;20;38.65;4.84375;;20;4.84375;9;3;26.31578947;31.57894737;15.78947368;21.05263158;0.0;5.263157895
2018-11;National;PARIS EST;METZ;85;309;2;;40;9.355416667;1.007654723;;28;17.39702381;1.459446254;;13;1.459446254;5;0;34.61538462;3.846153846;19.23076923;23.07692308;19.23076923;0.0
2018-11;National;NIMES;PARIS LYON;176;307;5;;200;11.86633333;7.956181015;;87;35.32088123;10.71539735;;65;10.71539735;39;15;36.7816092;35.63218391;13.79310345;5.747126437;3.448275862;4.597701149
2018-12;National;PARIS MONTPARNASSE;RENNES;99;622;4;;94;10.22588652;1.216855448;;95;18.58140351;3.571035599;;38;3.571035599;14;4;19.23076923;26.92307692;21.79487179;23.07692308;5.128205128;3.846153846
2018-12;National;PARIS MONTPARNASSE;ST PIERRE DES CORPS;61;393;1;;44;12.30113636;1.009183673;;82;16.04247967;4.165433673;"Ce mois-ci, l'OD a été touchée par les incidents suivants :
- le 4 : un dérangement d'installation sur la ligne à grande vitesse Atlantique (22 TGV impactés pour 466 minutes perdues), 
 - le 7 : un dérangement d'installation à l'entrée de Paris-Montparnasse (43 TGV impactés pour  655 minutes perdues), 
- le 15 : une fuite de matières dangereuses sur un train de marchandises au nord d'Angoulême - 8 TGV impactés pour 129' perdues.
- le 18 : un incident caténaire à l'entrée de Paris-Montparnasse (79 TGV impactés pour 1034 minutes perdues),
- le 25 : un heurt de sanglier sur la ligne à grande vitesse Atlantique (29 TGV impactés pour 2082 minutes perdues), 
- le 31 : une panne d'un TGV sur la ligne à grande vitesse Atlantique ( 7 TGV impactés pour 87 minutes perdues).";22;4.165433673;10;3;18.91891892;32.43243243;13.51351351;32.43243243;0.0;2.702702703
2018-12;National;PARIS MONTPARNASSE;TOURS;72;176;0;;20;8.745;0.58532197;;46;15.33152174;5.023484848;"Ce mois-ci, l'OD a été touchée par les incidents suivants :
- le 4 : un dérangement d'installation sur la ligne à grande vitesse Atlantique (22 TGV impactés pour 466 minutes perdues), 
 - le 7 : un dérangement d'installation à l'entrée de Paris-Montparnasse (43 TGV impactés pour  655 minutes perdues), 
- le 15 : une fuite de matières dangereuses sur un tarin de marchandises au nord d'Angoulême (8 TGV impactés pour 129' perdues),
- le 18 :un incident caténaire à l'entrée de Paris-Montparnasse (79 TGV impactés pour 1034 minutes perdues),
- le 25 : un heurt de sanglier sur la ligne à grande vitesse Atlantique (29 TGV impactés pour 2082 minutes perdues), 
- le 31 : une panne d'un TGV sur la ligne à grande vitesse Atlantique ( 7 TGV impactés pour 87 minutes perdues).";12;5.023484848;5;2;12.5;29.16666667;20.83333333;33.33333333;0.0;4.166666667
2018-12;National;PARIS EST;STRASBOURG;115;532;11;;95;20.25473684;3.615355086;;79;44.55147679;7.218426104;"01/12 : 2377? Descente tardive TEE (14’)
02/12 : 2371? Pb fermeture des portes (53‘)
03/12 : 2877? Rame 138H HS emmarchement (14’)
04/12 : 2465? Heurt Animal (33’) + 2377? Incendie tunnel de Saverne (35‘) 
05/12 : 2443?  Arrêt exceptionnel à Lorraine TGV (41‘)
07/12 : Franchissement signal fermé à CGV ?2465 (21‘) + 2377 (21’)  + Absence de tension à CGV?2465 (73‘), 2443 (31‘), 2471 (103‘), 2377 (123’) et 2459 (84‘) + Dérangement installation de signalisation? 2407 (103’)
08/12 : 2443? Sortie tardive TEE (16‘)  +  incident caténaire à Ocquerre (10’)
09/12 : Sortie tardive TEE ? 2443 (24‘)  + 2371 (68’) 
10/12 : 2377? Dérangement installation de signalisation (17’) + 2421? Sortie tardive TEE (13’) + 2407 ? Attente prise en charge pompier (26’)
12/12 : 2377? Malaise voyageur sur le quai (24’) + 2369? Attente Fahrplan à SG (15‘) + 2421? Sortie tardive TEE (10‘)
13/12 : 2407? Répétition signaux fermé en cabine (10‘)
14/12 : 2407? Rétention avitaillement puis signal d'alarme (26‘)
16/12 : 2465 ?Personne sur les voies aux abords de Dombasle (24‘) + 2407? Sortie tardive TEE (29‘)
17/12 : 2465 ? Reprise de voie (29‘) + 2409? Pb de tension (31‘) 
18/12 : Intervalle en non libération ? 2407 (21’), 2409 (18’) et 2404 (31’) 
21/12 : 2431? Descente tardive TEE (50‘) +  2404?Travaux restitution tardive (10‘)
22/12 : 2377 ? Descente tardive TEE (31‘)
27/12 : 2377? Csq frein serré sur 7682 (98‘) + Alerte à la bombe, colis suspect ? 2443 (169‘) et 2377 (14‘)
30/12: 2421 ? Pb de sonorisation de la rame  (17’)
31/12 : 2407 ?Voie en non libération (12’)";64;7.218426104;40;16;27.02702703;25.67567568;9.459459459;31.08108108;5.405405405;1.351351351
2018-12;National;BORDEAUX ST JEAN;PARIS VAUGIRARD;144;16;0;;3;36.11666667;6.60625;;3;42.35555556;8.247916667;;2;8.247916667;2;1;0.0;0.0;33.33333333;66.66666667;0.0;0.0
2018-12;National;PARIS LYON;AIX EN PROVENCE TGV;187;412;4;;67;12.83855721;1.788602941;;37;40.48738739;3.330065359;;36;3.330065359;20;8;48.64864865;0.0;10.81081081;32.43243243;8.108108108;0.0
2018-12;National;PARIS LYON;TOULON;245;251;8;;49;12.81904762;2.235871056;;36;37.47407407;6.088340192;;36;6.088340192;18;4;41.66666667;5.555555556;25.0;19.44444444;2.777777778;5.555555556
2018-12;National;BREST;PARIS MONTPARNASSE;226;268;1;;9;10.33333333;0.348314607;;21;35.46666667;6.318851436;;21;6.318851436;5;3;25.0;25.0;25.0;25.0;0.0;0.0
2018-12;National;LA ROCHELLE VILLE;PARIS MONTPARNASSE;165;218;1;;16;7.875;0.580645161;;31;29.77043011;6.337941628;;22;6.337941628;11;2;30.76923077;30.76923077;19.23076923;7.692307692;3.846153846;7.692307692
2018-12;National;PARIS LYON;LYON PART DIEU;119;577;1;;54;10.1287037;0.555787037;;42;20.75515873;1.305063657;;21;1.305063657;7;2;42.85714286;2.380952381;21.42857143;28.57142857;4.761904762;0.0
2018-12;National;PARIS LYON;MARSEILLE ST CHARLES;200;510;5;;82;11.4754065;1.505115512;;47;34.35035461;2.291122112;;47;2.291122112;19;7;40.42553191;19.14893617;10.63829787;23.40425532;6.382978723;0.0
2018-12;International;PARIS EST;FRANCFORT;222;45;0;;11;27.23636364;6.55;;10;49.025;14.53407407;;10;14.53407407;7;2;0.0;66.66666667;16.66666667;16.66666667;0.0;0.0
2018-12;International;PARIS EST;STUTTGART;176;148;1;;22;15.57727273;2.299546485;;31;42.55268817;12.11281179;;31;12.11281179;19;6;37.5;4.166666667;16.66666667;29.16666667;12.5;0.0
2018-12;International;MARSEILLE ST CHARLES;MADRID;451;30;1;;8;2.695833333;0.970689655;;3;21.33333333;0.75862069;;3;0.75862069;0;0;50.0;0.0;50.0;0.0;0.0;0.0
2018-12;National;RENNES;PARIS MONTPARNASSE;99;596;4;;235;7.672340426;3.109515766;;156;15.96356838;5.511486486;"Ce mois-ci, l'OD a été touchée par les incidents suivants :
-le 2 : un dérangement sur un  passage à niveau à Bruz (4 TGV impactés pour 112 minutes perdues). 
- le 4 : un dérangement d'installation sur la ligne à grande vitesse Atlantique (22 TGV impactés pour 466 minutes perdues), 
- le 6 : un dérangement d'installation vers Connerré nécessitant une limitation de vitesse (17 TGV impactés pour 193 minutes perdues), 
- le 14 : un incident caténaire à Vannes (9 TGV impactés pour 199 minutes perdues),
- le 18 : un incident caténaire à l'entrée de Paris-Montparnasse (79 TGV impactés pour 1034 minutes perdues),
- le 25 : un heurt de sanglier sur la ligne à grande vitesse Atlantique (29 TGV impactés pour 2082 minutes perdues),
- le 27 : un heurt d'animal entre Redon et Rennes (3 TGV impactés pour 230 minutes perdues).";44;5.511486486;15;4;15.59633028;35.77981651;20.18348624;20.18348624;1.834862385;6.422018349
2018-12;National;PARIS VAUGIRARD;BORDEAUX ST JEAN;164;15;0;;2;10.08333333;0.666666667;;1;10.61666667;0.448888889;;0;0.448888889;0;0;100.0;0.0;0.0;0.0;0.0;0.0
2018-12;National;CHAMBERY CHALLES LES EAUX;PARIS LYON;188;240;4;;136;10.20134804;5.909816384;;33;24.70606061;4.341172316;;26;4.341172316;7;1;22.58064516;12.90322581;38.70967742;16.12903226;9.677419355;0.0
2018-12;International;ZURICH;PARIS LYON;243;125;0;;44;1.512878788;1.044666667;;12;44.72361111;5.296933333;;12;5.296933333;6;3;66.66666667;8.333333333;8.333333333;8.333333333;8.333333333;0.0
2018-12;National;PARIS MONTPARNASSE;BREST;222;267;0;;38;11.84429825;1.307990012;;19;35.05263158;4.172284644;;19;4.172284644;9;2;15.78947368;47.36842105;10.52631579;15.78947368;0.0;10.52631579
2018-12;National;PARIS MONTPARNASSE;QUIMPER;221;257;1;;41;12.49146341;1.610286458;;21;44.33333333;5.19140625;"Ce mois-ci, l'OD a été touchée par les incidents suivants :
-le 2 : un dérangement sur un  passage à niveau à Bruz (4 TGV impactés pour 112 minutes perdues). 
- le 4 : un dérangement d'installation sur la ligne à grande vitesse Atlantique (22 TGV impactés pour 466 minutes perdues), 
- le 6 : un dérangement d'installation vers Connerré nécessitant une limitation de vitesse (17 TGV impactés pour 193 minutes perdues), 
- le 14 : un incident caténaire à Vannes (9 TGV impactés pour 199 minutes perdues),
- le 18 : un incident caténaire à l'entrée de Paris-Montparnasse (79 TGV impactés pour 1034 minutes perdues),
- le 25 : un heurt de sanglier sur la ligne à grande vitesse Atlantique (29 TGV impactés pour 2082 minutes perdues),
- le 27 : un heurt d'animal entre Redon et Rennes (3 TGV impactés pour 230 minutes perdues), 
-le 31 : une panne d'un TGV sur la ligne à grande vitesse Atlantique ( 7 TGV impactés pour 87 minutes perdues).";21;5.19140625;12;5;33.33333333;33.33333333;4.761904762;23.80952381;0.0;4.761904762
2018-12;National;MACON LOCHE;PARIS LYON;99;203;4;;133;8.195739348;5.456113903;;23;25.23768116;3.475711893;;12;3.475711893;5;2;34.7826087;8.695652174;26.08695652;13.04347826;13.04347826;4.347826087
2018-12;National;DIJON VILLE;PARIS LYON;98;437;6;;249;9.843908969;5.794354215;;37;45.88198198;4.081013148;;25;4.081013148;14;9;46.875;15.625;21.875;6.25;9.375;0.0
2018-12;National;MARSEILLE ST CHARLES;PARIS LYON;201;466;3;;149;8.19541387;2.518790497;;44;37.63901515;4.505687545;;44;4.505687545;20;3;27.27272727;13.63636364;13.63636364;31.81818182;9.090909091;4.545454545
2018-12;International;PARIS LYON;BARCELONA;378;62;0;;12;14.08194444;2.293010753;;13;32.38461538;9.725806452;;13;9.725806452;5;2;58.33333333;0.0;16.66666667;25.0;0.0;0.0
2018-12;National;PARIS LYON;SAINT ETIENNE CHATEAUCREUX;169;118;0;;13;9.933333333;0.623870056;;17;21.80490196;4.714548023;;10;4.714548023;4;1;23.52941176;5.882352941;35.29411765;23.52941176;11.76470588;0.0
2018-12;National;VANNES;PARIS MONTPARNASSE;155;270;1;;100;4.17;1.550185874;;41;25.12195122;6.111586121;;20;6.111586121;8;4;24.3902439;31.70731707;21.95121951;17.07317073;2.43902439;2.43902439
2018-12;National;PARIS MONTPARNASSE;ANGERS SAINT LAUD;92;412;0;;61;7.556010929;0.79526699;;68;20.16617647;4.38592233;;31;4.38592233;7;3;26.92307692;17.30769231;40.38461538;9.615384615;5.769230769;0.0
2018-12;National;TOULOUSE MATABIAU;PARIS MONTPARNASSE;257;183;0;;17;7.535294118;0.257923497;;16;41.72604167;5.289708561;"Ce mois-ci, l'OD a été touchée par les incidents suivants :
- le 4 : un dérangement d'installation sur la ligne à grande vitesse Atlantique (22 TGV impactés pour 466 minutes perdues), 
 - le 7 : un dérangement d'installation à l'entrée de Paris-Montparnasse (43 TGV impactés pour  655 minutes perdues), 
- le 15 : une collision avec un véhicule vers Agen ( 4 TGV impactés pour 79 minutes perdues), 
- le 18 : un incident caténaire à l'entrée de Paris-Montparnasse (79 TGV impactés pour 1034 minutes perdues),
- le 22 : un dérangement de passage à niveau entre Montauaban et Agen (3 TGV impactés pour 79 minutes perdues),
- le 25 : un heurt de sanglier sur la ligne à grande vitesse Atlantique (29 TGV impactés pour 2082 minutes perdues), 
- le 31 : une panne d'un TGV sur la ligne à grande vitesse Atlantique ( 7 TGV impactés pour 87 minutes perdues).";16;5.289708561;8;4;37.5;18.75;12.5;31.25;0.0;0.0
2018-12;National;ANNECY;PARIS LYON;227;159;1;;16;12.4375;1.251160338;;20;28.97833333;5.102953586;;20;5.102953586;6;1;25.0;15.0;30.0;15.0;15.0;0.0
2018-12;National;AVIGNON TGV;PARIS LYON;163;422;3;;116;7.28045977;1.791249006;;56;28.46934524;4.521877486;;32;4.521877486;17;3;30.35714286;7.142857143;21.42857143;26.78571429;8.928571429;5.357142857
2018-12;International;PARIS LYON;ZURICH;237;144;0;;31;13.94301075;2.720717593;;32;38.70052083;10.18530093;;32;10.18530093;14;4;13.79310345;6.896551724;34.48275862;44.82758621;0.0;0.0
2018-12;National;TOURS;PARIS MONTPARNASSE;75;178;0;;15;3.788888889;0.355337079;;38;13.63640351;3.558333333;"Ce mois-ci, l'OD a été touchée par les incidents suivants :
- le 4 : un dérangement d'installation sur la ligne à grande vitesse Atlantique (22 TGV impactés pour 466 minutes perdues), 
 - le 7 : un dérangement d'installation à l'entrée de Paris-Montparnasse (43 TGV impactés pour  655 minutes perdues), 
- le 15 : une fuite de matières dangereuses sur un tarin de marchandises au nord d'Angoulême (8 TGV impactés pour 129' perdues),
- le 18 :un incident caténaire à l'entrée de Paris-Montparnasse (79 TGV impactés pour 1034 minutes perdues),
- le 25 : un heurt de sanglier sur la ligne à grande vitesse Atlantique (29 TGV impactés pour 2082 minutes perdues), 
- le 31 : une panne d'un TGV sur la ligne à grande vitesse Atlantique ( 7 TGV impactés pour 87 minutes perdues).";9;3.558333333;4;1;4.761904762;38.0952381;38.0952381;14.28571429;0.0;4.761904762
2018-12;National;PARIS NORD;DOUAI;67;201;5;;34;13.05833333;2.029251701;;36;26.91990741;4.244387755;;15;4.244387755;10;4;21.21212121;27.27272727;21.21212121;18.18181818;6.060606061;6.060606061
2018-12;National;PARIS LYON;VALENCE ALIXAN TGV;131;282;4;;54;12.68425926;2.118105516;;36;24.60694444;4.173980815;;17;4.173980815;9;1;38.88888889;0.0;22.22222222;30.55555556;8.333333333;0.0
2018-12;National;PARIS VAUGIRARD;NANTES;141;15;0;;3;54.33333333;10.47555556;;6;49.22777778;21.02888889;;5;21.02888889;4;1;16.66666667;16.66666667;33.33333333;33.33333333;0.0;0.0
2018-12;International;LAUSANNE;PARIS LYON;225;140;5;;97;6.34742268;4.688148148;;14;84.30119048;9.463703704;;14;9.463703704;8;5;60.0;10.0;20.0;10.0;0.0;0.0
2018-12;National;PARIS MONTPARNASSE;LAVAL;83;235;2;;39;8.505128205;1.104506438;;49;16.43877551;4.239842632;"Ce mois-ci, l'OD a été touchée par les incidents suivants :
- le 2 : un dérangement sur un passage à niveau à Bruz (4 TGV impactés pour 112 minutes perdues). 
- le 4 : un dérangement d'installation sur la ligne à grande vitesse Atlantique (22 TGV impactés pour 466 minutes perdues), 
 - le 6 : la panne d'un TER vers Morannes (9 TGV impactés pour 237 minutes perdues) et un dérangement d'installation vers Connerré nécessitant une limitation de vitesse (17 TGV impactés pour 193 minutes perdues), 
- le 18 : un incident caténaire à l'entrée de Paris-Montparnasse (79 TGV impactés pour 1034 minutes perdues),
- le 25 : un heurt de sanglier sur la ligne à grande vitesse Atlantique (29 TGV impactés pour 2082 minutes perdues),
- le 31 : une panne d'un TGV sur la ligne à grande vitesse Atlantique ( 7 TGV impactés pour 87 minutes perdues).";13;4.239842632;6;2;20.0;23.33333333;26.66666667;13.33333333;10.0;6.666666667
2018-12;National;NANCY;PARIS EST;95;305;1;;76;8.250877193;2.073355263;;34;33.92254902;2.892214912;;22;2.892214912;11;6;15.15151515;30.3030303;15.15151515;33.33333333;3.03030303;3.03030303
2018-12;National;TOURCOING;MARSEILLE ST CHARLES;304;7;0;;2;1.0;0.285714286;;0;0.0;0.74047619;;0;0.74047619;0;0;0.0;0.0;0.0;0.0;0.0;0.0
2018-12;National;PARIS LYON;MULHOUSE VILLE;168;285;1;;55;13.83848485;2.412969484;;44;33.48674242;5.984507042;;34;5.984507042;12;5;27.90697674;4.651162791;25.58139535;41.86046512;0.0;0.0
2018-12;National;PARIS MONTPARNASSE;LE MANS;57;437;1;;59;7.978248588;0.778172783;;71;13.50469484;2.290443425;;16;2.290443425;3;2;14.89361702;25.53191489;36.17021277;17.0212766;6.382978723;0.0
2018-12;National;PARIS MONTPARNASSE;POITIERS;93;486;2;;57;6.602631579;0.428615702;;66;18.55353535;4.016838843;;32;4.016838843;13;2;18.0;26.0;32.0;24.0;0.0;0.0
2018-12;National;PARIS EST;REIMS;45;211;1;;37;19.21306306;3.234920635;;30;29.97277778;4.650952381;;17;4.650952381;8;4;21.42857143;21.42857143;21.42857143;28.57142857;7.142857143;0.0
2018-12;National;PARIS LYON;AVIGNON TGV;160;453;3;;71;12.44507042;1.619296296;;61;27.74535519;4.286518519;;38;4.286518519;18;6;26.66666667;1.666666667;26.66666667;35.0;8.333333333;1.666666667
2018-12;National;PARIS LYON;BESANCON FRANCHE COMTE TGV;129;187;1;;23;12.04057971;1.212544803;;15;24.49111111;2.975537634;;14;2.975537634;5;0;21.42857143;0.0;35.71428571;42.85714286;0.0;0.0
2018-12;National;PARIS LYON;DIJON VILLE;96;453;3;;63;15.47857143;1.859185185;;28;32.67083333;1.973296296;;23;1.973296296;11;3;18.51851852;0.0;0.0;81.48148148;0.0;0.0
2018-12;National;PARIS LYON;NIMES;177;264;4;;51;12.1;2.031858974;;35;32.80285714;5.713397436;;24;5.713397436;11;4;45.71428571;0.0;28.57142857;17.14285714;8.571428571;0.0
2018-12;National;POITIERS;PARIS MONTPARNASSE;94;391;9;;175;7.235904762;3.245157068;;78;17.98098291;5.297862129;;32;5.297862129;16;2;16.36363636;30.90909091;32.72727273;16.36363636;0.0;3.636363636
2018-12;National;TOURCOING;BORDEAUX ST JEAN;286;29;0;;2;18.5;1.275862069;;6;54.675;12.42413793;;6;12.42413793;3;2;16.66666667;16.66666667;16.66666667;50.0;0.0;0.0
2018-12;National;PARIS LYON;MACON LOCHE;96;225;1;;32;10.996875;1.22827381;;19;29.24210526;3.266592262;;13;3.266592262;8;2;21.05263158;5.263157895;5.263157895;57.89473684;10.52631579;0.0
2018-12;National;LYON PART DIEU;MARNE LA VALLEE;109;261;5;;179;9.251024209;6.552994792;;44;27.40530303;5.308268229;;35;5.308268229;12;4;30.23255814;4.651162791;34.88372093;13.95348837;16.27906977;0.0
2018-12;National;MARNE LA VALLEE;LYON PART DIEU;110;300;5;;201;10.47885572;7.249435028;;64;26.38515625;6.262485876;;39;6.262485876;16;3;20.96774194;1.612903226;33.87096774;22.58064516;9.677419355;11.29032258
2018-12;National;MONTPELLIER;PARIS LYON;208;308;3;;158;7.296097046;3.840054645;;42;32.56468254;4.76010929;;42;4.76010929;19;4;40.47619048;16.66666667;21.42857143;14.28571429;4.761904762;2.380952381
2018-12;National;NIMES;PARIS LYON;176;308;3;;166;8.605722892;4.768032787;;58;26.85316092;4.76010929;;42;4.76010929;19;4;36.20689655;13.79310345;25.86206897;13.79310345;5.172413793;5.172413793
2018-12;International;MADRID;MARSEILLE ST CHARLES;471;31;0;;13;4.0;1.290322581;;6;26.54444444;7.056451613;;6;7.056451613;1;0;20.0;20.0;20.0;40.0;0.0;0.0
2018-12;National;PARIS LYON;BELLEGARDE (AIN);162;227;2;;47;16.78900709;3.263851852;;52;27.67916667;8.476074074;;33;8.476074074;14;5;17.30769231;11.53846154;38.46153846;32.69230769;0.0;0.0
2018-12;National;PARIS LYON;PERPIGNAN;307;160;2;;30;13.34444444;2.131751055;;35;34.42952381;10.0771097;;35;10.0771097;13;5;61.76470588;8.823529412;14.70588235;11.76470588;0.0;2.941176471
2018-12;National;SAINT ETIENNE CHATEAUCREUX;PARIS LYON;168;117;0;;15;6.946666667;0.892165242;;14;20.05952381;3.29985755;;9;3.29985755;2;0;35.71428571;0.0;57.14285714;0.0;7.142857143;0.0
2018-12;National;MARSEILLE ST CHARLES;LYON PART DIEU;104;432;11;;114;5.567105263;1.524584323;;56;25.40833333;5.227632621;;36;5.227632621;15;4;33.96226415;9.433962264;22.64150943;11.32075472;11.32075472;11.32075472
2018-12;International;PARIS LYON;GENEVE;190;199;2;;42;14.97063492;2.964720812;;28;46.74404762;8.591201354;;28;8.591201354;14;6;29.62962963;11.11111111;14.81481481;44.44444444;0.0;0.0
2018-12;National;PARIS MONTPARNASSE;BORDEAUX ST JEAN;145;764;7;;97;12.98075601;1.344231616;;72;28.75162037;2.282760898;;55;2.282760898;20;5;23.61111111;22.22222222;26.38888889;25.0;0.0;2.777777778
2018-12;National;PARIS EST;METZ;85;309;4;;61;19.99016393;3.91;;47;33.7393617;5.452622951;;34;5.452622951;19;9;17.39130435;21.73913043;15.2173913;30.43478261;13.04347826;2.173913043
2018-12;National;STRASBOURG;NANTES;292;43;0;;8;3.5;0.575193798;;5;69.73666667;9.595348837;"05/12 : 5488?  Non-respect marche tracée (17’) 
07/12 : 5488? Absence tension en ligne à CGV (201’) + 5487? Traversées de voies à Antony (93’)
23/12 : 5488? Signal d’alarme (29‘) 
24/12 : 5487? Moutons sur les voies à Noyen (24‘)";5;9.595348837;2;2;40.0;0.0;40.0;20.0;0.0;0.0
2018-12;National;METZ;PARIS EST;85;294;3;;146;8.63847032;4.402691867;;79;25.35232068;7.410252005;"01/12 : 2865? Personne dans les voies entre UCK et HGD (13’) + 2861? Non ouverture de signal Metz ville (21’)
03/12 : 2865? Retard autre réseau (9’) + 2860?Attente ASCT à MZ (6‘)
04/12 : 2891? Collision animal (17‘) + 2853? Retard autre réseau (7‘)
05/12 : 2881? Retard sur autre réseau (8‘)
07/12 : 2891? Franchissement signal fermé à CGV (185‘) + Retard autre réseau? 2877 (9’), 2853 (8’) et 2881 (7’) + Incident caténaire à CGV ?2672 (45’), 2877 (45’), 2676 (121’) et 2881 (74’) +2855 ? Dérangement installation signalisation à Vaires (8’)
08/12 : Retard sur un autre réseau ? 2869 (7’) et 2861 (32’) + Pb caténaire? 2676 (7‘)
09/12 : 2893 ?Difficulté d’accroche à MZ (6‘)
10/12 : Retard sur un autre réseau ? 2873 (10’), 2871 (8’), 2883 (13’) et 2853 (12’) 
11/12 : Retard sur un autre réseau ? 2865 (8’), 2855 (8’), 2883 (6’) et 2853 (8’) + Dérangement installations de signalisation ? 2855 (8’)
12/12 : Retard sur un autre réseau ? 2883 (31’), 2873 (6’) et 2855 (13’) 
13/12 : Retard sur un autre réseau ? 2883 (7‘) et 2853 (6‘) + 2855 ? Difficulté accroche à MZ (6’) 
14/12 : Retard sur un autre réseau ? 2873 (11‘), 2865 (12‘) et 2871 (12‘) + Accident de personne à Pagny ? 2883 (23’), 2873 (53’) et 2680 (80’)
16/12 : Retard sur un autre réseau ? 2871 (18’), 2865 (24’) + Attente correspondance ?2861 (12’) + LTV intempéries ? 2865 (18’)
17/12 : 2873? ERTMS (16’) + Retard autre réseau? 2871 (7‘), 2865 (6‘)
18/12 : Décontrôle aiguille à Livry - Louvercy ? 2855 (28’), 2853 (42’), 2650 (34’) + Retard autre réseau? 2871 (8‘) et 2865 (8‘) 
20/12 : Retard sur un autre réseau ? 2853 (8’) et 2873 (30’) 
21/12 : 2680? Descente tardive TEE (18‘) + Retard sur un autre réseau ? 2883 (23‘) + 2873 (16‘)
22/12 : Retard sur un autre réseau ? 2865 (8‘)
23/12 : 2662 ? Signal d’alarme (10’) + Retard sur un autre réseau ? 2871 (7‘)
25/12 : 2865 ? Retard sur un autre réseau (9’)
26/12 : 2882? Attente remise d'ordre à MZV (14’)
27/12 : 2865 ? Retard sur un autre réseau (13’)
28/12 : Retard sur un autre réseau? 2883 (11’) et 2853 (10’) + 2865 ? Signal d’alarme à THL (8’) + 2853? Compo rame inversée (6’) 
30/12 : 2893? Pb de fermeture des portes (8‘)
31/12 : 2877? Attente matériel roulant (31’)";32;7.410252005;17;8;17.56756757;12.16216216;35.13513514;28.37837838;2.702702703;4.054054054
2018-12;National;PARIS NORD;ARRAS;49;285;6;;46;12.48043478;1.864456392;;47;21.24219858;3.904360812;;21;3.904360812;8;3;19.14893617;23.40425532;29.78723404;21.27659574;2.127659574;4.255319149
2018-12;National;AIX EN PROVENCE TGV;PARIS LYON;187;385;3;;193;7.391018998;3.804581152;;33;40.27020202;4.517277487;;33;4.517277487;17;2;30.3030303;6.060606061;21.21212121;33.33333333;6.060606061;3.03030303
2018-12;National;LE CREUSOT MONTCEAU MONTCHANIN;PARIS LYON;81;218;2;;132;6.304545455;3.832561728;;31;13.84247312;1.699151235;;8;1.699151235;1;0;29.62962963;0.0;40.74074074;14.81481481;7.407407407;7.407407407
2018-12;National;PARIS LYON;NICE VILLE;354;193;5;;38;14.83245614;2.632003546;;28;39.25059524;7.448670213;;28;7.448670213;15;5;46.42857143;7.142857143;25.0;10.71428571;3.571428571;7.142857143
2018-12;International;FRANCFORT;PARIS EST;225;40;0;;17;3.262745098;1.633333333;;14;48.57142857;18.72041667;;14;18.72041667;7;3;14.28571429;35.71428571;35.71428571;14.28571429;0.0;0.0
2018-12;National;LILLE;LYON PART DIEU;191;240;4;;104;8.80400641;3.933333333;;45;29.84259259;6.982627119;;35;6.982627119;14;3;23.25581395;0.0;30.23255814;23.25581395;9.302325581;13.95348837
2018-12;National;VALENCE ALIXAN TGV;PARIS LYON;133;300;3;;178;9.699906367;5.85016835;;53;26.58238994;4.387037037;;40;4.387037037;16;3;39.62264151;13.20754717;28.30188679;13.20754717;1.886792453;3.773584906
2018-12;National;MONTPELLIER;LYON PART DIEU;114;238;4;;90;9.33;3.722720798;;46;28.69456522;7.933404558;;33;7.933404558;9;4;35.55555556;33.33333333;8.888888889;13.33333333;4.444444444;4.444444444
2018-12;International;ITALIE;PARIS LYON;426;97;4;;80;4.60625;3.919354839;;14;54.075;11.13422939;;14;11.13422939;5;1;7.692307692;23.07692308;30.76923077;23.07692308;15.38461538;0.0
2018-12;National;LILLE;MARSEILLE ST CHARLES;298;175;1;;50;13.276;3.64032567;;34;42.52058824;10.38467433;;34;10.38467433;15;5;45.45454545;9.090909091;24.24242424;12.12121212;6.060606061;3.03030303
2018-12;National;NANTES;PARIS VAUGIRARD;144;14;0;;5;9.373333333;3.429761905;;3;15.11666667;5.416666667;;2;5.416666667;0;0;0.0;0.0;66.66666667;33.33333333;0.0;0.0
2018-12;National;PARIS MONTPARNASSE;VANNES;151;261;1;;42;12.36111111;1.607692308;;43;27.72093023;6.069230769;;22;6.069230769;12;5;25.58139535;32.55813953;6.976744186;23.25581395;0.0;11.62790698
2018-12;National;LYON PART DIEU;LILLE;186;237;5;;173;8.91628131;6.730675287;;60;27.69944444;10.32313218;"Première cause d'irrégularité les ""Autres transporteurs""--En exemple la panne Eurostar 9023 le di 23  au sud de TGV HP de 12h à 20h : 49 TGV touchés dont 20 détournés ligne classique (TGV IS bien concernés aussi)";47;10.32313218;20;3;24.13793103;5.172413793;37.93103448;13.79310345;15.51724138;3.448275862
2018-12;National;PARIS MONTPARNASSE;LA ROCHELLE VILLE;168;221;0;;24;6.217361111;0.398642534;;22;31.18181818;4.022624434;;17;4.022624434;8;1;31.81818182;45.45454545;18.18181818;0.0;0.0;4.545454545
2018-12;National;LAVAL;PARIS MONTPARNASSE;87;221;2;;113;5.672271386;2.985159817;;21;17.68253968;4.734931507;;17;4.734931507;4;1;30.76923077;38.46153846;7.692307692;15.38461538;0.0;7.692307692
2018-12;National;ARRAS;PARIS NORD;50;308;6;;125;7.0132;3.054856512;;71;14.81995305;4.082726269;"Première cause d'irrégularité, les Autres transporteurs , en exemple sur le secteur: le 03/12arrachement de 9 pédales de PN entre Somain et Valenciennes par FRET 457171: 5 tgv concernés. Aussi le 14/12 :Défaillance FRET entre Hazebrouck et Béthune, 4 PN en RO -8 Tgv concernés
Défaillance FRET entre Valenciennes et Douai: 8 Tgv concernés
Avec l'évènelent phare du mois pour la panne Eurostar 9023 à TGV HP 50 TGV concernés (détournements LC=";16;4.082726269;8;2;10.60606061;6.060606061;56.06060606;13.63636364;10.60606061;3.03030303
2018-12;National;PARIS NORD;DUNKERQUE;115;246;3;;47;13.19539007;2.351577503;;40;32.025;6.028806584;;32;6.028806584;16;4;11.11111111;36.11111111;8.333333333;36.11111111;5.555555556;2.777777778
2018-12;National;LILLE;PARIS NORD;63;548;7;;189;8.652557319;2.98693777;;104;18.31602564;3.799106593;;31;3.799106593;15;7;8.163265306;5.102040816;44.89795918;21.42857143;15.30612245;5.102040816
2018-12;National;MARSEILLE ST CHARLES;LILLE;288;187;3;;35;5.446666667;0.89682971;;40;32.35;9.882155797;"Première cause d'irrégularité les ""Autres transporteurs""--En exemple la panne Eurostar 9023 le di 23  au sud de TGV HP de 12h à 20h : 49 TGV touchés dont 20 détournés ligne classique (TGV IS bien concernés aussi)";40;9.882155797;16;2;28.20512821;5.128205128;43.58974359;12.82051282;10.25641026;0.0
2018-12;National;BELLEGARDE (AIN);PARIS LYON;163;245;1;;165;6.796666667;4.651502732;;26;28.11282051;3.12602459;;22;3.12602459;8;2;15.38461538;15.38461538;34.61538462;23.07692308;11.53846154;0.0
2018-12;National;MULHOUSE VILLE;PARIS LYON;168;318;2;;158;6.569725738;3.310443038;;31;41.66451613;4.257964135;;21;4.257964135;10;7;46.42857143;10.71428571;21.42857143;10.71428571;3.571428571;7.142857143
2018-12;International;GENEVE;PARIS LYON;192;222;1;;177;4.391902072;3.663273002;;19;30.51666667;3.12571644;;19;3.12571644;7;2;15.78947368;15.78947368;26.31578947;31.57894737;10.52631579;0.0
2018-12;National;PARIS MONTPARNASSE;TOULOUSE MATABIAU;258;179;0;;23;18.73913043;2.116759777;;18;48.71574074;7.075698324;"Ce mois-ci, l'OD a été touchée par les incidents suivants :
- le 4 : un dérangement d'installation sur la ligne à grande vitesse Atlantique (22 TGV impactés pour 466 minutes perdues), 
 - le 7 : un dérangement d'installation à l'entrée de Paris-Montparnasse (43 TGV impactés pour  655 minutes perdues), 
- le 15 : une collision avec un véhicule vers Agen ( 4 TGV impactés pour 79 minutes perdues), 
- le 18 : un incident caténaire à l'entrée de Paris-Montparnasse (79 TGV impactés pour 1034 minutes perdues),
- le 22 : un dérangement de passage à niveau entre Montauban et Agen (3 TGV impactés pour 79 minutes perdues),
- le 25 : un heurt de sanglier sur la ligne à grande vitesse Atlantique (29 TGV impactés pour 2082 minutes perdues), 
- le 31 : une panne d'un TGV sur la ligne à grande vitesse Atlantique ( 7 TGV impactés pour 87 minutes perdues).";18;7.075698324;11;4;52.94117647;29.41176471;11.76470588;5.882352941;0.0;0.0
2018-12;National;PARIS LYON;LE CREUSOT MONTCEAU MONTCHANIN;79;203;1;;20;11.385;0.785313531;;13;17.61282051;1.432178218;;4;1.432178218;1;1;9.090909091;0.0;27.27272727;45.45454545;18.18181818;0.0
2018-12;National;LYON PART DIEU;MARSEILLE ST CHARLES;107;429;7;;239;12.40892608;7.119944708;;95;36.07315789;9.323064771;;75;9.323064771;37;15;38.04347826;8.695652174;22.82608696;10.86956522;10.86956522;8.695652174
2018-12;National;LYON PART DIEU;MONTPELLIER;118;226;6;;129;10.61808786;6.31469697;;85;23.22666667;11.23204545;;57;11.23204545;17;2;16.4556962;21.51898734;34.17721519;13.92405063;7.594936709;6.329113924
2018-12;International;PARIS LYON;ITALIE;418;95;1;;20;19.44416667;3.889716312;;15;45.93333333;7.313829787;;15;7.313829787;9;2;7.692307692;0.0;15.38461538;61.53846154;15.38461538;0.0
2018-12;National;NANTES;PARIS MONTPARNASSE;131;531;2;;195;5.960512821;2.089382483;;76;26.76842105;5.440044108;;44;5.440044108;18;8;25.67567568;25.67567568;31.08108108;13.51351351;2.702702703;1.351351351
2018-12;National;ST PIERRE DES CORPS;PARIS MONTPARNASSE;61;410;1;;189;6.350617284;3.076731866;;104;14.65304487;4.37999185;"Ce mois-ci, l'OD a été touchée par les incidents suivants :
- le 4 : un dérangement d'installation sur la ligne à grande vitesse Atlantique (22 TGV impactés pour 466 minutes perdues), 
 - le 7 : un dérangement d'installation à l'entrée de Paris-Montparnasse (43 TGV impactés pour  655 minutes perdues), 
- le 15 : une fuite de matières dangereuses sur un train de marchandises au nord d'Angoulême - 8 TGV impactés pour 129' perdues.
- le 18 : un incident caténaire à l'entrée de Paris-Montparnasse (79 TGV impactés pour 1034 minutes perdues),
- le 25 : un heurt de sanglier sur la ligne à grande vitesse Atlantique (29 TGV impactés pour 2082 minutes perdues), 
- le 31 : une panne d'un TGV sur la ligne à grande vitesse Atlantique (7 TGV impactés pour 87 minutes perdues).";27;4.37999185;11;3;12.90322581;27.41935484;37.09677419;14.51612903;0.0;8.064516129
2018-12;National;LYON PART DIEU;RENNES;238;90;0;;65;8.975384615;6.561111111;;16;33.68020833;7.164814815;;16;7.164814815;5;3;25.0;12.5;25.0;18.75;6.25;12.5
2018-12;National;NANTES;STRASBOURG;302;44;0;;18;5.328703704;2.318181818;;5;68.46666667;8.863257576;"01/12 : 5478? Csq non ouverture de signal à Massy (20’) + Csq alarme incendie dans le tunnel de SNE (33’)
04/12 : 5478? Non-respect marche tracée (15’)
05/12 : 5478? Csq 2 BM isolés (16’)
07/12 : Traversées de voies à Antony? 5478  (57’) + 5480 (46’)
10/12 : 5478? LTV entre Noyen et Le Mans (14’)
17/12 : 5478? Ralentissement forfaitaire (20’)
18/12 : 5478? PSH en gare (15’)
19/12 : 5478? Accident de personne (123’)";5;8.863257576;4;2;40.0;20.0;20.0;20.0;0.0;0.0
2018-12;National;DUNKERQUE;PARIS NORD;116;240;1;;11;7.409090909;0.349372385;;20;33.0175;4.04595537;;13;4.04595537;9;3;20.0;10.0;55.0;5.0;5.0;5.0
2018-12;National;MARNE LA VALLEE;MARSEILLE ST CHARLES;215;269;2;;156;11.52061966;6.799500624;;48;40.43784722;9.104369538;;48;9.104369538;22;7;36.95652174;6.52173913;23.91304348;17.39130435;6.52173913;8.695652174
2018-12;National;LYON PART DIEU;PARIS LYON;120;613;4;;349;5.087631328;3.020799124;;56;25.44880952;2.825095785;;33;2.825095785;9;4;29.09090909;5.454545455;36.36363636;16.36363636;9.090909091;3.636363636
2018-12;National;RENNES;LYON PART DIEU;235;99;0;;42;5.327777778;2.442424242;;13;31.32820513;5.770875421;;13;5.770875421;5;1;46.15384615;7.692307692;30.76923077;15.38461538;0.0;0.0
2018-12;National;PARIS LYON;CHAMBERY CHALLES LES EAUX;183;256;2;;44;16.92386364;2.634317585;;34;34.98382353;6.116929134;;28;6.116929134;13;4;20.58823529;5.882352941;26.47058824;41.17647059;5.882352941;0.0
2018-12;National;NICE VILLE;PARIS LYON;354;186;3;;39;9.10982906;1.986612022;;27;36.36296296;6.101092896;;27;6.101092896;12;3;37.03703704;14.81481481;14.81481481;14.81481481;14.81481481;3.703703704
2018-12;National;TOULON;PARIS LYON;246;244;3;;83;10.28333333;3.597510373;;33;35.02777778;5.384716459;;33;5.384716459;15;3;42.42424242;12.12121212;15.15151515;15.15151515;12.12121212;3.03030303
2018-12;International;STUTTGART;PARIS EST;190;152;3;;134;6.299004975;5.636800895;;20;52.95166667;8.863310962;;19;8.863310962;11;5;22.22222222;11.11111111;16.66666667;33.33333333;5.555555556;11.11111111
2018-12;National;ANGERS SAINT LAUD;PARIS MONTPARNASSE;94;419;2;;189;6.013932981;2.863589129;;84;17.90238095;4.680055955;"Ce mois-ci, l'OD a été touchée par les incidents suivants :
- le 4 : un dérangement d'installation sur la ligne à grande vitesse Atlantique (22 TGV impactés pour 466 minutes perdues), 
- le 5 : un accident de personne vers Ancenis (22 TGV pour 1227 minutes perdues), 
 - le 6 : la panne d'un TER vers Morannes (9 TGV impactés pour 237 minutes perdues) et un dérangement d'installation vers Connerré nécessitant une limitation de vitesse (17 TGV impactés pour 193 minutes perdues), 
- le 18 : un incident caténaire à l'entrée de Paris-Montparnasse (79 TGV impactés pour 1034 minutes perdues),
- le 19 : un accident de personne à Varades (18 TGV impactés pour 885 minutes perdues), 
- le 25 : un heurt de sanglier sur la ligne à grande vitesse Atlantique (29 TGV impactés pour 2082 minutes perdues),
- le 31 : une panne d'un TGV sur la ligne à grande vitesse Atlantique ( 7 TGV impactés pour 87 minutes perdues).";32;4.680055955;11;4;23.80952381;30.15873016;26.98412698;14.28571429;3.174603175;1.587301587
2018-12;National;PARIS MONTPARNASSE;ANGOULEME;127;270;3;;33;14.85151515;1.500811486;;38;25.01008772;4.57184769;;19;4.57184769;10;3;13.15789474;21.05263158;28.94736842;28.94736842;2.631578947;5.263157895
2018-12;National;BORDEAUX ST JEAN;PARIS MONTPARNASSE;142;839;9;;198;10.1276936;2.242108434;;104;27.81394231;4.957851406;;74;4.957851406;27;8;33.67346939;23.46938776;23.46938776;13.26530612;1.020408163;5.102040816
2018-12;National;PARIS EST;NANCY;95;293;1;;51;19.22287582;3.224429224;;23;36.13115942;5.388926941;;23;5.388926941;19;5;18.18181818;27.27272727;13.63636364;40.90909091;0.0;0.0
2018-12;National;BORDEAUX ST JEAN;TOURCOING;300;30;0;;8;3.229166667;0.786111111;;1;25.0;4.333333333;;1;4.333333333;0;0;0.0;100.0;0.0;0.0;0.0;0.0
2018-12;National;PARIS VAUGIRARD;RENNES;122;8;0;;3;58.19444444;21.36041667;;2;108.3;30.28958333;;2;30.28958333;2;1;0.0;50.0;0.0;0.0;50.0;0.0
2018-12;International;PARIS LYON;LAUSANNE;219;157;3;;16;25.18958333;2.277705628;;18;50.1462963;8.779761905;;17;8.779761905;8;5;27.77777778;16.66666667;5.555555556;44.44444444;5.555555556;0.0
2018-12;International;BARCELONA;PARIS LYON;389;62;0;;21;1.428571429;0.35483871;;10;35.05;5.268817204;;10;5.268817204;5;1;50.0;0.0;50.0;0.0;0.0;0.0
2018-12;National;PARIS MONTPARNASSE;ST MALO;164;90;0;;18;7.07962963;1.088333333;;11;18.85151515;2.444814815;;5;2.444814815;2;0;27.27272727;27.27272727;18.18181818;9.090909091;18.18181818;0.0
2018-12;National;PERPIGNAN;PARIS LYON;303;161;1;;41;8.360569106;2.246666667;;18;39.23981481;4.584583333;;18;4.584583333;12;3;50.0;5.555555556;27.77777778;5.555555556;5.555555556;5.555555556
2018-12;National;MARSEILLE ST CHARLES;TOURCOING;299;31;0;;7;13.46666667;2.731182796;;4;24.25;6.35483871;;4;6.35483871;0;0;0.0;33.33333333;66.66666667;0.0;0.0;0.0
2018-12;National;PARIS LYON;GRENOBLE;181;242;0;;44;16.46439394;2.656680441;;45;28.91111111;6.272727273;;28;6.272727273;15;4;26.82926829;2.43902439;19.51219512;43.90243902;7.317073171;0.0
2018-12;National;ST MALO;PARIS MONTPARNASSE;169;77;0;;9;2.444444444;0.30995671;;8;28.80416667;5.229220779;;6;5.229220779;2;1;16.66666667;50.0;16.66666667;0.0;0.0;16.66666667
2018-12;National;ANGOULEME;PARIS MONTPARNASSE;125;280;7;;144;6.084606481;3.238339438;;49;22.33979592;5.782356532;;28;5.782356532;12;2;18.36734694;34.69387755;26.53061224;10.20408163;2.040816327;8.163265306
2018-12;National;PARIS MONTPARNASSE;NANTES;127;506;1;;75;7.728888889;0.874191419;;63;38.12142857;6.439042904;;41;6.439042904;15;10;35.48387097;20.96774194;25.80645161;9.677419355;8.064516129;0.0
2018-12;National;STRASBOURG;PARIS EST;115;512;7;;253;12.73649539;6.454356436;;85;46.4327451;8.249867987;"01/12 : 2430 ? Alarme incendie dans le tunnel de SNE (65’) + 2350? Zone en non libération (30‘)
02/12 : 2364? Problème de contrôle de fermeture de portes (36’) + 2450? Difficulté de réception (8’)
03/12 : 2356? Retard sur un autre réseau (9‘)
04/12 : 2356? Csq  compresseur HS sur 831396 (6’) + APAD (12’)
06/12 : 2350? Retard sur un autre réseau (11‘) 
07/12 : Absence de tension à CGV? 2364 (28’), 2450 (98’), 2470 (82’) + Collision Renard ?2450 (29’) et 2364 (23’) + 2364? Franchissement signal fermé à CGV (214’) + 2350? Dérangement installations signalisation (9‘)
08/12 : 2356 ? Pb freins au moment du départ (7‘)
09/12 : 2450 ? Croisement rame à SG (13’) + 2364 ? csq sortie tardive TEE (68’) + Attente personnel pour jumelage à SG (10‘) + 2352?Pb signalisation avant (12’)
10/12 : 2362? Alerte radio du 839129 ayant franchi le C3301 fermé (7’) + 2404? Csq affluence voyageur à Meaux  (6’)
11/12 : 2362?Incendie aux abords des voies à Vieux Lixheim  (27’)  + 2404? Répétition signaux fermés à Gagny (7’)
12/12 : 2362? Attente Fahrplan allemand (20‘) + 2454? Incident lié aux portes à SG (77‘) + 2430? Sortie tardive TEE (6’) 
13/12 : 2430? Croisement rame à SG (28’)
16/12 : 2352? LTV suite intempéries (15’)
17/12 : 2362? Difficulté mise en UM (10’) + 2356? Csq descente tardive TEE (7’)
18/12 : 2404? Intervalle en non libération (31’) + attente correspondance (7’) + 2350 ? Décontrôle aiguille à Livry-Louvercy (32’) + 2362 ? Csq affluences voyageurs et nombreux bagage à SG (7’)
19/12 : 2430? Accident de personne (24’)
20/12 : 2404? Difficulté mise en vitesse (6‘)
21/12 : 2404?Travaux restitution tardive (10‘)
23/12 : 2450? Retard autre réseau (15’)
28/12 : 2404? Composition inversée de la rame (15’) + 2470? Dérangement installation de signalisation (7‘)";63;8.249867987;40;19;22.5;17.5;23.75;26.25;5.0;5.0
2018-12;National;DOUAI;PARIS NORD;77;197;4;;33;9.176767677;1.736960276;;49;14.5877551;4.483074266;"Première cause d'irrégularité, les Autres transporteurs , en exemple sur le secteur: le 03/12arrachement de 9 pédales de PN entre Somain et Valenciennes par FRET 457171: 5 tgv concernés. Aussi le 14/12 :Défaillance FRET entre Hazebrouck et Béthune, 4 PN en RO -8 Tgv concernés
Défaillance FRET entre Valenciennes et Douai: 8 Tgv concernés
Avec l'évènelent phare du mois pour la panne Eurostar 9023 à TGV HP 50 TGV concernés (détournements LC=";11;4.483074266;4;2;11.36363636;2.272727273;54.54545455;15.90909091;13.63636364;2.272727273
2018-12;National;QUIMPER;PARIS MONTPARNASSE;223;251;1;;8;11.875;0.38;;16;40.96354167;5.7966;"Ce mois-ci, l'OD a été touchée par les incidents suivants :
-le 2 : un dérangement sur un  passage à niveau à Bruz (4 TGV impactés pour 112 minutes perdues). 
- le 4 : un dérangement d'installation sur la ligne à grande vitesse Atlantique (22 TGV impactés pour 466 minutes perdues), 
- le 6 : un dérangement d'installation vers Connerré nécessitant une limitation de vitesse (17 TGV impactés pour 193 minutes perdues), 
- le 14 : un incident caténaire à Vannes (9 TGV impactés pour 199 minutes perdues),
- le 18 : un incident caténaire à l'entrée de Paris-Montparnasse (79 TGV impactés pour 1034 minutes perdues),
- le 25 : un heurt de sanglier sur la ligne à grande vitesse Atlantique (29 TGV impactés pour 2082 minutes perdues),
- le 27 : un heurt d'animal entre Redon et Rennes (3 TGV impactés pour 230 minutes perdues),
- le 31 : une panne d'un TGV sur la ligne à grande vitesse Atlantique ( 7 TGV impactés pour 87 minutes perdues).";16;5.7966;6;4;31.25;18.75;25.0;25.0;0.0;0.0
2018-12;National;REIMS;PARIS EST;46;207;1;;35;12.55809524;2.212055016;;29;20.77183908;2.60461165;;9;2.60461165;3;2;7.692307692;34.61538462;26.92307692;23.07692308;0.0;7.692307692
2018-12;National;MARSEILLE ST CHARLES;MARNE LA VALLEE;212;265;3;;50;6.138;0.964440204;;36;28.82407407;4.822010178;;36;4.822010178;10;2;26.47058824;8.823529412;44.11764706;11.76470588;8.823529412;0.0
2018-12;National;PARIS NORD;LILLE;62;551;8;;123;12.53523035;2.724831185;;110;22.20136364;4.892940454;;54;4.892940454;18;8;19.04761905;23.80952381;21.9047619;28.57142857;6.666666667;0.0
2018-12;National;RENNES;PARIS VAUGIRARD;111;8;0;;3;19.96111111;7.508333333;;1;65.4;9.445833333;;1;9.445833333;1;1;0.0;0.0;0.0;100.0;0.0;0.0
2018-12;National;BESANCON FRANCHE COMTE TGV;PARIS LYON;131;195;2;;46;4.906884058;0.932124352;;8;26.62083333;1.141709845;;4;1.141709845;2;2;50.0;25.0;12.5;0.0;12.5;0.0
2018-12;National;PARIS LYON;MONTPELLIER;211;244;4;;47;10.3393617;1.663888889;;33;29.25252525;6.879236111;;33;6.879236111;9;5;36.36363636;18.18181818;30.3030303;12.12121212;3.03030303;0.0
2018-12;National;LE MANS;PARIS MONTPARNASSE;60;424;1;;264;6.721464646;4.293774626;;144;15.18356481;5.771355398;"Ce mois-ci, l'OD a été touchée par les incidents suivants :
- le 4 : un dérangement d'installation sur la ligne à grande vitesse Atlantique (22 TGV impactés pour 466 minutes perdues), 
- le 5 : un accident de personne vers Ancenis (22 TGV pour 1227 minutes perdues), 
 - le 6 : la panne d'un TER vers Morannes (9 TGV impactés pour 237 minutes perdues) et un dérangement d'installation vers Connerré nécessitant une limitation de vitesse (17 TGV impactés pour 193 minutes perdues), 
- le 18 : un incident caténaire à l'entrée de Paris-Montparnasse (79 TGV impactés pour 1034 minutes perdues),
- le 19 : un accident de personne à Varades (18 TGV impactés pour 885 minutes perdues), 
- le 25 : un heurt de sanglier sur la ligne à grande vitesse Atlantique (29 TGV impactés pour 2082 minutes perdues), 
- le 31 : une panne d'un TGV sur la ligne à grande vitesse Atlantique ( 7 TGV impactés pour 87 minutes perdues).";38;5.771355398;12;5;14.94252874;41.37931034;26.43678161;16.09195402;0.0;1.149425287
2018-12;National;PARIS LYON;ANNECY;224;172;1;;26;9.855128205;1.186842105;;16;33.84375;5.871345029;;16;5.871345029;7;2;25.0;12.5;31.25;31.25;0.0;0.0
2018-12;National;GRENOBLE;PARIS LYON;183;215;0;;21;9.714285714;0.951162791;;13;32.88846154;2.250077519;;13;2.250077519;5;1;7.692307692;7.692307692;30.76923077;53.84615385;0.0;0.0
2019-01;National;NANTES;PARIS MONTPARNASSE;131;574;2;;141;10.84408983;2.54705711;;68;52.39877451;7.210722611;"Ce mois-ci, l'OD a été touchée par les incidents suivants :
- le 3 : un TGV heurte un sanglier à Etriché (13 TGV impactés pour 730 minutes perdues), 
 - le 9 : un choc anormal immobilise un train OUIGO sur la ligne à grande vitesse Atlantique (53 TGV impactés pour 3007 minutes perdues) et le heurt d'un sanglier sur la ligne à grande vitesse Atlantique (25 TGV pour 1 42 minutes perdues), 
- le 17 : un bagage abandonné dans un TGV en gare de Paris-Montparnasse (9 TGV impactés pour 287' perdues),
- les 22 et 23  : les épisodes neigeux sur toute la France (83 TGV pour 1068'perdues),
- le 24 : le heurt d'un chevreuil sur la ligne à grande vitesse Atlantique (68 TGV impactés pour 3628' perdues), 
- le 27 : un TER heurte un sanglier entre Angers et Sablé (8 TGV impactés pour 192' perdues), 
- le 29 : la tempête Gabriel (18 TGV impactés pour 482 minutes perdues), 
- le 30 : les épisodes neigeux en Ile-de-France (33 TGV impactés pour 772' minutes perdues),
- le 31 : une rupture caténaire à l'entrée de Paris-Montparnasse entraine une interruption totale des circulations (128 TGV pour 12028' perdues).";50;7.210722611;32;15;23.88059701;34.32835821;22.3880597;14.92537313;2.985074627;1.492537313
2019-01;National;METZ;PARIS EST;85;308;9;;131;10.25330789;4.529710145;;102;21.93905229;7.920401338;"Retard sur un autre réseau (8 TGV impactés, retard 11’ en moyenne)
Dérangements d’installations, notamment cascade de feu à Chelles (6 TGV impactés, retard moyen de 11’)
Présomptions d’accident de personne (3 TGV impactés pour 6’,13’,6’)
Csq non-respect marche tracée suite neige, pb de priorité (3 TGV impactés pour 10’)
Soin matériel roulant, notamment bogie isolé dans Racc de Pagny, prise en charge ERTMS ainsi que pb de loc (3 TGV impactés pour 11’, 23’ et 6’)
Attentes exécution du service voyageur suite malaise voyageur dans rame à Bondy et alarme détection incendie dans la rame du 9572 (2 TGv impactés pour 10’ et 9’)";54;7.920401338;16;3;43.29896907;11.34020619;34.02061856;8.24742268;3.092783505;0.0
2019-01;National;PARIS LYON;NICE VILLE;356;185;4;;35;14.65761905;2.503867403;;22;48.23106061;7.898802947;Neiges et Inondation tunnel Marseille;22;7.898802947;15;6;47.61904762;9.523809524;4.761904762;28.57142857;4.761904762;4.761904762
2019-01;National;PARIS EST;METZ;84;323;8;;54;10.54537037;1.705132275;;63;22.69708995;4.761587302;;48;4.761587302;14;3;63.33333333;3.333333333;10.0;16.66666667;6.666666667;0.0
2019-01;National;PARIS LYON;LE CREUSOT MONTCEAU MONTCHANIN;80;207;0;;24;8.443055556;0.573913043;;27;17.62037037;1.986634461;;12;1.986634461;3;0;72.0;8.0;4.0;12.0;0.0;4.0
2019-01;International;PARIS LYON;LAUSANNE;221;135;0;;20;12.46583333;1.46691358;;15;31.78333333;5.898518519;;15;5.898518519;5;1;35.71428571;0.0;28.57142857;28.57142857;7.142857143;0.0
2019-01;National;PARIS LYON;LYON PART DIEU;119;597;6;;65;13.20820513;1.027693175;;62;29.38198925;2.485053582;;52;2.485053582;24;3;59.67741935;9.677419355;8.064516129;19.35483871;1.612903226;1.612903226
2019-01;International;LAUSANNE;PARIS LYON;224;141;0;;109;2.981345566;2.462056738;;10;33.27833333;2.342316785;;10;2.342316785;5;0;60.0;10.0;20.0;10.0;0.0;0.0
2019-01;National;LE MANS;PARIS MONTPARNASSE;60;462;4;;218;12.09770642;5.910989811;;69;44.48067633;6.630931587;"Ce mois-ci, l'OD a été touchée par les incidents suivants :
- le 3 : un TGV heurte un sanglier à Etriché (13 TGV impactés pour 730 minutes perdues), 
 - le 9 : un choc anormal immobilise un train OUIGO sur la ligne à grande vitesse Atlantique (53 TGV impactés pour 3007 minutes perdues) et le heurt d'un sanglier sur la ligne à grande vitesse Atlantique (25 TGV pour 1 42 minutes perdues), 
- le 17 : un bagage abandonné dans un TGV en gare de Paris-Montparnasse (9 TGV impactés pour 287' perdues),
- les 22 et 23  : les conséquences des épisodes neigeux sur toute la France (83 TGV pour 1068'perdues),
- le 24 : le heurt d'un chevreuil sur la ligne à grande vitesse Atlantique (68 TGV impactés pour 3628' perdues), 
- le 27 : un TER heurte un sanglier entre Angers et Sablé (8 TGV impactés pour 192' perdues), 
- le 29 : les conséquence du passage de la tempête Gabriel (18 TGV impactés pour 482 minutes perdues), 
- le 30 : les conséquences des épisodes neigeux en Ile-de-France (33 TGV impactés pour 772' minutes perdues),
- le 31 : une rupture caténaire à l'entrée de Paris-Montparnasse entraine une interruption totale des circulations (128 TGV pour 12028' perdues).";31;6.630931587;21;15;33.33333333;28.07017544;12.28070175;24.56140351;0.0;1.754385965
2019-01;International;PARIS LYON;BARCELONA;387;62;0;;13;14.6974359;2.641666667;;12;41.25;9.64516129;;12;9.64516129;5;3;33.33333333;16.66666667;16.66666667;25.0;8.333333333;0.0
2019-01;National;NANTES;STRASBOURG;303;44;0;;20;2.4;1.104166667;;4;41.14583333;5.013636364;"Collisions d’animaux (2 TGV impactés pour 47’ et 16’)
Attente correspondance à CDG (1 TGV impacté pour 13’)
Espacement suite non-respect règles de priorité au Mans (1 TGV pour 18’)
Dérangement d’installation dû à un raté ouverture PN à VAUBOYEN (1 TGV impacté pour 16’)
Pb essais de freins à Nantes (11’)
Intervention pompier suite malaise voyageur (10’)
Espacement suite pb de composition TER à Sablé (10’)";4;5.013636364;4;0;25.0;25.0;50.0;0.0;0.0;0.0
2019-01;National;ARRAS;PARIS NORD;50;323;12;;108;6.059876543;2.269935691;;73;19.23447489;5.092979636;"Irrégularité cause Matériel stabilisée pour le secteur de la Radiale, même si le Parc a été relevé tendu une dizaine de fois pour janvier, notamment pour les Duplex. Incident phare le 21 avec le train balai 999015 en incident voyant « non desserrage » à Oignies (8 tgv)
Légère hausse des causes hors matériel sur la radiale, avec des motifs « produit Train » (mises à quai ) ou Service Voyageur pour des interventions Suge, Police ou Pompiers.
Baisse significative pour le domaine des Autres transporteurs
Évènement phare avec la défaillance du 7097 à Oignies (suite intempéries) le jeudi 31, journée neutralisée.
Irrégularité soutenue pour les cause dérangements sur la radiale avec pour principaux événements : le 29, incident CMPT ou commutateurs non retirés suite travaux de nuit à secteur Beugnâtre/Combles (32 TGV -749min), un rail cassé entre BE et CS le 21 (8 TGV), des  dérangements d’aiguille à DKQ le 02, à ARR le 03, à ARR le 07";24;5.092979636;17;3;40.29850746;11.94029851;35.82089552;8.955223881;2.985074627;0.0
2019-01;National;PARIS NORD;DOUAI;69;198;3;;38;10.29210526;1.738974359;;32;17.6890625;1.911367521;;13;1.911367521;5;1;53.125;15.625;15.625;6.25;9.375;0.0
2019-01;National;PARIS LYON;AVIGNON TGV;161;422;3;;56;19.29136905;2.237589499;;66;32.35176768;5.559785203;;50;5.559785203;27;7;39.0625;7.8125;20.3125;25.0;4.6875;3.125
2019-01;National;PARIS MONTPARNASSE;BREST;221;254;2;;43;20.6748062;3.066732804;;35;52.72857143;8.126984127;"Ce mois-ci, l'OD a été touchée par les incidents suivants :
 - le 9 : un choc anormal immobilise un train OUIGO sur la ligne à grande vitesse Atlantique (53 TGV impactés pour 3007 minutes perdues) et le heurt d'un sanglier sur la ligne à grande vitesse Atlantique (25 TGV pour 1 42 minutes perdues), 
- le 17 : un bagage abandonné dans un TGV en gare de Paris-Montparnasse (9 TGV impactés pour 287' perdues),
- les 22 et 23  : les épisodes neigeux sur toute la France (83 TGV pour 1068'perdues),
- le 24 : le heurt d'un chevreuil sur la ligne à grande vitesse Atlantique (68 TGV impactés pour 3628' perdues), 
- le 26 : la présence sur les voies de manifestants de gilets en gare de Rennes ( 6 TGV impactés pour 232' perdues), 
- le 29 : la tempête Gabriel (18 TGV impactés pour 482 minutes perdues), 
- le 30 : les épisodes neigeux en Ile-de-France (33 TGV impactés pour 772' minutes perdues),
- le 31 : une rupture caténaire à l'entrée de Paris-Montparnasse entraine une interruption totale des circulations (128 TGV pour 12028' perdues).";35;8.126984127;20;9;54.28571429;17.14285714;17.14285714;8.571428571;0.0;2.857142857
2019-01;National;PARIS MONTPARNASSE;LA ROCHELLE VILLE;169;221;4;;38;9.332017544;1.367204301;;18;38.38888889;3.714285714;;13;3.714285714;7;4;44.44444444;5.555555556;16.66666667;33.33333333;0.0;0.0
2019-01;National;PARIS MONTPARNASSE;POITIERS;93;524;4;;79;16.27658228;2.149423077;;68;31.99705882;5.194583333;;45;5.194583333;20;14;30.35714286;8.928571429;28.57142857;28.57142857;1.785714286;1.785714286
2019-01;National;ST PIERRE DES CORPS;PARIS MONTPARNASSE;61;434;2;;159;9.200314465;3.558371914;;81;28.3382716;6.138425926;;24;6.138425926;19;12;28.0;26.0;20.0;18.0;2.0;6.0
2019-01;National;STRASBOURG;PARIS EST;116;529;14;;213;10.57644757;4.443883495;;132;32.41666667;8.898478964;"Soin matériel, notamment instabilité bogie, problème de loc  (4 TGV pour 10’, 40’, 12’ et 10’)
Attentes correspondances (3 TGV impactés pour 9’, 8’ et 6’)
Csq dérangement d’installation, cascade de feu à Chelles (3 TGV pour 8’, 17’ et 18’)
Attente exécution du service voyageur suite détection incendie dans la rame du 9572 (18’)
Csq détresse sur ligne d’un TER, demande de secours par le conducteur (7’)
Heurt d’animal (7’)
Perte de temps suite LTV programmée entre Stéphansfeld et VHM (7’)";99;8.898478964;51;13;59.54198473;6.106870229;13.74045802;15.26717557;2.290076336;3.053435115
2019-01;National;LILLE;LYON PART DIEU;191;236;8;;105;10.12396825;4.755263158;;34;53.76127451;9.850146199;;34;9.850146199;25;11;58.82352941;11.76470588;5.882352941;17.64705882;5.882352941;0.0
2019-01;National;PARIS MONTPARNASSE;QUIMPER;221;264;3;;36;22.48657407;2.658429119;;30;56.33333333;7.034482759;"Ce mois-ci, l'OD a été touchée par les incidents suivants :
 - le 9 : un choc anormal immobilise un train OUIGO sur la ligne à grande vitesse Atlantique (53 TGV impactés pour 3007 minutes perdues) et le heurt d'un sanglier sur la ligne à grande vitesse Atlantique (25 TGV pour 1 42 minutes perdues), 
- le 14 : un accident de personne à Gestel, près de Lorient (7 TGV impactés pour 371' perdues), 
- le 17 : un bagage abandonné dans un TGV en gare de Paris-Montparnasse (9 TGV impactés pour 287' perdues),
- les 22 et 23  : les épisodes neigeux sur toute la France (83 TGV pour 1068'perdues),
- le 24 : le heurt d'un chevreuil sur la ligne à grande vitesse Atlantique (68 TGV impactés pour 3628' perdues), 
- le 26 : la présence sur les voies de manifestants de gilets en gare de Rennes ( 6 TGV pour 232' perdues), 
- le 29 : la tempête Gabriel (18 TGV impactés pour 482 minutes perdues), 
- le 30 : les épisodes neigeux en Ile-de-France (33 TGV impactés pour 772' minutes perdues),
- le 31 : une rupture caténaire à l'entrée de Paris-Montparnasse entraine une interruption totale des circulations (128 TGV pour 12028' perdues).";30;7.034482759;18;10;43.33333333;30.0;13.33333333;10.0;0.0;3.333333333
2019-01;National;PARIS EST;REIMS;46;216;0;;21;9.583333333;0.738503086;;37;15.86441441;3.127083333;;12;3.127083333;5;0;61.76470588;5.882352941;14.70588235;17.64705882;0.0;0.0
2019-01;National;NICE VILLE;PARIS LYON;357;181;4;;32;7.303125;1.409227872;;36;38.40833333;8.974011299;;36;8.974011299;16;3;47.22222222;27.77777778;13.88888889;5.555555556;5.555555556;0.0
2019-01;International;PARIS LYON;GENEVE;192;208;0;;35;10.8947619;1.555048077;;26;33.51602564;6.030849359;;26;6.030849359;11;3;46.15384615;15.38461538;11.53846154;23.07692308;3.846153846;0.0
2019-01;National;PARIS MONTPARNASSE;LAVAL;83;249;4;;43;22.05232558;3.611156463;;44;35.55113636;7.139863946;;22;7.139863946;16;9;39.39393939;18.18181818;18.18181818;21.21212121;3.03030303;0.0
2019-01;National;PARIS MONTPARNASSE;ST MALO;166;101;3;;12;13.07361111;1.232482993;;11;33.28636364;3.18707483;;10;3.18707483;5;1;18.18181818;18.18181818;18.18181818;45.45454545;0.0;0.0
2019-01;National;BESANCON FRANCHE COMTE TGV;PARIS LYON;131;205;0;;44;6.334469697;1.022682927;;18;31.77037037;2.59495935;;14;2.59495935;5;2;55.55555556;11.11111111;22.22222222;11.11111111;0.0;0.0
2019-01;National;MARSEILLE ST CHARLES;LYON PART DIEU;105;369;3;;108;12.00015432;3.597404372;;57;41.61666667;8.93064663;Neiges et Inondation tunnel Marseille;47;8.93064663;28;12;28.57142857;10.71428571;23.21428571;25.0;12.5;0.0
2019-01;National;ANGOULEME;PARIS MONTPARNASSE;125;310;12;;153;7.662200436;3.967729306;;38;46.40964912;7.350559284;"Ce mois-ci, l'OD a été touchée par les incidents suivants :
 - le 9 : un choc anormal immobilise un train OUIGO sur la ligne à grande vitesse Atlantique (53 TGV impactés pour 3007 minutes perdues) et le heurt d'un sanglier sur la ligne à grande vitesse Atlantique (25 TGV pour 1 42 minutes perdues), 
- le 14 : un dérangement de signalisation à St-Pierre-des-Coprs (10 TGV impactés pour 173' perdues),
- le 15 : une suspicion de fuite de matières dangereuses sur un train FRET vers St-Pierre-des-Corps (10 TGV impactés pour 334' perdues),
- le 17 : un bagage abandonné dans un TGV en gare de Paris-Montparnasse (9 TGV impactés pour 287' perdues),
- les 22 et 23  : les épisodes neigeux sur toute la France (83 TGV pour 1068'perdues),
- le 24 : le heurt d'un chevreuil sur la ligne à grande vitesse Atlantique (68 TGV impactés pour 3628' perdues), 
- le 29 : la tempête Gabriel (18 TGV impactés pour 482 minutes perdues), 
- le 30 : les épisodes neigeux en Ile-de-France (33 TGV impactés pour 772' minutes perdues),
- le 31 : une rupture caténaire à l'entrée de Paris-Montparnasse entraine une interruption totale des circulations (128 TGV pour 12028' perdues).";26;7.350559284;17;6;37.83783784;18.91891892;21.62162162;16.21621622;2.702702703;2.702702703
2019-01;National;BORDEAUX ST JEAN;PARIS MONTPARNASSE;142;896;35;;187;13.91078431;2.837359659;;106;43.72279874;6.594889663;"Ce mois-ci, l'OD a été touchée par les incidents suivants :
 - le 9 : un choc anormal immobilise un train OUIGO sur la ligne à grande vitesse Atlantique (53 TGV impactés pour 3007 minutes perdues) et le heurt d'un sanglier sur la ligne à grande vitesse Atlantique (25 TGV pour 1 42 minutes perdues), 
- le 17 : un bagage abandonné dans un TGV en gare de Paris-Montparnasse (9 TGV impactés pour 287' perdues) et l'incendie d'une armoire électrique entre Montauban et Toulouse (17 TGV impactés pour 269' perdues), 
- les 22 et 23  : les épisodes neigeux sur toute la France (83 TGV pour 1068'perdues),
- le 24 : le heurt d'un chevreuil sur la ligne à grande vitesse Atlantique (68 TGV impactés pour 3628' perdues), 
- le 29 : la tempête Gabriel (18 TGV impactés pour 482 minutes perdues), 
- le 30 : les épisodes neigeux en Ile-de-France (33 TGV impactés pour 772' minutes perdues),
- le 31 : une rupture caténaire à l'entrée de Paris-Montparnasse entraine une interruption totale des circulations (128 TGV pour 12028' perdues).";74;6.594889663;46;16;36.2745098;29.41176471;16.66666667;15.68627451;0.980392157;0.980392157
2019-01;National;POITIERS;PARIS MONTPARNASSE;94;468;14;;165;10.0940404;3.613215859;;68;33.44117647;7.367914831;;36;7.367914831;24;13;38.46153846;26.92307692;15.38461538;19.23076923;0.0;0.0
2019-01;National;NANCY;PARIS EST;96;311;1;;81;6.643004115;1.727903226;;64;18.65416667;3.341612903;"Attente exécution du service voyageur pour prise en charge de PSH et groupe, ainsi que l’alarme de détection du incendie dans la rame 9572 et d’un malaise voyageur (4 TGV pour 6’, 15’, 19’ et 6’)
Csq attentes éléments du FRET (3 TGv pour 9, 6’ et 6’)
Soin matériel roulant, notamment pb de vitesse à la sortie de SG, bug électrique et répétition de signaux (3 TGV pour 11’, 17’ et 26’)
Csq dérangement d’installation, cascade de feu à Chelles (2 TGV pour 7’ et 20’) ainsi que raté d’ouverture PN à Varangeville (2 TGV pour 17’ et 7’)
Non-respect marche tracée suite intempéries neige et attente agent d’escale (2 TGV pour 6’ chacun)
Csq raté d’ouverture PN à Baccarat (16 et 18’)
Csq accident de personne à Noisy (37’)
Pb de frein de la rame 545 en gare de Nancy (12’)";34;3.341612903;6;1;64.40677966;13.55932203;13.55932203;5.084745763;0.0;3.389830508
2019-01;National;MARSEILLE ST CHARLES;TOURCOING;303;28;1;;4;11.69583333;1.401234568;;5;22.4;6.037037037;;5;6.037037037;0;0;40.0;20.0;20.0;20.0;0.0;0.0
2019-01;National;MARNE LA VALLEE;LYON PART DIEU;110;302;8;;184;13.80443841;8.750396825;;50;46.66033333;8.023979592;Neiges;42;8.023979592;28;11;59.18367347;10.20408163;8.163265306;18.36734694;4.081632653;0.0
2019-01;International;STUTTGART;PARIS EST;191;152;4;;129;5.840439276;5.154504505;;32;43.89895833;11.35236486;;32;11.35236486;18;5;71.875;0.0;6.25;21.875;0.0;0.0
2019-01;National;TOULOUSE MATABIAU;PARIS MONTPARNASSE;260;185;8;;17;13.56176471;0.934274953;;17;46.94215686;6.591148776;"Ce mois-ci, l'OD a été touchée par les incidents suivants :
 - le 9 : un choc anormal immobilise un train OUIGO sur la ligne à grande vitesse Atlantique (53 TGV impactés pour 3007 minutes perdues) et le heurt d'un sanglier sur la ligne à grande vitesse Atlantique (25 TGV pour 1 42 minutes perdues), 
- le 17 : un bagage abandonné dans un TGV en gare de Paris-Montparnasse (9 TGV impactés pour 287' perdues) et l'incendie d'une armoire électrique entre Montauban et Toulouse (17 TGV impactés pour 269' perdues), 
- les 22 et 23  : les épisodes neigeux sur toute la France (83 TGV pour 1068'perdues),
- le 24 : le heurt d'un chevreuil sur la ligne à grande vitesse Atlantique (68 TGV impactés pour 3628' perdues), 
- le 29 : la tempête Gabriel (18 TGV impactés pour 482 minutes perdues), 
- le 30 : les épisodes neigeux en Ile-de-France (33 TGV impactés pour 772' minutes perdues),
- le 31 : une rupture caténaire à l'entrée de Paris-Montparnasse entraine une interruption totale des circulations (128 TGV pour 12028' perdues).";17;6.591148776;10;4;43.75;50.0;6.25;0.0;0.0;0.0
2019-01;International;BARCELONA;PARIS LYON;390;62;0;;17;1.235294118;0.258064516;;6;40.72222222;3.289247312;;6;3.289247312;3;1;50.0;16.66666667;16.66666667;16.66666667;0.0;0.0
2019-01;National;PARIS MONTPARNASSE;VANNES;151;270;3;;40;22.93541667;2.997815231;;43;46.3255814;8.647940075;"Ce mois-ci, l'OD a été touchée par les incidents suivants :
 - le 9 : un choc anormal immobilise un train OUIGO sur la ligne à grande vitesse Atlantique (53 TGV impactés pour 3007 minutes perdues) et le heurt d'un sanglier sur la ligne à grande vitesse Atlantique (25 TGV pour 1 42 minutes perdues), 
- le 14 : un accident de personne à Gestel, près de Lorient (7 TGV impactés pour 371' perdues), 
- le 17 : un bagage abandonné dans un TGV en gare de Paris-Montparnasse (9 TGV impactés pour 287' perdues),
- les 22 et 23  : les épisodes neigeux sur toute la France (83 TGV pour 1068'perdues),
- le 24 : le heurt d'un chevreuil sur la ligne à grande vitesse Atlantique (68 TGV impactés pour 3628' perdues), 
- le 26 : la présence sur les voies de manifestants de gilets en gare de Rennes ( 6 TGV pour 232' perdues), 
- le 29 : la tempête Gabriel (18 TGV impactés pour 482 minutes perdues), 
- le 30 : les épisodes neigeux en Ile-de-France (33 TGV impactés pour 772' minutes perdues),
- le 31 : une rupture caténaire à l'entrée de Paris-Montparnasse entraine une interruption totale des circulations (128 TGV pour 12028' perdues).";35;8.647940075;23;10;38.0952381;28.57142857;14.28571429;11.9047619;0.0;7.142857143
2019-01;National;AVIGNON TGV;PARIS LYON;164;385;3;;128;11.37838542;3.608158813;;68;30.33602941;6.195680628;;54;6.195680628;25;8;41.79104478;23.88059701;11.94029851;14.92537313;4.47761194;2.985074627
2019-01;National;PARIS LYON;MACON LOCHE;96;236;0;;28;11.5875;1.03079096;;28;22.24404762;2.960946328;;21;2.960946328;4;0;39.28571429;10.71428571;10.71428571;28.57142857;7.142857143;3.571428571
2019-01;National;RENNES;PARIS MONTPARNASSE;99;638;9;;189;10.70388007;3.243852676;;127;32.25629921;7.124059353;;62;7.124059353;33;20;28.42105263;28.42105263;17.89473684;17.89473684;5.263157895;2.105263158
2019-01;National;PARIS NORD;DUNKERQUE;117;255;6;;41;16.50365854;2.413319946;;35;30.8;4.43373494;;30;4.43373494;15;2;51.42857143;20.0;2.857142857;17.14285714;8.571428571;0.0
2019-01;National;LYON PART DIEU;LILLE;188;223;6;;147;12.28015873;8.371966206;;54;30.82438272;12.87749616;"Irrégularité pour les causes Matériel reste soutenue, avec notamment un Parc Duplex relevé une dizaine de fois tendu ce mois, pour les incidents en ligne les causes sont diffuses ( BM isolé, DJ, COVIT,CAB , etc.).
. Hausse marquée pour l’irrégularité « causes externes », il s’agit des conséquences d’intempéries : dérangements ou LTV (limitation temporaire de vitesse). On relèvera en évènement phare, l’inondation d’un tunnel à MSC le 26/01 entraînant le détournement des TGV par ligne classique (99 TGV-7533 min), avec enquête en cours et  dépôt de plainte pour une obstruction du réseau d’écoulement, phénomène à l’origine de l’inondation.
     Toujours en cause externe côté malveillance, on retiendra aussi
     la destruction complète par incendie volontaire d’un poste à St
     Rambert le 12/01 avec impact sur 26 Tgv, ce du 12 au 15/01.

 .    En cause externe les conséquences des manifestations gilets
      jaunes, manifestations plus marquées pour les Gares Sud Est.";53;12.87749616;26;9;32.0754717;11.32075472;24.52830189;15.09433962;15.09433962;1.886792453
2019-01;National;LYON PART DIEU;PARIS LYON;120;637;5;;299;5.59671126;2.752478903;;75;29.25133333;3.84475211;;55;3.84475211;28;2;46.66666667;9.333333333;20.0;13.33333333;6.666666667;4.0
2019-01;International;FRANCFORT;PARIS EST;170;176;15;;116;11.31034483;7.98757764;;52;33.55096154;11.7752588;;43;11.7752588;22;8;51.92307692;3.846153846;15.38461538;21.15384615;3.846153846;3.846153846
2019-01;National;PARIS NORD;ARRAS;51;302;10;;50;10.68433333;1.632705479;;43;19.01627907;2.846004566;;17;2.846004566;8;2;57.14285714;7.142857143;11.9047619;7.142857143;16.66666667;0.0
2019-01;National;MARSEILLE ST CHARLES;LILLE;286;186;4;;43;19.29224806;4.453113553;;54;42.64567901;15.11712454;"Irrégularité pour les causes Matériel reste soutenue, avec notamment un Parc Duplex relevé une dizaine de fois tendu ce mois, pour les incidents en ligne les causes sont diffuses ( BM isolé, DJ, COVIT,CAB , etc.).
. Hausse marquée pour l’irrégularité « causes externes », il s’agit des conséquences d’intempéries : dérangements ou LTV (limitation temporaire de vitesse). On relèvera en évènement phare, l’inondation d’un tunnel à MSC le 26/01 entraînant le détournement des TGV par ligne classique (99 TGV-7533 min), avec enquête en cours et  dépôt de plainte pour une obstruction du réseau d’écoulement, phénomène à l’origine de l’inondation.
     Toujours en cause externe côté malveillance, on retiendra aussi
     la destruction complète par incendie volontaire d’un poste à St
     Rambert le 12/01 avec impact sur 26 Tgv, ce du 12 au 15/01.

 .    En cause externe les conséquences des manifestations gilets
      jaunes, manifestations plus marquées pour les Gares Sud Est.";54;15.11712454;26;13;38.88888889;18.51851852;18.51851852;16.66666667;7.407407407;0.0
2019-01;National;MARSEILLE ST CHARLES;MARNE LA VALLEE;213;250;6;;57;25.68157895;5.850614754;;55;51.18333333;13.0943306;Neiges et Inondation tunnel Marseille;55;13.0943306;32;15;34.54545455;18.18181818;12.72727273;25.45454545;9.090909091;0.0
2019-01;National;ST MALO;PARIS MONTPARNASSE;164;92;3;;5;20.64333333;1.106367041;;14;45.99761905;8.010674157;"Ce mois-ci, l'OD a été touchée par les incidents suivants :
 - le 9 : un choc anormal immobilise un train OUIGO sur la ligne à grande vitesse Atlantique (53 TGV impactés pour 3007 minutes perdues) et le heurt d'un sanglier sur la ligne à grande vitesse Atlantique (25 TGV pour 1 42 minutes perdues), 
- le 17 : un bagage abandonné dans un TGV en gare de Paris-Montparnasse (9 TGV impactés pour 287' perdues),
- les 22 et 23  : les épisodes neigeux sur toute la France (83 TGV pour 1068'perdues),
- le 24 : le heurt d'un chevreuil sur la ligne à grande vitesse Atlantique (68 TGV impactés pour 3628' perdues), 
- le 26 : la présence sur les voies de manifestants de gilets en gare de Rennes ( 6 TGV pour 232' perdues), 
- le 29 : la tempête Gabriel (18 TGV impactés pour 482 minutes perdues), 
- le 30 : les épisodes neigeux en Ile-de-France (33 TGV impactés pour 772' minutes perdues),
- le 31 : une rupture caténaire à l'entrée de Paris-Montparnasse entraine une interruption totale des circulations (128 TGV pour 12028' perdues).";10;8.010674157;6;3;36.36363636;27.27272727;18.18181818;9.090909091;9.090909091;0.0
2019-01;National;LYON PART DIEU;MARSEILLE ST CHARLES;109;385;5;;157;15.95138004;6.659780702;;78;47.26367521;10.9972807;Neiges et Inondation tunnel Marseille;60;10.9972807;38;21;48.71794872;10.25641026;20.51282051;12.82051282;6.41025641;1.282051282
2019-01;National;LA ROCHELLE VILLE;PARIS MONTPARNASSE;164;222;4;;15;8.733333333;0.600917431;;21;51.84603175;6.6867737;"Ce mois-ci, l'OD a été touchée par les incidents suivants :
 - le 9 : un choc anormal immobilise un train OUIGO sur la ligne à grande vitesse Atlantique (53 TGV impactés pour 3007 minutes perdues) et le heurt d'un sanglier sur la ligne à grande vitesse Atlantique (25 TGV pour 1 42 minutes perdues), 
- le 14 : un dérangement de signalisation à St-Pierre-des-Coprs (10 TGV impactés pour 173' perdues),
- le 15 : une suspicion de fuite de matières dangereuses sur un train FRET vers St-Pierre-des-Corps (10 TGV impactés pour 334' perdues),
- le 17 : un bagage abandonné dans un TGV en gare de Paris-Montparnasse (9 TGV impactés pour 287' perdues),
- les 22 et 23  : les épisodes neigeux sur toute la France (83 TGV pour 1068'perdues),
- le 24 : le heurt d'un chevreuil sur la ligne à grande vitesse Atlantique (68 TGV impactés pour 3628' perdues), 
- le 29 : la tempête Gabriel (18 TGV impactés pour 482 minutes perdues), 
- le 30 : les épisodes neigeux en Ile-de-France (33 TGV impactés pour 772' minutes perdues),
- le 31 : une rupture caténaire à l'entrée de Paris-Montparnasse entraine une interruption totale des circulations (128 TGV pour 12028' perdues).";14;6.6867737;8;5;26.31578947;47.36842105;15.78947368;5.263157895;0.0;5.263157895
2019-01;National;MONTPELLIER;LYON PART DIEU;115;208;7;;40;11.37166667;2.355223881;;18;32.57592593;5.081011609;;10;5.081011609;7;2;35.29411765;11.76470588;17.64705882;17.64705882;11.76470588;5.882352941
2019-01;National;TOURS;PARIS MONTPARNASSE;75;191;1;;16;3.595833333;0.341929825;;33;25.7010101;5.352894737;;9;5.352894737;8;5;30.0;40.0;15.0;15.0;0.0;0.0
2019-01;National;VANNES;PARIS MONTPARNASSE;155;285;4;;71;6.338028169;1.602728351;;47;42.87907801;8.44881376;"Ce mois-ci, l'OD a été touchée par les incidents suivants :
 - le 9 : un choc anormal immobilise un train OUIGO sur la ligne à grande vitesse Atlantique (53 TGV impactés pour 3007 minutes perdues) et le heurt d'un sanglier sur la ligne à grande vitesse Atlantique (25 TGV pour 1 42 minutes perdues), 
- le 14 : un accident de personne à Gestel, près de Lorient (7 TGV impactés pour 371' perdues), 
- le 17 : un bagage abandonné dans un TGV en gare de Paris-Montparnasse (9 TGV impactés pour 287' perdues),
- les 22 et 23  : les épisodes neigeux sur toute la France (83 TGV pour 1068'perdues),
- le 24 : le heurt d'un chevreuil sur la ligne à grande vitesse Atlantique (68 TGV impactés pour 3628' perdues), 
- le 26 : la présence sur les voies de manifestants de gilets en gare de Rennes ( 6 TGV pour 232' perdues), 
- le 29 : la tempête Gabriel (18 TGV impactés pour 482 minutes perdues), 
- le 30 : les épisodes neigeux en Ile-de-France (33 TGV impactés pour 772' minutes perdues),
- le 31 : une rupture caténaire à l'entrée de Paris-Montparnasse entraine une interruption totale des circulations (128 TGV pour 12028' perdues).";33;8.44881376;18;11;27.65957447;38.29787234;14.89361702;14.89361702;4.255319149;0.0
2019-01;National;PARIS LYON;MONTPELLIER;210;243;1;;46;14.57210145;2.440495868;;34;33.62254902;4.568870523;;34;4.568870523;15;2;39.39393939;12.12121212;6.060606061;33.33333333;9.090909091;0.0
2019-01;National;QUIMPER;PARIS MONTPARNASSE;222;261;4;;16;9.1875;0.571984436;;29;55.33563218;8.154669261;"Ce mois-ci, l'OD a été touchée par les incidents suivants :
 - le 9 : un choc anormal immobilise un train OUIGO sur la ligne à grande vitesse Atlantique (53 TGV impactés pour 3007 minutes perdues) et le heurt d'un sanglier sur la ligne à grande vitesse Atlantique (25 TGV pour 1 42 minutes perdues), 
- le 14 : un accident de personne à Gestel, près de Lorient (7 TGV impactés pour 371' perdues), 
- le 17 : un bagage abandonné dans un TGV en gare de Paris-Montparnasse (9 TGV impactés pour 287' perdues),
- les 22 et 23  : les épisodes neigeux sur toute la France (83 TGV pour 1068'perdues),
- le 24 : le heurt d'un chevreuil sur la ligne à grande vitesse Atlantique (68 TGV impactés pour 3628' perdues), 
- le 26 : la présence sur les voies de manifestants de gilets en gare de Rennes ( 6 TGV pour 232' perdues), 
- le 29 : la tempête Gabriel (18 TGV impactés pour 482 minutes perdues), 
- le 30 : les épisodes neigeux en Ile-de-France (33 TGV impactés pour 772' minutes perdues),
- le 31 : une rupture caténaire à l'entrée de Paris-Montparnasse entraine une interruption totale des circulations (128 TGV pour 12028' perdues).";29;8.154669261;15;9;24.13793103;37.93103448;20.68965517;17.24137931;0.0;0.0
2019-01;National;PARIS MONTPARNASSE;ST PIERRE DES CORPS;60;414;3;;49;21.25238095;2.185158151;;76;24.42214912;5.454460665;;26;5.454460665;17;12;32.65306122;12.24489796;26.53061224;22.44897959;4.081632653;2.040816327
2019-01;National;REIMS;PARIS EST;46;211;0;;17;10.93921569;0.924565561;;43;12.85736434;2.28728278;"Csq dérangement d’installation, cascade de feu à Chelles (3 TGV pour 7’, 7’ et 20’)
Attente éléments du FRET (2 TGv pour 7’ et 10’)
Obstacles sur les voies, notamment présence de gilets jaunes faisant entrave au 2720 ainsi que présence de chevaux (2 TGV impactés pour 27’ et 29’)
Pb de porte sur 2706 (52’ de retard)
Attente ADC de réserve suite supp partielle (32’)
Soin matériel roulant sur 2730 (9’) et 2784 (18’)
Malaise voyageur dans rame à Bondy (2714 impacté pour 6’)
Prise en charge KVB sur 2762 pour 7’ de retard";11;2.28728278;3;1;56.09756098;14.63414634;19.51219512;4.87804878;0.0;4.87804878
2019-01;National;ANNECY;PARIS LYON;228;153;0;;9;7.444444444;0.437908497;;23;33.99710145;6.429084967;;23;6.429084967;10;3;50.0;4.545454545;31.81818182;4.545454545;9.090909091;0.0
2019-01;National;MONTPELLIER;PARIS LYON;209;309;3;;111;10.3512012;3.814978214;;32;42.30520833;4.238071895;Neiges;32;4.238071895;19;5;59.375;18.75;6.25;12.5;3.125;0.0
2019-01;National;TOULON;PARIS LYON;250;233;4;;78;10.97564103;3.857641921;;46;40.1192029;9.001310044;Neiges et Inondation tunnel Marseille;46;9.001310044;22;7;47.82608696;30.43478261;10.86956522;6.52173913;4.347826087;0.0
2019-01;National;PARIS MONTPARNASSE;LE MANS;57;470;2;;60;25.04305556;2.958084046;;72;34.68935185;4.65042735;;36;4.65042735;27;17;30.64516129;22.58064516;29.03225806;16.12903226;1.612903226;0.0
2019-01;National;PARIS MONTPARNASSE;TOURS;72;184;0;;26;22.13782051;2.724275362;;39;28.3957265;7.120289855;"Ce mois-ci, l'OD a été touchée par les incidents suivants :
 - le 9 : un choc anormal immobilise un train OUIGO sur la ligne à grande vitesse Atlantique (53 TGV impactés pour 3007 minutes perdues) et le heurt d'un sanglier sur la ligne à grande vitesse Atlantique (25 TGV pour 1 42 minutes perdues), 
- le 14 : un dérangement de signalisation à St-Pierre-des-Coprs (10 TGV impactés pour 173' perdues),
- le 15 : une suspicion de fuite de matières dangereuses sur un train FRET vers St-Pierre-des-Corps (10 TGV impactés pour 334' perdues),
- le 17 : un bagage abandonné dans un TGV en gare de Paris-Montparnasse (9 TGV impactés pour 287' perdues),
- les 22 et 23  : les conséquences des épisodes neigeux sur toute la France (83 TGV pour 1068'perdues),
- le 24 : le heurt d'un chevreuil sur la ligne à grande vitesse Atlantique (68 TGV impactés pour 3628' perdues), 
- le 29 : les conséquence du passage de la tempête Gabriel (18 TGV impactés pour 482 minutes perdues), 
- le 30 : les conséquences des épisodes neigeux en Ile-de-France (33 TGV impactés pour 772' minutes perdues),
- le 31 : une rupture caténaire à l'entrée de Paris-Montparnasse entraine une interruption totale des circulations (128 TGV pour 12028' perdues).";15;7.120289855;11;9;32.14285714;7.142857143;35.71428571;21.42857143;3.571428571;0.0
2019-01;National;PARIS EST;NANCY;95;301;2;;40;11.69208333;1.479041249;;26;30.04487179;4.738795987;;26;4.738795987;12;3;61.53846154;19.23076923;11.53846154;3.846153846;3.846153846;0.0
2019-01;National;DOUAI;PARIS NORD;77;204;6;;27;7.107407407;1.027525253;;44;18.88787879;5.062289562;"Irrégularité cause Matériel stabilisée pour le secteur de la Radiale, même si le Parc a été relevé tendu une dizaine de fois pour janvier, notamment pour les Duplex. Incident phare le 21 avec le train balai 999015 en incident voyant « non desserrage » à Oignies (8 tgv)
Légère hausse des causes hors matériel sur la radiale, avec des motifs « produit Train » (mises à quai ) ou Service Voyageur pour des interventions Suge, Police ou Pompiers.
Baisse significative pour le domaine des Autres transporteurs
Évènement phare avec la défaillance du 7097 à Oignies (suite intempéries) le jeudi 31, journée neutralisée.
Irrégularité soutenue pour les cause dérangements sur la radiale avec pour principaux événements : le 29, incident CMPT ou commutateurs non retirés suite travaux de nuit à secteur Beugnâtre/Combles (32 TGV -749min), un rail cassé entre BE et CS le 21 (8 TGV), des  dérangements d’aiguille à DKQ le 02, à ARR le 03, à ARR le 07";13;5.062289562;9;2;36.84210526;15.78947368;42.10526316;5.263157895;0.0;0.0
2019-01;National;DUNKERQUE;PARIS NORD;116;248;3;;10;14.9;0.607755102;;28;29.81428571;4.345986395;;21;4.345986395;11;2;74.07407407;18.51851852;7.407407407;0.0;0.0;0.0
2019-01;National;PARIS LYON;DIJON VILLE;97;471;0;;55;13.0369697;1.182200991;;33;32.82171717;1.100141543;;25;1.100141543;10;2;45.45454545;9.090909091;6.060606061;36.36363636;3.03030303;0.0
2019-01;International;ITALIE;PARIS LYON;437;97;3;;83;4.427710843;3.957446809;;21;37.41031746;9.617021277;;21;9.617021277;7;3;40.0;5.0;40.0;5.0;10.0;0.0
2019-01;National;MARSEILLE ST CHARLES;PARIS LYON;202;492;3;;140;13.48464286;3.749454669;;81;42.70411523;7.99192229;Neiges et Inondation tunnel Marseille;81;7.99192229;40;15;54.32098765;17.28395062;9.87654321;12.34567901;3.703703704;2.469135802
2019-01;National;PARIS MONTPARNASSE;ANGERS SAINT LAUD;91;443;3;;61;21.40409836;2.688257576;;67;35.78383085;6.317386364;;35;6.317386364;24;14;33.33333333;21.66666667;26.66666667;16.66666667;0.0;1.666666667
2019-01;National;PARIS LYON;AIX EN PROVENCE TGV;189;391;2;;53;17.66792453;2.053813196;;50;42.399;5.687960583;Neiges et Inondation tunnel Marseille;48;5.687960583;28;9;44.44444444;6.666666667;20.0;22.22222222;6.666666667;0.0
2019-01;National;PARIS MONTPARNASSE;BORDEAUX ST JEAN;146;819;29;;106;16.14638365;1.839831224;;65;42.11435897;2.950611814;"Ce mois-ci, l'OD a été touchée par les incidents suivants :
 - le 9 : un choc anormal immobilise un train OUIGO sur la ligne à grande vitesse Atlantique (53 TGV impactés pour 3007 minutes perdues) et le heurt d'un sanglier sur la ligne à grande vitesse Atlantique (25 TGV pour 1 42 minutes perdues), 
- le 17 : un bagage abandonné dans un TGV en gare de Paris-Montparnasse (9 TGV impactés pour 287' perdues) et l'incendie d'une armoire électrique entre Montauban et Toulouse (17 TGV impactés pour 269' perdues), 
- les 22 et 23  : les épisodes neigeux sur toute la France (83 TGV pour 1068'perdues),
- le 24 : le heurt d'un chevreuil sur la ligne à grande vitesse Atlantique (68 TGV impactés pour 3628' perdues), 
- le 29 : la tempête Gabriel (18 TGV impactés pour 482 minutes perdues), 
- le 30 : les épisodes neigeux en Ile-de-France (33 TGV impactés pour 772' minutes perdues),
- le 31 : une rupture caténaire à l'entrée de Paris-Montparnasse entraine une interruption totale des circulations (128 TGV pour 12028' perdues).";53;2.950611814;31;17;47.69230769;15.38461538;18.46153846;16.92307692;0.0;1.538461538
2019-01;National;MULHOUSE VILLE;PARIS LYON;170;327;0;;137;5.988077859;2.580428135;;31;31.48709677;2.646534149;;21;2.646534149;8;4;53.57142857;17.85714286;14.28571429;7.142857143;3.571428571;3.571428571
2019-01;International;MARSEILLE ST CHARLES;MADRID;464;31;0;;9;19.25925926;5.794623656;;4;70.75;6.35483871;;4;6.35483871;4;3;75.0;25.0;0.0;0.0;0.0;0.0
2019-01;International;PARIS LYON;ZURICH;242;150;0;;22;12.6780303;1.467555556;;23;49.37608696;9.755111111;;23;9.755111111;14;4;42.85714286;33.33333333;4.761904762;19.04761905;0.0;0.0
2019-01;National;BREST;PARIS MONTPARNASSE;226;264;1;;14;13.5;0.718631179;;30;57.79666667;8.545120406;"Ce mois-ci, l'OD a été touchée par les incidents suivants :
 - le 9 : un choc anormal immobilise un train OUIGO sur la ligne à grande vitesse Atlantique (53 TGV impactés pour 3007 minutes perdues) et le heurt d'un sanglier sur la ligne à grande vitesse Atlantique (25 TGV pour 1 42 minutes perdues), 
- le 17 : un bagage abandonné dans un TGV en gare de Paris-Montparnasse (9 TGV impactés pour 287' perdues),
- les 22 et 23  : les épisodes neigeux sur toute la France (83 TGV pour 1068'perdues),
- le 24 : le heurt d'un chevreuil sur la ligne à grande vitesse Atlantique (68 TGV impactés pour 3628' perdues), 
- le 26 : la présence sur les voies de manifestants de gilets en gare de Rennes ( 6 TGV impactés pour 232' perdues), 
- le 29 : la tempête Gabriel (18 TGV impactés pour 482 minutes perdues), 
- le 30 : les épisodes neigeux en Ile-de-France (33 TGV impactés pour 772' minutes perdues),
- le 31 : une rupture caténaire à l'entrée de Paris-Montparnasse entraine une interruption totale des circulations (128 TGV pour 12028' perdues).";30;8.545120406;16;11;30.0;33.33333333;20.0;16.66666667;0.0;0.0
2019-01;National;PARIS LYON;GRENOBLE;181;248;0;;38;10.76008772;1.291599462;;43;25.51162791;5.5625;;32;5.5625;12;1;37.20930233;13.95348837;23.25581395;16.27906977;6.976744186;2.325581395
2019-01;National;PARIS LYON;SAINT ETIENNE CHATEAUCREUX;169;119;2;;8;15.31458333;0.522507123;;12;23.78888889;3.882193732;;7;3.882193732;4;0;36.36363636;9.090909091;9.090909091;18.18181818;27.27272727;0.0
2019-01;International;GENEVE;PARIS LYON;191;230;0;;189;2.91313933;2.52615942;;19;45.77982456;4.199130435;;19;4.199130435;9;4;58.82352941;23.52941176;11.76470588;5.882352941;0.0;0.0
2019-01;International;PARIS LYON;ITALIE;430;95;1;;14;7.889285714;0.865602837;;9;66.5;5.037234043;;9;5.037234043;5;2;62.5;12.5;12.5;12.5;0.0;0.0
2019-01;National;LILLE;MARSEILLE ST CHARLES;299;182;3;;62;13.80322581;4.622439479;;33;75.52474747;15.95986965;;33;15.95986965;30;19;42.42424242;15.15151515;12.12121212;21.21212121;0.0;9.090909091
2019-01;National;PARIS LYON;BESANCON FRANCHE COMTE TGV;130;200;0;;15;14.37444444;0.778166667;;21;24.52777778;3.26075;;17;3.26075;5;0;38.0952381;14.28571429;14.28571429;23.80952381;4.761904762;4.761904762
2019-01;National;LYON PART DIEU;RENNES;238;94;0;;56;9.182440476;5.57429078;;14;36.21785714;6.873404255;;14;6.873404255;8;2;42.85714286;0.0;7.142857143;42.85714286;0.0;7.142857143
2019-01;National;STRASBOURG;NANTES;294;43;0;;10;16.70666667;3.808139535;;10;53.5;13.98565891;"Csq collisions animaux (4 TGV impactés pour 82’, 74’, 8’ et 24’)
Alerte à la bombe en gare de Strasbourg (2 TGV impactés pour 18’ et 31’) 
Obstacles sur les voies suite à personne dans les voies ainsi que suspicion de heurt (2 TGV pour 41’ et 10’)
Csq défaut technique sur matériel roulant du à BM isolé et demande de secours (2 TGV impactés pour 62’ et 18’)
Csq Arrêt exceptionnel suite intervention pompier (1 TGV impacté pour 13’)
Attente matériel suite remaniement rame à Strasbourg pour porte HS (1 TGV pour 26’)";10;13.98565891;7;4;60.0;0.0;10.0;30.0;0.0;0.0
2019-01;National;PARIS LYON;MULHOUSE VILLE;169;296;0;;34;12.70392157;1.117736486;;52;26.92852564;5.35731982;;36;5.35731982;10;1;24.0;48.0;4.0;18.0;4.0;2.0
2019-01;National;PARIS LYON;BELLEGARDE (AIN);162;239;0;;42;12.03214286;1.833682008;;47;26.13156028;6.943793584;;31;6.943793584;13;3;31.91489362;12.76595745;27.65957447;21.27659574;6.382978723;0.0
2019-01;National;PARIS LYON;PERPIGNAN;306;154;1;;32;14.26979167;2.562854031;;30;41.32833333;9.231917211;Neiges;30;9.231917211;14;5;51.72413793;10.34482759;13.79310345;20.68965517;3.448275862;0.0
2019-01;National;PARIS LYON;TOULON;246;211;4;;38;15.85921053;2.563607085;;36;46.1037037;10.16755233;Neiges;36;10.16755233;17;7;44.11764706;8.823529412;17.64705882;26.47058824;2.941176471;0.0
2019-01;National;VALENCE ALIXAN TGV;PARIS LYON;133;309;2;;172;9.658333333;5.468892508;;49;33.76666667;4.861346363;;35;4.861346363;18;5;52.08333333;16.66666667;14.58333333;10.41666667;4.166666667;2.083333333
2019-01;National;ANGERS SAINT LAUD;PARIS MONTPARNASSE;94;450;1;;172;10.19273256;4.072420193;;70;42.58642857;7.049703044;"Ce mois-ci, l'OD a été touchée par les incidents suivants :
- le 3 : un TGV heurte un sanglier à Etriché (13 TGV impactés pour 730 minutes perdues), 
 - le 9 : un choc anormal immobilise un train OUIGO sur la ligne à grande vitesse Atlantique (53 TGV impactés pour 3007 minutes perdues) et le heurt d'un sanglier sur la ligne à grande vitesse Atlantique (25 TGV pour 1 42 minutes perdues), 
- le 17 : un bagage abandonné dans un TGV en gare de Paris-Montparnasse (9 TGV impactés pour 287' perdues),
- les 22 et 23  : les épisodes neigeux sur toute la France (83 TGV pour 1068'perdues),
- le 24 : le heurt d'un chevreuil sur la ligne à grande vitesse Atlantique (68 TGV impactés pour 3628' perdues), 
- le 27 : un TER heurte un sanglier entre Angers et Sablé (8 TGV impactés pour 192' perdues), 
- le 29 : la tempête Gabriel (18 TGV impactés pour 482 minutes perdues), 
- le 30 : les épisodes neigeux en Ile-de-France (33 TGV impactés pour 772' minutes perdues),
- le 31 : une rupture caténaire à l'entrée de Paris-Montparnasse entraine une interruption totale des circulations (128 TGV pour 12028' perdues).";37;7.049703044;25;12;30.35714286;33.92857143;19.64285714;14.28571429;0.0;1.785714286
2019-01;National;MARNE LA VALLEE;MARSEILLE ST CHARLES;217;261;4;;148;18.06779279;10.47425422;;52;72.70801282;16.65700389;Neiges;52;16.65700389;44;27;44.23076923;11.53846154;13.46153846;25.0;0.0;5.769230769
2019-01;National;CHAMBERY CHALLES LES EAUX;PARIS LYON;189;237;3;;143;16.14708625;9.871011396;;41;46.48658537;8.321011396;Neiges;33;8.321011396;17;9;31.57894737;13.15789474;39.47368421;10.52631579;5.263157895;0.0
2019-01;National;PERPIGNAN;PARIS LYON;303;159;3;;38;8.560087719;2.163675214;;15;54.12;4.664102564;Neiges;15;4.664102564;10;5;66.66666667;20.0;6.666666667;6.666666667;0.0;0.0
2019-01;National;PARIS LYON;VALENCE ALIXAN TGV;131;287;1;;49;14.10408163;2.087995338;;46;28.44782609;5.591783217;;37;5.591783217;18;0;37.77777778;6.666666667;13.33333333;33.33333333;6.666666667;2.222222222
2019-01;International;PARIS EST;STUTTGART;191;151;1;;25;14.62666667;2.396555556;;35;41.67571429;12.83588889;;35;12.83588889;16;4;56.25;3.125;12.5;25.0;3.125;0.0
2019-01;National;BELLEGARDE (AIN);PARIS LYON;162;253;0;;184;4.827445652;3.569301713;;30;33.94777778;3.915217391;;20;3.915217391;9;4;50.0;25.0;21.42857143;3.571428571;0.0;0.0
2019-01;National;PARIS LYON;CHAMBERY CHALLES LES EAUX;185;264;1;;34;11.39509804;1.154435995;;33;31.28989899;4.459569075;;24;4.459569075;15;1;21.21212121;9.090909091;42.42424242;21.21212121;6.060606061;0.0
2019-01;National;GRENOBLE;PARIS LYON;182;220;0;;16;7.5;0.545454545;;14;26.16904762;1.841287879;;14;1.841287879;7;0;71.42857143;7.142857143;7.142857143;14.28571429;0.0;0.0
2019-01;National;LE CREUSOT MONTCEAU MONTCHANIN;PARIS LYON;81;221;1;;124;7.266666667;4.049848485;;41;24.0300813;3.956742424;;20;3.956742424;11;1;27.5;10.0;30.0;17.5;12.5;2.5
2019-01;National;LAVAL;PARIS MONTPARNASSE;86;232;1;;92;8.71865942;3.486219336;;15;22.95888889;6.202669553;;15;6.202669553;11;7;25.0;12.5;25.0;12.5;25.0;0.0
2019-01;National;PARIS MONTPARNASSE;TOULOUSE MATABIAU;260;178;6;;27;12.56481481;1.635077519;;22;49.16969697;7.863953488;"Ce mois-ci, l'OD a été touchée par les incidents suivants :
 - le 9 : un choc anormal immobilise un train OUIGO sur la ligne à grande vitesse Atlantique (53 TGV impactés pour 3007 minutes perdues) et le heurt d'un sanglier sur la ligne à grande vitesse Atlantique (25 TGV pour 1 42 minutes perdues), 
- le 17 : un bagage abandonné dans un TGV en gare de Paris-Montparnasse (9 TGV impactés pour 287' perdues) et l'incendie d'une armoire électrique entre Montauban et Toulouse (17 TGV impactés pour 269' perdues), 
- les 22 et 23  : les épisodes neigeux sur toute la France (83 TGV pour 1068'perdues),
- le 24 : le heurt d'un chevreuil sur la ligne à grande vitesse Atlantique (68 TGV impactés pour 3628' perdues), 
- le 29 : la tempête Gabriel (18 TGV impactés pour 482 minutes perdues), 
- le 30 : les épisodes neigeux en Ile-de-France (33 TGV impactés pour 772' minutes perdues),
- le 31 : une rupture caténaire à l'entrée de Paris-Montparnasse entraine une interruption totale des circulations (128 TGV pour 12028' perdues).";22;7.863953488;14;7;22.72727273;45.45454545;18.18181818;13.63636364;0.0;0.0
2019-01;National;TOURCOING;BORDEAUX ST JEAN;286;31;0;;3;53.33333333;5.129032258;;7;58.18809524;14.1;Soin matériel roulant, NRMT, DBC, Ralentissement forfaitaire, LTV inopinée, Obstacle sur voies ou aux abords;7;14.1;4;2;14.28571429;42.85714286;28.57142857;14.28571429;0.0;0.0
2019-01;International;ZURICH;PARIS LYON;244;120;0;;38;2.409649123;1.26875;;8;35.73958333;2.048194444;;8;2.048194444;3;1;62.5;12.5;0.0;12.5;12.5;0.0
2019-01;International;MADRID;MARSEILLE ST CHARLES;472;31;0;;5;4.0;0.161290323;;4;65.54166667;12.75860215;;4;12.75860215;3;2;75.0;25.0;0.0;0.0;0.0;0.0
2019-01;National;PARIS MONTPARNASSE;ANGOULEME;127;297;5;;42;18.82738095;2.401769406;;33;39.85757576;5.537271689;;23;5.537271689;10;8;36.36363636;9.090909091;27.27272727;21.21212121;0.0;6.060606061
2019-01;International;PARIS EST;FRANCFORT;208;174;11;;29;20.8954023;3.671574642;;31;44.19354839;9.876380368;;30;9.876380368;17;7;56.0;4.0;12.0;20.0;4.0;4.0
2019-01;National;MACON LOCHE;PARIS LYON;99;204;0;;120;11.74194444;6.912254902;;32;38.2734375;6.326960784;;27;6.326960784;14;3;43.75;6.25;15.625;18.75;15.625;0.0
2019-01;National;LYON PART DIEU;MONTPELLIER;115;202;10;;76;13.59736842;5.439670139;;33;38.49848485;6.085329861;;25;6.085329861;15;7;45.45454545;21.21212121;3.03030303;18.18181818;9.090909091;3.03030303
2019-01;National;PARIS MONTPARNASSE;NANTES;127;532;3;;68;15.97794118;1.79168242;;56;43.89672619;5.867832388;"Ce mois-ci, l'OD a été touchée par les incidents suivants :
- le 3 : un TGV heurte un sanglier à Etriché (13 TGV impactés pour 730 minutes perdues), 
 - le 9 : un choc anormal immobilise un train OUIGO sur la ligne à grande vitesse Atlantique (53 TGV impactés pour 3007 minutes perdues) et le heurt d'un sanglier sur la ligne à grande vitesse Atlantique (25 TGV pour 1 42 minutes perdues), 
- le 17 : un bagage abandonné dans un TGV en gare de Paris-Montparnasse (9 TGV impactés pour 287' perdues),
- les 22 et 23  : les épisodes neigeux sur toute la France (83 TGV pour 1068'perdues),
- le 24 : le heurt d'un chevreuil sur la ligne à grande vitesse Atlantique (68 TGV impactés pour 3628' perdues), 
- le 27 : un TER heurte un sanglier entre Angers et Sablé (8 TGV impactés pour 192' perdues), 
- le 29 : la tempête Gabriel (18 TGV impactés pour 482 minutes perdues), 
- le 30 : les épisodes neigeux en Ile-de-France (33 TGV impactés pour 772' minutes perdues),
- le 31 : une rupture caténaire à l'entrée de Paris-Montparnasse entraine une interruption totale des circulations (128 TGV pour 12028' perdues).";44;5.867832388;25;12;36.36363636;20.0;29.09090909;14.54545455;0.0;0.0
2019-01;National;PARIS NORD;LILLE;64;594;14;;109;12.54984709;2.193563218;;109;20.55474006;3.917528736;;51;3.917528736;21;6;55.14018692;12.14953271;10.28037383;16.82242991;5.607476636;0.0
2019-01;National;NIMES;PARIS LYON;176;309;3;;104;9.353525641;3.315305011;;43;32.64302326;3.902668845;;31;3.902668845;18;4;55.81395349;18.60465116;9.302325581;9.302325581;4.651162791;2.325581395
2019-01;National;PARIS EST;STRASBOURG;117;572;18;;98;11.77789116;2.008092659;;97;36.05601375;6.807129964;;84;6.807129964;47;10;65.97938144;9.278350515;6.18556701;13.40206186;3.092783505;2.06185567
2019-01;National;LILLE;PARIS NORD;63;580;10;;163;8.697034765;2.465526316;;110;26.5880303;5.360614035;;65;5.360614035;38;10;49.52380952;16.19047619;14.28571429;13.33333333;6.666666667;0.0
2019-01;National;BORDEAUX ST JEAN;TOURCOING;301;31;1;;7;6.447619048;1.407222222;;2;33.0;4.966666667;;2;4.966666667;1;0;0.0;0.0;100.0;0.0;0.0;0.0
2019-01;National;LYON PART DIEU;MARNE LA VALLEE;109;257;6;;159;11.98815514;7.657237716;;55;32.09909091;7.457702523;;41;7.457702523;20;6;37.03703704;11.11111111;16.66666667;20.37037037;14.81481481;0.0
2019-01;National;AIX EN PROVENCE TGV;PARIS LYON;188;393;4;;184;9.685326087;4.609211654;;57;43.84210526;7.20235647;Neiges et Inondation tunnel Marseille;57;7.20235647;30;11;49.12280702;29.8245614;1.754385965;12.28070175;3.50877193;3.50877193
2019-01;National;DIJON VILLE;PARIS LYON;100;456;0;;255;6.916143791;3.957967836;;44;28.44469697;2.410343567;;32;2.410343567;12;3;48.8372093;11.62790698;25.58139535;11.62790698;2.325581395;0.0
2019-01;National;PARIS LYON;NIMES;177;255;1;;46;14.57210145;2.313582677;;50;28.52333333;6.906102362;;34;6.906102362;19;2;30.6122449;10.20408163;16.32653061;32.65306122;8.163265306;2.040816327
2019-01;National;SAINT ETIENNE CHATEAUCREUX;PARIS LYON;168;110;0;;6;6.447222222;0.37;;13;33.91538462;4.901515152;;11;4.901515152;6;1;53.84615385;15.38461538;15.38461538;7.692307692;0.0;7.692307692
2019-01;National;PARIS LYON;ANNECY;223;168;0;;22;11.21818182;1.141865079;;20;29.85;6.479166667;;20;6.479166667;9;0;30.0;5.0;35.0;20.0;10.0;0.0
2019-01;National;PARIS MONTPARNASSE;RENNES;99;658;9;;93;22.40519713;2.861864407;;91;39.17014652;5.934437596;;56;5.934437596;37;20;37.5;22.5;16.25;21.25;1.25;1.25
2019-01;National;RENNES;LYON PART DIEU;233;106;0;;38;3.851315789;1.558018868;;14;49.0797619;6.197012579;"Ce mois-ci, l'OD a été touchée par les incidents suivants :
 - le 9 : un choc anormal immobilise un train OUIGO sur la ligne à grande vitesse Atlantique (53 TGV impactés pour 3007 minutes perdues) et le heurt d'un sanglier sur la ligne à grande vitesse Atlantique (25 TGV pour 1 42 minutes perdues), 
- le 10 : un dérangement d'installation sur la ligne à grande vitesse Sud-Est (16 TGV impactés pour 229' perdues), 
- les 22 et 23  : les épisodes neigeux sur toute la France (83 TGV pour 1068'perdues),
- le 24 : le heurt d'un chevreuil sur la ligne à grande vitesse Atlantique (68 TGV impactés pour 3628' perdues), 
- le 26 : la présence sur les voies de manifestants de gilets en gare de Rennes ( 6 TGV pour 232' perdues) et l'inondation du tunnel entre Marseille et Aix en Provence (9 TGV impactés pour 691' perdues),
- le 29 : la tempête Gabriel (18 TGV impactés pour 482 minutes perdues), 
- le 30 : les épisodes neigeux en Ile-de-France (33 TGV impactés pour 772' minutes perdues),
- le 31 : une rupture caténaire à l'entrée de Paris-Montparnasse entraine une interruption totale des circulations (128 TGV pour 12028' perdues).";14;6.197012579;9;3;50.0;21.42857143;7.142857143;7.142857143;7.142857143;7.142857143
2019-01;National;PARIS LYON;MARSEILLE ST CHARLES;201;524;6;;74;18.49414414;2.293822394;;72;48.49837963;8.267696268;Neiges et Inondation tunnel Marseille;72;8.267696268;47;18;48.61111111;8.333333333;18.05555556;18.05555556;6.944444444;0.0
2019-02;National;PARIS MONTPARNASSE;LE MANS;57;429;2;;36;6.427777778;0.234074941;;39;12.43119658;0.648204528;;9;0.648204528;2;0;4.761904762;23.80952381;47.61904762;23.80952381;0.0;0.0
2019-02;National;ANNECY;PARIS LYON;228;140;1;;18;16.22222222;2.100719424;;27;41.61419753;9.973860911;Pointe neige fort trafic dans les Alpes, accident de personne;27;9.973860911;7;3;25.92592593;18.51851852;37.03703704;11.11111111;7.407407407;0.0
2019-02;International;PARIS EST;FRANCFORT;222;152;9;;22;17.40681818;2.623659674;;26;41.83589744;10.95128205;;25;10.95128205;16;4;10.52631579;26.31578947;26.31578947;31.57894737;0.0;5.263157895
2019-02;National;PARIS MONTPARNASSE;RENNES;99;593;3;;57;8.135087719;0.396158192;;47;23.9358156;2.351468927;;20;2.351468927;13;5;28.94736842;18.42105263;31.57894737;18.42105263;0.0;2.631578947
2019-02;National;PARIS MONTPARNASSE;ANGOULEME;127;272;2;;34;12.33186275;1.213024691;;27;23.2845679;3.17037037;;15;3.17037037;9;1;15.38461538;19.23076923;38.46153846;19.23076923;7.692307692;0.0
2019-02;National;RENNES;PARIS MONTPARNASSE;100;572;3;;138;7.905193237;1.932308143;;91;20.153663;4.071763327;;33;4.071763327;16;6;22.80701754;26.31578947;15.78947368;33.33333333;1.754385965;0.0
2019-02;National;PARIS MONTPARNASSE;POITIERS;93;484;2;;44;7.670454545;0.324550484;;44;16.95151515;2.422441217;;20;2.422441217;6;1;17.14285714;25.71428571;37.14285714;14.28571429;5.714285714;0.0
2019-02;National;BORDEAUX ST JEAN;TOURCOING;302;28;0;;6;2.3;0.54702381;;1;16.0;0.964285714;;1;0.964285714;0;0;100.0;0.0;0.0;0.0;0.0;0.0
2019-02;National;PARIS EST;STRASBOURG;119;510;17;;101;16.80445545;3.381304936;;53;41.29622642;4.015077755;"Descentes tardives TEE pour 3 TGV  et23 min de retard en moyenne.
Choc anormal le 27/02 à Vaires, 2 TGV impactés pour 32 min de retard en moyenne.
Dérangements d’installations (décontrôle aiguille, panne d’alimentation, câble défectueux), 7 TGV impactés pour 10 min en moyenne.
Avarie rame 4515 le 21, demande de secours ,4 TGV impactés pour 52 min de retard moyen.
Soin matériel roulant (BM isolé, bogie isolé), 5 TGV impactés pour un retard moyen de  14 min.";43;4.015077755;19;11;16.98113208;16.98113208;35.8490566;22.64150943;7.547169811;0.0
2019-02;National;TOURS;PARIS MONTPARNASSE;75;175;3;;10;3.488333333;0.264922481;;24;11.03402778;2.225096899;;4;2.225096899;1;0;10.0;0.0;50.0;30.0;10.0;0.0
2019-02;National;LILLE;PARIS NORD;63;535;2;;157;6.059872611;1.723889931;;82;15.6402439;2.805253283;;28;2.805253283;11;1;25.0;11.84210526;34.21052632;17.10526316;10.52631579;1.315789474
2019-02;National;LYON PART DIEU;MONTPELLIER;115;182;6;;62;10.34677419;3.68532197;;22;29.17575758;2.776136364;;16;2.776136364;6;4;27.27272727;22.72727273;31.81818182;4.545454545;9.090909091;4.545454545
2019-02;National;PARIS LYON;NIMES;177;233;4;;35;28.54809524;4.059679767;;35;49.42952381;9.338427948;Accidents de personne;18;9.338427948;10;7;6.451612903;29.03225806;25.80645161;29.03225806;9.677419355;0.0
2019-02;National;ST PIERRE DES CORPS;PARIS MONTPARNASSE;61;376;3;;132;7.6;2.844772118;;71;17.7314554;4.124173369;;23;4.124173369;8;2;24.44444444;11.11111111;33.33333333;15.55555556;6.666666667;8.888888889
2019-02;National;TOURCOING;BORDEAUX ST JEAN;286;28;1;;5;11.0;2.037037037;;4;22.975;3.562962963;;4;3.562962963;0;0;0.0;50.0;0.0;50.0;0.0;0.0
2019-02;National;PARIS LYON;MULHOUSE VILLE;169;258;1;;38;32.36622807;4.458171206;;35;66.4252381;9.772697795;Accidents de personne;29;9.772697795;20;11;11.42857143;42.85714286;20.0;20.0;2.857142857;2.857142857
2019-02;National;AIX EN PROVENCE TGV;PARIS LYON;188;361;8;;179;13.47150838;6.856515581;;44;77.32575758;10.14173749;Accidents de personne;44;10.14173749;29;18;15.90909091;50.0;9.090909091;15.90909091;6.818181818;2.272727273
2019-02;National;AVIGNON TGV;PARIS LYON;164;356;6;;160;14.84197917;6.671285714;;51;62.20098039;9.919333333;Accidents de personne;37;9.919333333;24;16;9.803921569;47.05882353;17.64705882;13.7254902;5.882352941;5.882352941
2019-02;National;CHAMBERY CHALLES LES EAUX;PARIS LYON;190;215;3;;137;15.48345499;10.00982704;;42;51.8468254;11.05400943;Pointe neige fort trafic dans les Alpes, accident de personne;37;11.05400943;14;9;14.63414634;19.51219512;43.90243902;12.19512195;4.87804878;4.87804878
2019-02;National;PARIS EST;REIMS;46;199;5;;22;19.11590909;1.941408935;;26;27.44358974;4.241151203;;12;4.241151203;9;4;13.04347826;13.04347826;34.7826087;30.43478261;8.695652174;0.0
2019-02;International;MADRID;MARSEILLE ST CHARLES;455;28;0;;3;2.0;-0.285714286;;5;33.16;10.19404762;;5;10.19404762;2;1;0.0;40.0;20.0;40.0;0.0;0.0
2019-02;National;ANGERS SAINT LAUD;PARIS MONTPARNASSE;94;409;2;;157;6.580467091;2.709254709;;57;21.8505848;3.712653563;;23;3.712653563;11;3;31.11111111;15.55555556;31.11111111;15.55555556;0.0;6.666666667
2019-02;National;LE MANS;PARIS MONTPARNASSE;60;421;4;;251;5.397543161;3.38764988;;59;16.73333333;2.641526779;;17;2.641526779;9;3;24.32432432;27.02702703;24.32432432;18.91891892;5.405405405;0.0
2019-02;National;PARIS EST;NANCY;95;275;3;;48;16.82326389;2.869852941;;26;34.44122807;5.40747549;;26;5.40747549;11;7;21.05263158;10.52631579;15.78947368;47.36842105;5.263157895;0.0
2019-02;National;LYON PART DIEU;MARNE LA VALLEE;109;231;5;;130;11.85512821;6.869764012;;31;67.79086022;9.74159292;Accidents de personne;28;9.74159292;13;8;13.33333333;33.33333333;33.33333333;13.33333333;3.333333333;3.333333333
2019-02;National;BELLEGARDE (AIN);PARIS LYON;162;218;1;;160;8.05625;5.993317972;;23;60.7173913;6.028571429;Pointe neige fort trafic dans les Alpes, accident de personne;15;6.028571429;8;7;4.761904762;61.9047619;19.04761905;4.761904762;4.761904762;4.761904762
2019-02;National;PARIS MONTPARNASSE;ST PIERRE DES CORPS;60;372;2;;35;8.4;0.354504505;;46;14.57789855;2.657027027;;13;2.657027027;5;1;20.68965517;17.24137931;31.03448276;20.68965517;10.34482759;0.0
2019-02;National;LYON PART DIEU;LILLE;191;197;4;;121;11.80289256;7.444127807;;36;67.84479167;13.41787565;;36;13.41787565;13;7;25.0;37.5;37.5;0.0;0.0;0.0
2019-02;National;MARSEILLE ST CHARLES;PARIS LYON;202;452;6;;145;14.89183908;4.714200299;;49;70.21462585;8.227653214;Accidents de personne;49;8.227653214;28;14;16.32653061;42.85714286;10.20408163;16.32653061;12.24489796;2.040816327
2019-02;National;PARIS LYON;NICE VILLE;356;163;5;;20;26.12166667;2.975949367;;14;95.0452381;9.75;Travaux Aubagne, accident de personne;14;9.75;11;7;15.38461538;38.46153846;23.07692308;7.692307692;7.692307692;7.692307692
2019-02;International;FRANCFORT;PARIS EST;218;155;8;;47;10.00921986;3.364852608;;24;44.72986111;8.142630385;;22;8.142630385;9;5;25.0;12.5;20.83333333;33.33333333;8.333333333;0.0
2019-02;International;PARIS LYON;ITALIE;430;85;1;;7;27.91428571;1.89781746;;12;86.625;11.0297619;;12;11.0297619;9;3;20.0;40.0;40.0;0.0;0.0;0.0
2019-02;International;MARSEILLE ST CHARLES;MADRID;464;28;0;;10;2.031666667;0.916666667;;1;37.0;-1.571428571;;1;-1.571428571;1;0;0.0;0.0;100.0;0.0;0.0;0.0
2019-02;National;NANCY;PARIS EST;96;281;2;;68;8.812745098;2.126702509;;27;30.4154321;1.972640382;;16;1.972640382;8;4;23.07692308;11.53846154;26.92307692;34.61538462;0.0;3.846153846
2019-02;National;PARIS NORD;LILLE;67;567;2;;122;10.87254098;2.232212389;;82;19.62560976;2.657050147;;31;2.657050147;14;5;23.75;13.75;20.0;25.0;13.75;3.75
2019-02;International;GENEVE;PARIS LYON;193;196;1;;155;5.798924731;4.745213675;;14;88.89880952;6.521282051;;14;6.521282051;7;7;0.0;83.33333333;8.333333333;0.0;0.0;8.333333333
2019-02;National;NIMES;PARIS LYON;176;280;3;;103;10.52119741;4.005415162;;40;53.09333333;7.006979543;Accidents de personne;31;7.006979543;16;8;12.82051282;38.46153846;33.33333333;7.692307692;2.564102564;5.128205128
2019-02;International;ITALIE;PARIS LYON;436;87;2;;75;5.92;5.264705882;;26;46.91282051;16.20313725;;26;16.20313725;7;5;20.0;16.0;44.0;8.0;8.0;4.0
2019-02;National;ARRAS;PARIS NORD;50;309;6;;119;6.994537815;2.857260726;;86;13.97112403;4.801540154;"Irrégularité cause Matériel en hausse pour le secteur de la Radiale, avec un Parc toujours tendu en ce qui concerne  les rames Duplex. Incident phare le 02 avec le train 7515 qui s’arrête en ligne pour bruits importants sous caisse entre voitures 7 et 8 -34 trains concernés pour 1051 minutes perdues, représentant près de 1,3 %  d’irrégularité.
Pour le domaine de l’Externe, on relève la présence de migrants dans les emprises à FHS le 04 avec 4 Tgv concernés, le 06 l’incendie volontaire d’une guérite à Somain près du PN115 avec 4 Tgv concernés, et le 07 avec le Tgv 7363 qui heurte une personne à Lillers(10 Tgv concernés).";20;4.801540154;8;0;16.21621622;20.27027027;48.64864865;8.108108108;6.756756757;0.0
2019-02;National;PARIS NORD;DUNKERQUE;121;231;1;;51;12.14444444;2.425797101;;20;33.45;3.347826087;;15;3.347826087;7;2;26.31578947;10.52631579;21.05263158;36.84210526;5.263157895;0.0
2019-02;National;PARIS LYON;MARSEILLE ST CHARLES;201;494;9;;57;37.91315789;4.085223368;;45;86.60481481;10.05477663;Accidents de personne;45;10.05477663;28;16;17.77777778;33.33333333;15.55555556;26.66666667;2.222222222;4.444444444
2019-02;National;PARIS NORD;DOUAI;73;186;1;;43;14.64728682;3.174864865;;31;29.80053763;4.07963964;;18;4.07963964;10;6;16.12903226;19.35483871;12.90322581;41.93548387;9.677419355;0.0
2019-02;National;MARNE LA VALLEE;LYON PART DIEU;110;269;4;;176;9.432765152;6.38327044;;32;64.43958333;8.332641509;Accidents de personne;26;8.332641509;14;8;19.35483871;35.48387097;22.58064516;12.90322581;9.677419355;0.0
2019-02;National;DIJON VILLE;PARIS LYON;100;401;4;;225;7.650518519;4.436733837;;29;63.0545977;4.095088161;Pointe neige fort trafic dans les Alpes, accident de personne;26;4.095088161;21;14;11.11111111;66.66666667;11.11111111;7.407407407;3.703703704;0.0
2019-02;National;LE CREUSOT MONTCEAU MONTCHANIN;PARIS LYON;81;197;1;;109;8.590366972;4.74787415;;26;43.475;5.44005102;Accidents de personne;12;5.44005102;6;3;17.39130435;21.73913043;34.7826087;17.39130435;0.0;8.695652174
2019-02;National;PARIS LYON;MACON LOCHE;96;213;4;;28;18.95297619;2.133173844;;14;47.58690476;3.685566188;Accidents de personne;11;3.685566188;6;4;21.42857143;21.42857143;7.142857143;21.42857143;21.42857143;7.142857143
2019-02;National;PARIS LYON;SAINT ETIENNE CHATEAUCREUX;169;106;4;;9;8.535185185;0.234313725;;7;23.60238095;3.069117647;;7;3.069117647;1;0;14.28571429;0.0;42.85714286;42.85714286;0.0;0.0
2019-02;International;PARIS LYON;LAUSANNE;219;116;2;;9;50.11481481;3.53625731;;11;79.07272727;10.42251462;;11;10.42251462;8;6;9.090909091;54.54545455;18.18181818;18.18181818;0.0;0.0
2019-02;National;REIMS;PARIS EST;46;191;4;;17;18.23137255;1.721746881;;29;18.8316092;2.639393939;;10;2.639393939;7;2;8.695652174;26.08695652;52.17391304;13.04347826;0.0;0.0
2019-02;National;PARIS LYON;AVIGNON TGV;161;394;1;;41;38.07113821;3.606276506;;42;69.08293651;7.597964377;Accidents de personne;25;7.597964377;17;10;7.142857143;33.33333333;21.42857143;23.80952381;7.142857143;7.142857143
2019-02;National;ANGOULEME;PARIS MONTPARNASSE;125;277;6;;141;5.444326241;2.855904059;;33;24.46313131;4.668327183;;21;4.668327183;7;1;18.75;18.75;21.875;28.125;6.25;6.25
2019-02;National;PARIS MONTPARNASSE;LA ROCHELLE VILLE;169;204;0;;15;5.644444444;0.104003268;;14;22.64285714;2.156862745;;11;2.156862745;4;0;28.57142857;7.142857143;35.71428571;28.57142857;0.0;0.0
2019-02;National;QUIMPER;PARIS MONTPARNASSE;222;235;0;;5;5.2;0.110638298;;14;41.07261905;4.648510638;"Ce mois-ci, cette destination a été touchée par : 
- le 5 : des manifestants gilets jaunes bloquant les voies à Lorient (8 TGV impactés pour 185 minutes perdues), 
- le 12 : un dérangement d'installation sur la ligne à grande vitesse Bretagne-Pays de la Loire (15 TGV impactés pour 487 minutes perdues), 
- le 13 : un dérangement d'installation sur la ligne à grande vitesse Atlantique ( 26 TGV impactés pour 424 minutes perdues), 
- le 15 : une panne d'un TGV vers Massy TGV (20 TGV impactés pour 253 minutes perdues), 
- le 23 : l'évacuation de la gare de Rennes pour une forte odeur de gaz (17 TGV impactés pour 934 minutes perdues),
- le 25 : le heurt d'un animal par un train OUIGO sur la ligne à grande vitesse Atlantique (16 TGV impactés pour 1069 minutes perdues).";14;4.648510638;7;2;30.76923077;30.76923077;7.692307692;23.07692308;7.692307692;0.0
2019-02;National;VANNES;PARIS MONTPARNASSE;155;256;1;;46;4.391304348;0.792156863;;26;28.84166667;4.626993464;;15;4.626993464;8;2;25.0;25.0;12.5;33.33333333;4.166666667;0.0
2019-02;National;VALENCE ALIXAN TGV;PARIS LYON;133;283;4;;224;7.620833333;6.178614098;;39;52.27222222;6.661648746;Accidents de personne;28;6.661648746;16;8;13.15789474;34.21052632;42.10526316;5.263157895;0.0;5.263157895
2019-02;National;PARIS LYON;TOULON;246;182;8;;21;25.42936508;2.735440613;;24;74.61458333;11.7552682;Travaux Aubagne, accident de personne;24;11.7552682;11;9;30.43478261;21.73913043;21.73913043;8.695652174;8.695652174;8.695652174
2019-02;National;PARIS LYON;CHAMBERY CHALLES LES EAUX;187;267;2;;43;18.35658915;2.609874214;;30;57.93;7.367295597;Pointe neige fort trafic dans les Alpes, accident de personne;25;7.367295597;12;6;23.33333333;26.66666667;26.66666667;20.0;3.333333333;0.0
2019-02;National;LA ROCHELLE VILLE;PARIS MONTPARNASSE;164;200;0;;7;9.428571429;0.33;;15;22.84111111;3.31575;;10;3.31575;3;1;16.66666667;25.0;8.333333333;33.33333333;0.0;16.66666667
2019-02;National;PARIS NORD;ARRAS;55;276;1;;54;13.09166667;2.366424242;;37;24.16846847;2.888606061;;18;2.888606061;9;4;13.51351351;16.21621622;24.32432432;40.54054054;5.405405405;0.0
2019-02;National;DOUAI;PARIS NORD;77;190;3;;34;7.32254902;1.436898396;;51;12.77581699;4.329411765;"Irrégularité cause Matériel en hausse pour le secteur de la Radiale, avec un Parc toujours tendu en ce qui concerne  les rames Duplex. Incident phare le 02 avec le train 7515 qui s’arrête en ligne pour bruits importants sous caisse entre voitures 7 et 8 -34 trains concernés pour 1051 minutes perdues, représentant près de 1,3 %  d’irrégularité.
Pour le domaine de l’Externe, on relève la présence de migrants dans les emprises à FHS le 04 avec 4 Tgv concernés, le 06 l’incendie volontaire d’une guérite à Somain près du PN115 avec 4 Tgv concernés, et le 07 avec le Tgv 7363 qui heurte une personne à Lillers(10 Tgv concernés).";9;4.329411765;4;0;17.07317073;21.95121951;48.7804878;9.756097561;2.43902439;0.0
2019-02;National;MARSEILLE ST CHARLES;TOURCOING;309;28;1;;4;11.52916667;1.436419753;;4;39.0;8.777777778;;4;8.777777778;1;1;0.0;25.0;25.0;50.0;0.0;0.0
2019-02;National;PARIS LYON;AIX EN PROVENCE TGV;189;366;3;;40;36.42291667;3.66446281;;28;91.5952381;8.112809917;Accidents de personne;25;8.112809917;19;11;14.81481481;37.03703704;18.51851852;25.92592593;0.0;3.703703704
2019-02;National;LYON PART DIEU;RENNES;239;88;2;;58;12.47614943;8.464728682;;13;93.97564103;15.23817829;"Ce mois-ci, cette destination a été touchée par : 
- le 12 : un dérangement d'installation sur la ligne à grande vitesse Bretagne-Pays de la Loire (15 TGV impactés pour 487 minutes perdues), 
- le 13 : un dérangement d'installation sur la ligne à grande vitesse Atlantique ( 26 TGV impactés pour 424 minutes perdues), 
- le 15 : une panne d'un TGV vers Massy TGV (20 TGV impactés pour 253 minutes perdues), 
- le 22 : une panne d'un TGV au niveau de Roissy (11 TGV impactés pour  189 minutes perdues), 
- le 23 : l'évacuation de la gare de Rennes pour une forte odeur de gaz (17 TGV impactés pour 934 minutes perdues),
- le 25 : le heurt d'un animal par un train OUIGO sur la ligne à grande vitesse Atlantique (16 TGV impactés pour 1069 minutes perdues).";13;15.23817829;7;5;23.07692308;30.76923077;7.692307692;15.38461538;0.0;23.07692308
2019-02;National;STRASBOURG;PARIS EST;117;470;11;;179;12.20865922;4.826688453;;68;34.09926471;5.256354394;;51;5.256354394;29;9;17.91044776;17.91044776;22.3880597;34.32835821;2.985074627;4.47761194
2019-02;National;LYON PART DIEU;PARIS LYON;120;573;9;;224;8.794940476;3.602452719;;49;74.10306122;6.614686761;Accidents de personne;37;6.614686761;19;13;18.75;31.25;22.91666667;20.83333333;4.166666667;2.083333333
2019-02;International;BARCELONA;PARIS LYON;389;56;0;;17;1.294117647;0.232142857;;8;55.45833333;7.284821429;;8;7.284821429;6;2;25.0;37.5;12.5;12.5;0.0;12.5
2019-02;National;ST MALO;PARIS MONTPARNASSE;161;85;2;;1;9.45;0.051204819;;7;38.4;4.654216867;;4;4.654216867;3;2;16.66666667;33.33333333;0.0;50.0;0.0;0.0
2019-02;National;PARIS LYON;DIJON VILLE;98;419;3;;53;35.64056604;4.206730769;;39;76.88846154;5.774198718;Pointe neige fort trafic dans les Alpes, accident de personne;32;5.774198718;29;17;7.692307692;51.28205128;10.25641026;30.76923077;0.0;0.0
2019-02;National;PARIS LYON;LYON PART DIEU;119;546;8;;55;25.92030303;2.21802974;;37;73.62117117;4.468060719;Accidents de personne;27;4.468060719;17;11;24.32432432;40.54054054;5.405405405;21.62162162;8.108108108;0.0
2019-02;National;PARIS LYON;PERPIGNAN;306;140;1;;24;25.94791667;4.137170264;;18;66.8037037;10.50611511;Accidents de personne;18;10.50611511;10;5;16.66666667;33.33333333;33.33333333;11.11111111;5.555555556;0.0
2019-02;International;STUTTGART;PARIS EST;191;137;4;;116;6.577586207;5.76679198;;17;49.27352941;7.538596491;;16;7.538596491;13;5;29.41176471;11.76470588;11.76470588;29.41176471;5.882352941;11.76470588
2019-02;National;PARIS MONTPARNASSE;QUIMPER;221;240;1;;21;7.948412698;0.25;;16;50.0625;3.682008368;"Ce mois-ci, cette destination a été touchée par : 
- le 5 : des manifestants gilets jaunes bloquant les voies à Lorient (8 TGV impactés pour 185 minutes perdues), 
- le 12 : un dérangement d'installation sur la ligne à grande vitesse Bretagne-Pays de la Loire (15 TGV impactés pour 487 minutes perdues), 
- le 13 : un dérangement d'installation sur la ligne à grande vitesse Atlantique ( 26 TGV impactés pour 424 minutes perdues), 
- le 15 : une panne d'un TGV vers Massy TGV (20 TGV impactés pour 253 minutes perdues), 
- le 23 : l'évacuation de la gare de Rennes pour une forte odeur de gaz (17 TGV impactés pour 934 minutes perdues),
- le 25 : le heurt d'un animal par un train OUIGO sur la ligne à grande vitesse Atlantique (16 TGV impactés pour 1069 minutes perdues).";16;3.682008368;10;4;50.0;12.5;18.75;12.5;0.0;6.25
2019-02;National;PARIS MONTPARNASSE;TOULOUSE MATABIAU;260;163;0;;14;10.87619048;0.612985685;;7;30.07142857;0.446625767;;7;0.446625767;3;0;42.85714286;28.57142857;14.28571429;14.28571429;0.0;0.0
2019-02;National;RENNES;LYON PART DIEU;233;97;2;;29;8.144827586;2.690350877;;9;88.2037037;8.475964912;"Ce mois-ci, cette destination a été touchée par : 
- le 12 : un dérangement d'installation sur la ligne à grande vitesse Bretagne-Pays de la Loire (15 TGV impactés pour 487 minutes perdues), 
- le 13 : un dérangement d'installation sur la ligne à grande vitesse Atlantique ( 26 TGV impactés pour 424 minutes perdues), 
- le 15 : une panne d'un TGV vers Massy TGV (20 TGV impactés pour 253 minutes perdues), 
- le 22 : une panne d'un TGV au niveau de Roissy (11 TGV impactés pour  189 minutes perdues), 
- le 23 : l'évacuation de la gare de Rennes pour une forte odeur de gaz (17 TGV impactés pour 934 minutes perdues),
- le 25 : le heurt d'un animal par un train OUIGO sur la ligne à grande vitesse Atlantique (16 TGV impactés pour 1069 minutes perdues).";9;8.475964912;6;4;11.11111111;44.44444444;33.33333333;11.11111111;0.0;0.0
2019-02;National;TOULOUSE MATABIAU;PARIS MONTPARNASSE;261;167;0;;13;5.784615385;0.073852295;;16;26.75833333;4.427744511;;16;4.427744511;3;0;26.66666667;26.66666667;13.33333333;33.33333333;0.0;0.0
2019-02;National;NANTES;STRASBOURG;308;40;0;;14;3.30952381;1.221666667;;6;46.63055556;8.127916667;"Attentes exécution du service voyageur (malveillance, intervention police, pb soute bagage Air-France), 3 TGV impactés pour un retard moyen de 9min.
Csq détresse matériel roulant (demande de secours sur autre TGV le 21), 1 TGV pour 128 min.
Non-respect marche tracée, cause espacement, 2 TGV impactés pour 11 min.
Obstacles sur les voies, 2 TGV pour un retard moyen de 28 min.
Soin matériel roulant (isolation panto, remplacement clignoteur, tag constaté par ADC avant mise à quai), 3 TGV pour 15 min de retard moyen.
1 Accident de personne, pour 21 min de retard.
1 Collision gibier qui a causé 19 min de retard.";6;8.127916667;3;1;50.0;0.0;33.33333333;16.66666667;0.0;0.0
2019-02;National;LILLE;LYON PART DIEU;191;213;2;;92;6.419202899;2.859873618;;23;79.23015873;9.272432859;;23;9.272432859;11;6;14.28571429;38.0952381;23.80952381;14.28571429;9.523809524;0.0
2019-02;National;BESANCON FRANCHE COMTE TGV;PARIS LYON;132;184;1;;37;8.006306306;1.367759563;;11;51.59242424;2.983970856;Pointe neige fort trafic dans les Alpes, accident de personne;9;2.983970856;7;5;10.0;80.0;0.0;10.0;0.0;0.0
2019-02;National;PARIS LYON;MONTPELLIER;210;221;4;;34;29.00833333;4.225883257;;20;78.96083333;6.556989247;Accidents de personne;20;6.556989247;12;8;20.0;40.0;20.0;15.0;5.0;0.0
2019-02;National;PARIS LYON;VALENCE ALIXAN TGV;131;261;4;;43;26.2127907;4.072568093;;33;53.45858586;7.519714656;Accidents de personne;22;7.519714656;11;8;6.25;28.125;21.875;31.25;12.5;0.0
2019-02;International;PARIS EST;STUTTGART;184;138;6;;35;18.43666667;4.906186869;;25;54.974;13.50037879;;25;13.50037879;10;6;19.04761905;33.33333333;19.04761905;14.28571429;14.28571429;0.0
2019-02;International;ZURICH;PARIS LYON;245;98;2;;39;2.541452991;1.486111111;;7;72.5452381;3.910069444;;7;3.910069444;6;6;0.0;83.33333333;16.66666667;0.0;0.0;0.0
2019-02;National;PARIS LYON;BELLEGARDE (AIN);162;204;0;;26;22.04679487;2.511519608;;26;51.95384615;9.18129085;Pointe neige fort trafic dans les Alpes, accident de personne;20;9.18129085;10;8;0.0;50.0;25.0;16.66666667;8.333333333;0.0
2019-02;National;MARSEILLE ST CHARLES;LYON PART DIEU;105;331;8;;69;15.702657;3.431011352;;42;39.15634921;7.504282766;;26;7.504282766;13;8;25.0;19.44444444;36.11111111;11.11111111;5.555555556;2.777777778
2019-02;National;NANTES;PARIS MONTPARNASSE;131;520;2;;130;6.993333333;1.608333333;;42;33.79404762;4.173423423;;29;4.173423423;13;4;35.71428571;19.04761905;23.80952381;19.04761905;0.0;2.380952381
2019-02;National;PARIS MONTPARNASSE;TOURS;72;171;1;;12;3.308333333;-0.314313725;;25;9.136;2.176372549;;2;2.176372549;0;0;25.0;8.333333333;58.33333333;8.333333333;0.0;0.0
2019-02;National;MACON LOCHE;PARIS LYON;99;185;1;;113;12.95280236;7.943115942;;32;53.91979167;9.83423913;Accidents de personne;24;9.83423913;9;6;23.33333333;33.33333333;26.66666667;10.0;0.0;6.666666667
2019-02;National;MULHOUSE VILLE;PARIS LYON;170;288;3;;133;5.314536341;2.539883041;;25;54.84666667;3.941461988;Accidents de personne;21;3.941461988;14;12;9.090909091;68.18181818;13.63636364;9.090909091;0.0;0.0
2019-02;International;LAUSANNE;PARIS LYON;226;128;1;;88;5.120075758;3.746194226;;10;74.38;4.610761155;;10;4.610761155;9;4;20.0;50.0;10.0;10.0;10.0;0.0
2019-02;International;PARIS LYON;BARCELONA;387;56;0;;7;48.37142857;5.705357143;;8;92.125;15.125;;8;15.125;4;3;12.5;25.0;50.0;0.0;12.5;0.0
2019-02;National;STRASBOURG;NANTES;294;40;0;;11;7.742424242;2.06875;;13;25.62435897;10.07833333;"Attente exécution du service voyageur (intervention police, affluence voyageur), 3 trains impactés 
Attente matériel et dédoublement du 5488 à SG et à MLV, 2 trains impactés
Soin matériel roulant (signal d’alarme, pb essais ADC, pb fermeture portes, application guide), 7 TGV impactés 
Personnes aux abords des voies, 2 TGV impactés";13;10.07833333;2;0;25.0;0.0;58.33333333;16.66666667;0.0;0.0
2019-02;National;MARNE LA VALLEE;MARSEILLE ST CHARLES;216;233;3;;141;13.03735225;8.053768116;;39;73.38547009;14.96913043;Accidents de personne;39;14.96913043;25;10;20.51282051;28.20512821;20.51282051;23.07692308;7.692307692;0.0
2019-02;National;TOULON;PARIS LYON;251;212;6;;85;12.19843137;5.114724919;;42;45.81031746;10.33624595;Travaux Aubagne, accident de personne;42;10.33624595;19;10;14.28571429;45.23809524;19.04761905;14.28571429;7.142857143;0.0
2019-02;International;PARIS LYON;GENEVE;190;176;0;;21;26.09047619;2.823958333;;17;72.45294118;10.21799242;;17;10.21799242;9;7;0.0;47.05882353;23.52941176;17.64705882;11.76470588;0.0
2019-02;National;PERPIGNAN;PARIS LYON;303;144;0;;47;8.164893617;2.737268519;;17;69.13431373;7.490740741;Accidents de personne;17;7.490740741;10;5;11.76470588;41.17647059;23.52941176;11.76470588;5.882352941;5.882352941
2019-02;International;PARIS LYON;ZURICH;242;127;1;;21;26.26428571;3.957539683;;23;62.46521739;13.52222222;;23;13.52222222;17;8;9.090909091;40.90909091;22.72727273;22.72727273;4.545454545;0.0
2019-02;National;PARIS MONTPARNASSE;BORDEAUX ST JEAN;146;741;8;;66;11.31237374;0.676034561;;54;23.62191358;1.168008186;;36;1.168008186;11;3;22.64150943;18.86792453;35.8490566;18.86792453;3.773584906;0.0
2019-02;National;BREST;PARIS MONTPARNASSE;226;254;0;;5;4.4;0.086614173;;13;47.76794872;4.770734908;"Ce mois-ci, cette destination a été touchée par : 
- le 12 : un dérangement d'installation sur la ligne à grande vitesse Bretagne-Pays de la Loire (15 TGV impactés pour 487 minutes perdues), 
- le 13 : un dérangement d'installation sur la ligne à grande vitesse Atlantique ( 26 TGV impactés pour 424 minutes perdues), 
- le 15 : une panne d'un TGV vers Massy TGV (20 TGV impactés pour 253 minutes perdues), 
- le 23 : l'évacuation de la gare de Rennes pour une forte odeur de gaz (17 TGV impactés pour 934 minutes perdues),
- le 25 : le heurt d'un animal par un train OUIGO sur la ligne à grande vitesse Atlantique (16 TGV impactés pour 1069 minutes perdues).";13;4.770734908;7;3;36.36363636;27.27272727;9.090909091;18.18181818;9.090909091;0.0
2019-02;National;SAINT ETIENNE CHATEAUCREUX;PARIS LYON;168;103;2;;14;6.15952381;0.801980198;;8;67.375;6.228547855;Accidents de personne;8;6.228547855;2;2;0.0;37.5;25.0;37.5;0.0;0.0
2019-02;National;PARIS MONTPARNASSE;LAVAL;83;225;1;;29;8.138505747;0.684821429;;25;16.46466667;2.787053571;;6;2.787053571;4;1;25.0;20.0;40.0;10.0;5.0;0.0
2019-02;National;MARSEILLE ST CHARLES;LILLE;290;167;3;;37;23.96846847;5.295731707;;31;70.09516129;15.05457317;;31;15.05457317;16;8;20.0;23.33333333;40.0;16.66666667;0.0;0.0
2019-02;National;BORDEAUX ST JEAN;PARIS MONTPARNASSE;142;807;14;;189;7.851322751;1.676103405;;82;29.41199187;4.325662043;;55;4.325662043;20;5;23.07692308;12.82051282;29.48717949;26.92307692;5.128205128;2.564102564
2019-02;National;PARIS MONTPARNASSE;BREST;221;253;1;;19;10.59122807;0.343584656;;11;41.04545455;2.623015873;"Ce mois-ci, cette destination a été touchée par : 
- le 12 : un dérangement d'installation sur la ligne à grande vitesse Bretagne-Pays de la Loire (15 TGV impactés pour 487 minutes perdues), 
- le 13 : un dérangement d'installation sur la ligne à grande vitesse Atlantique ( 26 TGV impactés pour 424 minutes perdues), 
- le 15 : une panne d'un TGV vers Massy TGV (20 TGV impactés pour 253 minutes perdues), 
- le 23 : l'évacuation de la gare de Rennes pour une forte odeur de gaz (17 TGV impactés pour 934 minutes perdues),
- le 25 : le heurt d'un animal par un train OUIGO sur la ligne à grande vitesse Atlantique (16 TGV impactés pour 1069 minutes perdues).";11;2.623015873;7;1;36.36363636;9.090909091;9.090909091;45.45454545;0.0;0.0
2019-02;National;POITIERS;PARIS MONTPARNASSE;94;421;6;;139;5.219184652;1.646385542;;48;14.25;3.410923695;;19;3.410923695;7;3;24.0;24.0;12.0;24.0;4.0;12.0
2019-02;National;GRENOBLE;PARIS LYON;182;199;2;;21;21.42857143;2.284263959;;13;108.3516667;6.890101523;Pointe neige fort trafic dans les Alpes, accident de personne;13;6.890101523;11;7;20.0;70.0;10.0;0.0;0.0;0.0
2019-02;National;PARIS LYON;GRENOBLE;181;228;1;;26;31.82564103;3.21886931;;33;68.95454545;11.24008811;Pointe neige fort trafic dans les Alpes, accident de personne;24;11.24008811;19;9;18.18181818;54.54545455;15.15151515;12.12121212;0.0;0.0
2019-02;National;PARIS LYON;LE CREUSOT MONTCEAU MONTCHANIN;80;188;4;;19;30.00175439;2.661775362;;16;47.20833333;3.598731884;Accidents de personne;8;3.598731884;4;2;23.07692308;30.76923077;7.692307692;38.46153846;0.0;0.0
2019-02;National;PARIS MONTPARNASSE;NANTES;127;490;1;;37;7.904504505;0.26400818;;51;26.78464052;4.083708248;;37;4.083708248;13;4;20.40816327;32.65306122;38.7755102;8.163265306;0.0;0.0
2019-02;National;DUNKERQUE;PARIS NORD;117;233;2;;11;15.28636364;0.727922078;;23;21.33768116;3.414213564;;10;3.414213564;5;0;26.08695652;39.13043478;21.73913043;8.695652174;4.347826087;0.0
2019-02;National;PARIS LYON;BESANCON FRANCHE COMTE TGV;130;180;0;;22;42.50606061;4.931481481;;17;85.7627451;9.158703704;Pointe neige fort trafic dans les Alpes, accident de personne;15;9.158703704;12;6;11.76470588;52.94117647;11.76470588;17.64705882;0.0;5.882352941
2019-02;National;PARIS EST;METZ;84;291;6;;58;15.44770115;3.063216374;;53;22.59716981;4.313567251;;29;4.313567251;16;4;20.83333333;20.83333333;18.75;25.0;10.41666667;4.166666667
2019-02;National;MONTPELLIER;LYON PART DIEU;115;188;4;;36;11.92824074;2.401086957;;14;42.66190476;5.934057971;;11;5.934057971;5;4;35.71428571;14.28571429;21.42857143;21.42857143;0.0;7.142857143
2019-02;National;LAVAL;PARIS MONTPARNASSE;86;212;0;;65;6.770512821;2.079638365;;15;13.29444444;3.099606918;;12;3.099606918;4;3;0.0;12.5;25.0;62.5;0.0;0.0
2019-02;National;PARIS MONTPARNASSE;ANGERS SAINT LAUD;91;402;2;;31;9.301612903;0.376333333;;44;18.53825758;3.446583333;;16;3.446583333;7;1;14.70588235;23.52941176;35.29411765;20.58823529;2.941176471;2.941176471
2019-02;National;PARIS MONTPARNASSE;ST MALO;166;92;1;;7;7.414285714;0.095604396;;4;43.85416667;0.891941392;"Ce mois-ci, cette destination a été touchée par : 
- le 12 : un dérangement d'installation sur la ligne à grande vitesse Bretagne-Pays de la Loire (15 TGV impactés pour 487 minutes perdues), 
- le 13 : un dérangement d'installation sur la ligne à grande vitesse Atlantique ( 26 TGV impactés pour 424 minutes perdues), 
- le 15 : une panne d'un TGV vers Massy TGV (20 TGV impactés pour 253 minutes perdues), 
- le 23 : l'évacuation de la gare de Rennes pour une forte odeur de gaz (17 TGV impactés pour 934 minutes perdues),
- le 25 : le heurt d'un animal par un train OUIGO sur la ligne à grande vitesse Atlantique (16 TGV impactés pour 1069 minutes perdues).";4;0.891941392;3;1;50.0;25.0;25.0;0.0;0.0;0.0
2019-02;National;PARIS MONTPARNASSE;VANNES;151;245;1;;21;7.948412698;0.229508197;;18;34.77777778;3.106557377;;14;3.106557377;8;2;33.33333333;11.11111111;33.33333333;11.11111111;0.0;11.11111111
2019-02;National;NICE VILLE;PARIS LYON;357;159;4;;32;6.80625;1.463978495;;33;37.79545455;9.321935484;Travaux Aubagne, accident de personne;33;9.321935484;13;5;18.18181818;36.36363636;24.24242424;12.12121212;9.090909091;0.0
2019-02;National;LYON PART DIEU;MARSEILLE ST CHARLES;109;345;6;;149;15.75100671;6.958357915;;63;45.29708995;9.854818092;Accidents de personne;45;9.854818092;26;10;17.74193548;25.80645161;32.25806452;17.74193548;4.838709677;1.612903226
2019-02;National;METZ;PARIS EST;89;277;6;;121;10.54352617;4.768265683;;54;24.42006173;5.035608856;;30;5.035608856;16;4;17.64705882;17.64705882;43.1372549;17.64705882;1.960784314;1.960784314
2019-02;National;LILLE;MARSEILLE ST CHARLES;300;173;1;;53;18.21477987;5.470155039;;25;68.73133333;12.58517442;;25;12.58517442;15;5;24.0;28.0;24.0;16.0;8.0;0.0
2019-02;National;MARSEILLE ST CHARLES;MARNE LA VALLEE;213;224;4;;48;25.54826389;5.420833333;;29;78.6454023;11.41106061;Accidents de personne;29;11.41106061;16;9;21.42857143;21.42857143;32.14285714;25.0;0.0;0.0
2019-02;National;PARIS LYON;ANNECY;224;155;3;;18;17.61944444;1.691666667;;16;41.5625;6.917763158;Accidents de personne;16;6.917763158;7;4;33.33333333;26.66666667;13.33333333;13.33333333;6.666666667;6.666666667
2019-02;National;MONTPELLIER;PARIS LYON;209;282;3;;110;10.54818182;4.209498208;;31;65.15806452;6.93572282;Accidents de personne;31;6.93572282;16;8;9.677419355;45.16129032;29.03225806;9.677419355;3.225806452;3.225806452
2019-03;National;TOURS;PARIS MONTPARNASSE;75;188;3;;9;2.333333333;0.099369369;;34;16.79313725;3.584234234;;11;3.584234234;7;1;23.52941176;41.17647059;5.882352941;23.52941176;5.882352941;0.0
2019-03;National;MARSEILLE ST CHARLES;MARNE LA VALLEE;213;248;0;;37;16.2954955;2.25672043;;30;43.56;6.755107527;Incendie motrice à cluny, colis suspect à Valence TGV, chute d'arbre vers Vaumort;30;6.755107527;15;5;24.13793103;13.79310345;24.13793103;31.03448276;6.896551724;0.0
2019-03;National;BELLEGARDE (AIN);PARIS LYON;162;256;0;;188;5.320212766;3.954361979;;30;33.76833333;3.272265625;;28;3.272265625;10;3;21.42857143;25.0;32.14285714;10.71428571;3.571428571;7.142857143
2019-03;National;PARIS LYON;DIJON VILLE;98;462;0;;34;12.16617647;0.536363636;;15;34.63666667;-0.351875902;;13;-0.351875902;6;3;20.0;33.33333333;0.0;46.66666667;0.0;0.0
2019-03;National;NIMES;PARIS LYON;176;310;1;;168;8.765178571;4.864239482;;36;48.60787037;4.963592233;Incendie motrice à cluny, colis suspect à Valence TGV, chute d'arbre vers Vaumort;31;4.963592233;12;11;22.22222222;25.0;30.55555556;13.88888889;8.333333333;0.0
2019-03;National;LYON PART DIEU;MONTPELLIER;114;202;5;;73;10.0390411;3.723181049;;27;29.9382716;4.374450085;;18;4.374450085;9;3;37.03703704;11.11111111;22.22222222;25.92592593;3.703703704;0.0
2019-03;International;PARIS LYON;GENEVE;192;207;0;;24;12.61319444;1.177938808;;24;30.10555556;5.220048309;;24;5.220048309;10;1;33.33333333;20.83333333;29.16666667;12.5;4.166666667;0.0
2019-03;National;ANGERS SAINT LAUD;PARIS MONTPARNASSE;93;450;4;;164;6.823577236;2.669544096;;66;32.95353535;5.585538117;;36;5.585538117;23;9;40.0;30.0;14.0;14.0;0.0;2.0
2019-03;National;ST PIERRE DES CORPS;PARIS MONTPARNASSE;61;432;4;;140;9.203214286;3.179867601;;94;21.94609929;5.389485981;"Ce mois-ci, cette destination a été touchée par : 
- le 4 : les vents violents imposent des limitations de vitesse (27 TGV impactés pour 221 minutes perdues) et la panne d'un TGV sur la ligne à grande vitesse Atlantique (23 TGV impactés pour 724 minutes perdues), 
- le 12 : le heurt d'une barrière de chantier entre Marcoussis et Massy TGV sur la ligne à grande vitesse Atlantique (80 TGV impactés pour 3660 minutes perdues), 
- le 19 : un dérangement d'installation  sur la ligne à grande vitesse Atlantique  (27 TGV impactés pour 634 minutes perdues) et la défaillance matériel d'un TGV entre Massy et Paris (24 TGV impactés pour 417 minutes perdues), 
- le 25 : l'envahissement des voies à Vendôme par les salariés d'Arjowiggins (56 TGV impactés pour 4488 minutes perdues) et la défaillance matériel d'un TGV vers Massy (40 TGV impactés pour 1194 minutes perdues),
- le 27 : la défaillance matériel d'un TGV vers Vendôme (14 TGV impactés pour 320 minutes perdues).";31;5.389485981;18;6;27.11864407;30.50847458;15.25423729;16.94915254;3.389830508;6.779661017
2019-03;National;PARIS NORD;ARRAS;55;306;8;;51;17.41470588;2.774552573;;46;27.1942029;4.400503356;;18;4.400503356;11;8;35.55555556;28.88888889;11.11111111;17.77777778;4.444444444;2.222222222
2019-03;National;PARIS LYON;BESANCON FRANCHE COMTE TGV;130;195;0;;17;12.39705882;0.795384615;;12;24.92777778;2.59974359;;7;2.59974359;3;1;16.66666667;25.0;16.66666667;25.0;8.333333333;8.333333333
2019-03;International;PARIS EST;FRANCFORT;229;174;1;;26;24.24230769;3.60327553;;17;50.03529412;8.115125241;;17;8.115125241;10;4;30.0;30.0;0.0;30.0;10.0;0.0
2019-03;National;ARRAS;PARIS NORD;50;348;10;;128;7.058984375;2.783530572;;98;14.09370748;4.908333333;;22;4.908333333;7;4;9.638554217;31.3253012;46.98795181;9.638554217;2.409638554;0.0
2019-03;International;MADRID;MARSEILLE ST CHARLES;478;31;0;;6;6.0;0.806451613;;1;21.66666667;5.485483871;;1;5.485483871;0;0;0.0;0.0;100.0;0.0;0.0;0.0
2019-03;National;LYON PART DIEU;PARIS LYON;120;629;0;;277;5.555174489;2.551563328;;44;26.24356061;2.191573927;;28;2.191573927;7;3;6.818181818;15.90909091;34.09090909;22.72727273;6.818181818;13.63636364
2019-03;National;MARNE LA VALLEE;LYON PART DIEU;111;304;3;;187;8.881996435;5.631173865;;39;30.9957265;4.763067553;;27;4.763067553;12;4;18.42105263;23.68421053;21.05263158;34.21052632;2.631578947;0.0
2019-03;National;VANNES;PARIS MONTPARNASSE;155;276;2;;75;4.2;1.149635036;;40;39.4575;7.447019465;;29;7.447019465;18;7;38.46153846;23.07692308;17.94871795;15.38461538;2.564102564;2.564102564
2019-03;National;PARIS LYON;AIX EN PROVENCE TGV;188;403;0;;28;9.903571429;0.327502068;;14;30.41904762;1.720140612;;13;1.720140612;5;1;16.66666667;16.66666667;33.33333333;33.33333333;0.0;0.0
2019-03;National;PARIS LYON;MACON LOCHE;96;239;2;;25;17.73066667;1.462869198;;19;34.70701754;3.016315049;;14;3.016315049;7;3;11.11111111;11.11111111;11.11111111;61.11111111;5.555555556;0.0
2019-03;National;PARIS LYON;MONTPELLIER;210;237;0;;21;18.31269841;1.199226442;;28;37.74880952;4.254571027;;28;4.254571027;12;4;35.71428571;14.28571429;17.85714286;28.57142857;3.571428571;0.0
2019-03;International;STUTTGART;PARIS EST;191;151;1;;135;4.540617284;3.993555556;;12;51.56805556;6.454444444;;12;6.454444444;8;5;0.0;33.33333333;8.333333333;41.66666667;0.0;16.66666667
2019-03;National;PARIS MONTPARNASSE;ANGERS SAINT LAUD;90;440;7;;52;12.90801282;1.214049269;;57;37.19415205;5.820207852;;37;5.820207852;21;10;40.0;20.0;14.0;24.0;0.0;2.0
2019-03;National;PARIS MONTPARNASSE;ANGOULEME;127;298;2;;46;20.35217391;2.830686937;;37;37.75720721;5.154054054;;23;5.154054054;12;6;27.02702703;18.91891892;24.32432432;24.32432432;2.702702703;2.702702703
2019-03;National;PARIS LYON;AVIGNON TGV;161;438;0;;31;10.14784946;0.348097412;;30;25.22611111;1.929794521;;20;1.929794521;5;4;13.33333333;13.33333333;40.0;23.33333333;10.0;0.0
2019-03;National;PARIS MONTPARNASSE;VANNES;151;259;1;;22;14.22045455;0.71001292;;25;30.52;3.790697674;;19;3.790697674;8;2;36.0;20.0;20.0;16.0;4.0;4.0
2019-03;National;PARIS EST;REIMS;46;215;2;;29;17.68563218;2.183176839;;25;26.50866667;3.510093897;;12;3.510093897;6;4;9.090909091;27.27272727;13.63636364;27.27272727;18.18181818;4.545454545
2019-03;National;TOURCOING;BORDEAUX ST JEAN;289;27;0;;3;19.33333333;2.148148148;;3;89.83333333;9.857407407;Dérangements d'installation, Soins engin, Attente fin de service voy, affluence voy, acte de malveillance,….;3;9.857407407;3;2;0.0;33.33333333;33.33333333;33.33333333;0.0;0.0
2019-03;National;PARIS LYON;CHAMBERY CHALLES LES EAUX;188;291;2;;37;12.2472973;1.161534025;;30;43.65277778;5.273298731;Incendie motrice à cluny, chute d'arbre vers Vaumort;24;5.273298731;15;8;17.85714286;35.71428571;7.142857143;39.28571429;0.0;0.0
2019-03;International;ZURICH;PARIS LYON;245;114;0;;47;1.654609929;1.141520468;;5;38.98333333;-0.601023392;;5;-0.601023392;2;1;60.0;40.0;0.0;0.0;0.0;0.0
2019-03;National;PARIS MONTPARNASSE;ST MALO;165;104;3;;8;6.372916667;0.009075908;;6;31.75555556;0.374587459;;5;0.374587459;1;1;50.0;33.33333333;0.0;16.66666667;0.0;0.0
2019-03;National;STRASBOURG;NANTES;294;44;0;;15;11.3;3.784090909;;5;75.6;9.904166667;"Dérangements des systèmes informatiques : 2 TGV impactés
Dérangements d’installation : décontrôle aiguille + défaut de disjoncteur : 2 TGV pour retard moyen de 31’
Incident lié aux portes : transbordement le 23/03 : 2 TGV impactés pour 17’ en moyenne
Heurt d’un lorry le 12/03 (99’)
5488 retardé suite à  pb de tension le 28/03 (97’)
Absence tension en ligne sur 5488 le 10/03 (89’)
Csq valise abandonnée le 27 pour 16’ de retard";5;9.904166667;4;4;0.0;40.0;20.0;40.0;0.0;0.0
2019-03;National;LYON PART DIEU;MARNE LA VALLEE;109;255;0;;149;9.210738255;5.457843137;;41;30.86747967;5.293660131;;30;5.293660131;9;5;21.05263158;21.05263158;26.31578947;15.78947368;10.52631579;5.263157895
2019-03;National;PARIS LYON;MARSEILLE ST CHARLES;200;545;2;;36;11.4;0.369766728;;26;35.70897436;3.332044199;;26;3.332044199;10;4;24.0;20.0;32.0;16.0;8.0;0.0
2019-03;National;PARIS MONTPARNASSE;TOULOUSE MATABIAU;260;180;4;;18;19.9962963;1.64469697;;24;75.50763889;10.76107955;"Ce mois-ci, cette destination a été touchée par : 
- le 4 : les vents violents imposent des limitations de vitesse (27 TGV impactés pour 221 minutes perdues) et la panne d'un TGV sur la ligne à grande vitesse Atlantique (23 TGV impactés pour 724 minutes perdues), 
- le 12 : le heurt d'une barrière de chantier entre Marcoussis et Massy TGV sur la ligne à grande vitesse Atlantique (80 TGV impactés pour 3660 minutes perdues), 
- le 19 : un dérangement d'installation  sur la ligne à grande vitesse Atlantique  (27 TGV impactés pour 634 minutes perdues), et la défaillance matériel d'un TGV entre Massy et Paris (24 TGV impactés pour 417 minutes perdues), 
- le 20 : l'incendie d'une maison aux abords des voies près de Toulouse qui impactera les circulations jusqu'au 26/03 (19 TGV impactés pour 1271 minutes perdues),
- le 25 : l'envahissement des voies à Vendôme par les salariés d'Arjowiggins (56 TGV impactés pour 4488 minutes perdues) et la défaillance matériel d'un TGV vers Massy (40 TGV impactés pour 1194 minutes perdues),
- le 27 : la défaillance matériel d'un TGV vers Vendôme (14 TGV impactés pour 320 minutes perdues).";24;10.76107955;16;7;41.66666667;29.16666667;12.5;12.5;4.166666667;0.0
2019-03;National;PARIS MONTPARNASSE;TOURS;72;186;2;;20;16.615;1.319836957;;31;20.67204301;4.511141304;;9;4.511141304;5;1;35.29411765;29.41176471;0.0;35.29411765;0.0;0.0
2019-03;National;PARIS EST;METZ;84;312;4;;49;18.13401361;2.763906926;;34;37.48578431;3.732954545;;19;3.732954545;13;6;3.225806452;35.48387097;16.12903226;35.48387097;9.677419355;0.0
2019-03;National;MARSEILLE ST CHARLES;LILLE;290;194;0;;26;10.66666667;1.297938144;;41;34.09390244;9.644501718;;41;9.644501718;13;3;27.5;32.5;15.0;12.5;5.0;7.5
2019-03;National;PARIS MONTPARNASSE;RENNES;98;657;12;;66;13.41439394;0.909405685;;64;30.06927083;3.59377261;;32;3.59377261;14;10;35.71428571;17.85714286;14.28571429;25.0;3.571428571;3.571428571
2019-03;National;TOULON;PARIS LYON;250;231;3;;77;11.23658009;3.892690058;;33;34.97474747;6.042763158;;33;6.042763158;13;3;21.21212121;36.36363636;27.27272727;9.090909091;3.03030303;3.03030303
2019-03;National;BREST;PARIS MONTPARNASSE;226;279;4;;9;9.222222222;0.301818182;;23;54.92391304;6.686909091;"Ce mois-ci, cette destination a été touchée par : 
- le 4 : la défaillance matériel d'un TGV sur la ligne à grande vitesse Atlantique (23 TGV impactés pour 724 minutes perdues),
- le 12 : le heurt d'une barrière de chantier entre Marcoussis et Massy TGV sur la ligne à grande vitesse Atlantique (80 TGV impactés pour 3660 minutes perdues), 
- le 19 : un dérangement d'installation  sur la ligne à grande vitesse Atlantique  (27 TGV impactés pour 634 minutes perdues) et la défaillance matériel d'un TGV entre Massy et Paris (24 TGV impactés pour 417 minutes perdues) , 
- le 21 : l'envahissement des voies en gare du Mans  par des manifestants forains (11 TGV impactés pour 450 minutes perdues),
- le 22 : l'envahissement des voies en gare du Mans  par des manifestants forains (22 TGV impactés pour 534 minutes perdues),
- le 25 : l'envahissement des voies en gare du Mans  par des manifestants forains (32 TGV impactés pour 2012 minutes perdues), la défaillance matériel d'un TGV vers Massy (40 TGV impactés pour 1194 minutes perdues) et la présence d'une personne aux abords des voies vers St-Brieuc (5 TGV impactés pour 230 minutes perdues),
- le 26 : la défaillance matériel d'un TGV vers Guingamp ( 5 TGV impactés pour 618 minutes perdues), 
- le 28 : le heurt d'une personne  par un TER vers Rennes (5 TGV impactés  pour 207 minutes perdues),
- le 31 : une suspicion d'alerte à la bombe sous le pont de St-Hélier près de Rennes (10 TGV impactés pour 526 minutes perdues).";23;6.686909091;14;7;45.0;20.0;15.0;20.0;0.0;0.0
2019-03;National;LAVAL;PARIS MONTPARNASSE;85;235;3;;85;7.614117647;2.773204023;;20;32.87916667;5.26795977;;20;5.26795977;11;5;9.090909091;18.18181818;18.18181818;36.36363636;9.090909091;9.090909091
2019-03;National;NANCY;PARIS EST;96;316;7;;71;10.97511737;2.491747573;;21;64.08333333;3.358144552;"Csq absence de tension en ligne sur 6 TGV le 10 pour 101’ + arbre sur caténaire (11’)
Soin matériel roulant : Dérangement ERTMS le 29 (117’ pour le 2584), pb attelage (26’), pb mise en place rame à Jarville le 17 (49’), pb portes et bogies sur 2580 le 03 (42’)
Travaux restitution tardive le 19 (2 TGV, 11’)
Sac à dos abandonné, 1 TGV impacté le 24 (15’)";17;3.358144552;12;7;5.263157895;36.84210526;26.31578947;26.31578947;5.263157895;0.0
2019-03;National;BORDEAUX ST JEAN;TOURCOING;301;29;1;;6;3.133333333;0.585714286;;1;32.0;1.678571429;;1;1.678571429;1;0;100.0;0.0;0.0;0.0;0.0;0.0
2019-03;National;MARNE LA VALLEE;MARSEILLE ST CHARLES;216;269;1;;149;9.313534676;5.243843284;;32;43.58229167;7.461504975;Incendie motrice à cluny, colis suspect à Valence TGV, chute d'arbre vers Vaumort;32;7.461504975;12;6;21.875;25.0;25.0;21.875;6.25;0.0
2019-03;National;PARIS LYON;PERPIGNAN;306;155;0;;16;20.71458333;1.671075269;;29;39.30402299;7.943870968;;29;7.943870968;13;3;41.37931034;17.24137931;17.24137931;20.68965517;3.448275862;0.0
2019-03;International;PARIS LYON;ITALIE;431;94;0;;10;12.97833333;0.946099291;;16;41.8125;6.164893617;;16;6.164893617;7;4;20.0;50.0;10.0;10.0;0.0;10.0
2019-03;National;NANTES;PARIS MONTPARNASSE;131;570;5;;115;7.173623188;1.279911504;;67;43.43159204;6.31380531;"Ce mois-ci, cette destination a été touchée par : 
- le 3 :  les vents violents en région Pays de la Loire  imposent des limitations de vitesse (18 TGV impactés pour 313 minutes perdues) 
- le 4 : la défaillance matériel d'un TGV sur la ligne à grande vitesse Atlantique (23 TGV impactés pour 724 minutes perdues) et la chute d'un arbre sur les voies vers Écouflant (19 TGV impactés pour 591 minutes perdues),
- le 5 : une restitution tardive de travaux au Mans (19 TGV impactés pour 179 minutes perdues),
- le 12 : le heurt d'une barrière de chantier entre Marcoussis et Massy TGV sur la ligne à grande vitesse Atlantique (80 TGV impactés pour 3660 minutes perdues), 
- le 19 : un dérangement d'installation  sur la ligne à grande vitesse Atlantique  (27 TGV impactés pour 634 minutes perdues), la défaillance matériel d'un TGV entre Massy et Paris (24 TGV impactés pour 417 minutes perdues) et le heurt d'un sanglier entre Angers et Sablé (11 TGV impactés pour 477 minutes perdues), 
- le 21 : l'envahissement des voies en gare du Mans  par des manifestants forains (11 TGV impactés pour 450 minutes perdues),
- le 22 : l'envahissement des voies en gare du Mans  par des manifestants forains (22 TGV impactés pour 534 minutes perdues),
- le 25 : l'envahissement des voies en gare du Mans  par des manifestants forains (32 TGV impactés pour 2012 minutes perdues) et la défaillance matériel d'un TGV vers Massy (40 TGV impactés pour 1194 minutes perdues), 
- le 28 : l'envahissement des voies par des manifestants à Angers (15 TGV impactés pour 470 minutes perdues).";52;6.31380531;32;14;41.79104478;26.86567164;14.92537313;14.92537313;0.0;1.492537313
2019-03;National;PARIS MONTPARNASSE;LE MANS;57;433;13;;56;8.319345238;0.738730159;;64;18.72083333;2.600753968;;21;2.600753968;9;5;32.55813953;25.58139535;16.27906977;18.60465116;6.976744186;0.0
2019-03;National;PARIS MONTPARNASSE;POITIERS;93;531;4;;69;18.03695652;1.992789374;;64;28.06197917;4.716350411;;35;4.716350411;19;7;29.16666667;14.58333333;18.75;25.0;4.166666667;8.333333333
2019-03;National;PARIS NORD;LILLE;68;621;8;;111;13.27417417;2.262914628;;103;21.49919094;3.574306688;;41;3.574306688;19;8;24.27184466;29.12621359;14.5631068;24.27184466;5.825242718;1.941747573
2019-03;National;PARIS LYON;NICE VILLE;356;171;2;;15;11.91666667;0.700690335;;16;46.33645833;6.258382643;Incendie motrice à cluny, colis suspect à Valence TGV, chute d'arbre vers Vaumort;16;6.258382643;9;4;26.66666667;53.33333333;13.33333333;6.666666667;0.0;0.0
2019-03;International;PARIS LYON;ZURICH;243;144;0;;10;9.91;0.265509259;;15;33.27333333;5.848958333;;15;5.848958333;8;2;6.666666667;13.33333333;33.33333333;33.33333333;0.0;13.33333333
2019-03;National;STRASBOURG;PARIS EST;116;522;6;;256;9.863085937;4.896091731;;64;39.2171875;5.136950904;;36;5.136950904;21;14;11.29032258;29.03225806;20.96774194;27.41935484;4.838709677;6.451612903
2019-03;National;PARIS LYON;GRENOBLE;181;250;0;;22;11.04469697;0.576866667;;36;31.66666667;5.726;;23;5.726;14;3;27.77777778;30.55555556;22.22222222;16.66666667;2.777777778;0.0
2019-03;National;PARIS MONTPARNASSE;QUIMPER;220;245;1;;17;15.08431373;0.539002732;;15;42.13333333;3.233606557;"Ce mois-ci, cette destination a été touchée par : 
- le 4 : la défaillance matériel d'un TGV sur la ligne à grande vitesse Atlantique (23 TGV impactés pour 724 minutes perdues) et la chute d'un arbre sur les voies à Questembert suite aux vents violents (12 TGV impactés pour 219 minutes perdues),
- le 12 : le heurt d'une barrière de chantier entre Marcoussis et Massy TGV sur la ligne à grande vitesse Atlantique (80 TGV impactés pour 3660 minutes perdues), 
- le 19 : un dérangement d'installation  sur la ligne à grande vitesse Atlantique  (27 TGV impactés pour 634 minutes perdues) et la défaillance matériel d'un TGV entre Massy et Paris (24 TGV impactés pour 417 minutes perdues) , 
- le 21 : l'envahissement des voies en gare du Mans  par des manifestants forains (11 TGV impactés pour 450 minutes perdues),
- le 22 : l'envahissement des voies en gare du Mans  par des manifestants forains (22 TGV impactés pour 534 minutes perdues),
- le 25 : l'envahissement des voies en gare du Mans  par des manifestants forains (32 TGV impactés pour 2012 minutes perdues) et la défaillance matériel d'un TGV vers Massy (40 TGV impactés pour 1194 minutes perdues), 
- le 28 : le heurt d'une personne  par un TER vers Rennes (5 TGV impactés  pour 207 minutes perdues),
- le 31 : une suspicion d'alerte à la bombe sous le pont de St-Hélier près de Rennes (10 TGV impactés pour 526 minutes perdues).";15;3.233606557;8;3;53.33333333;26.66666667;0.0;20.0;0.0;0.0
2019-03;National;NANTES;STRASBOURG;302;43;0;;6;7.619444444;1.203875969;;6;82.61388889;12.38217054;"2 attentes correspondances avec 5202 (7’ de retard moyen)
Attentes exécution service voyageur : affluence voyageur, intervention pompier (3 TGV pour 20’ en moyenne)
Csq heurt d’un lorry le 12/03 (53’)
Impact travaux sur 5480 le 17 (60’)
Dérangement installation : défaut disjoncteur le 23 (24’)
Adaptation devitesse suite vent fort et chute d’arbre sur les voies le 04/03 (29’)
Csq pb rames 873 le 04/03 et 543 le 08/03 (2 TGV pour 10’)";6;12.38217054;5;4;33.33333333;50.0;0.0;16.66666667;0.0;0.0
2019-03;National;PARIS LYON;LE CREUSOT MONTCEAU MONTCHANIN;80;207;0;;11;12.31060606;0.254508857;;10;27.01;0.697987118;;5;0.697987118;2;1;20.0;40.0;0.0;40.0;0.0;0.0
2019-03;International;PARIS EST;STUTTGART;187;151;3;;32;16.4109375;3.514301802;;21;50.78968254;10.46981982;;20;10.46981982;10;6;5.263157895;31.57894737;31.57894737;26.31578947;5.263157895;0.0
2019-03;National;DIJON VILLE;PARIS LYON;101;453;0;;288;6.0;3.888226637;;26;30.58910256;0.984694628;;16;0.984694628;7;5;26.92307692;23.07692308;26.92307692;19.23076923;0.0;3.846153846
2019-03;National;PARIS EST;NANCY;95;303;7;;45;22.16518519;3.24527027;;17;58.58333333;5.075394144;"Accident de personne impact 2593 et 2573 le 22 (40’ de retard en moyenne)
Sac à dos abandonné, 3 TGV impacté le 24 (18’)
Attente exécution service voyageur : intervention pompier le 7 (44’), intervention SUGE le 26 (51’)
Attentes matériel : 6 descentes tardives TEE + 1 réut mat (30’ de retard moyen)
Dérangement installation de signalisation : zones en non libération, pb aiguille (10’)
Csq absence de tension en ligne sur 6 TGV le 10 (128’) + pb alimentation à NY le 18 (2 TGV, 23’) + pb caténaire (3 TGV, 30’)
Raté ouverture PN (4 TGV, 15’)
Soin matériel roulant : pb rame 542 le 01/03 donc transbordement, rame 513 (fuite CG à NY) le 08, rame 4710 (dégagement de fumée) le 26 : 7 TGV pour 52’ de retard moyen + clim en panne sur rame 505 le 19 (10’)
Obstacles sur les voies (2 TGV, 18’)";17;5.075394144;15;6;0.0;37.5;12.5;50.0;0.0;0.0
2019-03;National;PARIS LYON;VALENCE ALIXAN TGV;131;285;0;;27;16.83950617;1.193333333;;33;28.04393939;3.676725146;;22;3.676725146;8;2;15.15151515;9.090909091;33.33333333;33.33333333;9.090909091;0.0
2019-03;International;BARCELONA;PARIS LYON;389;62;0;;26;1.269230769;0.451612903;;6;50.49444444;4.288172043;;6;4.288172043;2;1;50.0;33.33333333;0.0;16.66666667;0.0;0.0
2019-03;National;PARIS MONTPARNASSE;LA ROCHELLE VILLE;169;225;2;;23;14.65217391;1.197982063;;20;45.75;4.457399103;"Ce mois-ci, cette destination a été touchée par : 
- le 4 : les vents violents imposent des limitations de vitesse (27 TGV impactés pour 221 minutes perdues) et la panne d'un TGV sur la ligne à grande vitesse Atlantique (23 TGV impactés pour 724 minutes perdues), 
- le 12 : le heurt d'une barrière de chantier entre Marcoussis et Massy TGV sur la ligne à grande vitesse Atlantique (80 TGV impactés pour 3660 minutes perdues), 
- le 19 : un dérangement d'installation  sur la ligne à grande vitesse Atlantique  (27 TGV impactés pour 634 minutes perdues) et la défaillance matériel d'un TGV entre Massy et Paris (24 TGV impactés pour 417 minutes perdues), 
- le 25 : l'envahissement des voies à Vendôme par les salariés d'Arjowiggins (56 TGV impactés pour 4488 minutes perdues) et la défaillance matériel d'un TGV vers Massy (40 TGV impactés pour 1194 minutes perdues),
- le 27 : la défaillance matériel d'un TGV vers Vendôme (14 TGV impactés pour 320 minutes perdues).";15;4.457399103;7;3;25.0;20.0;15.0;20.0;5.0;15.0
2019-03;National;CHAMBERY CHALLES LES EAUX;PARIS LYON;192;294;0;;169;8.679487179;4.89047619;;34;28.41127451;3.62760771;;28;3.62760771;8;4;6.451612903;32.25806452;41.93548387;16.12903226;3.225806452;0.0
2019-03;National;MARSEILLE ST CHARLES;LYON PART DIEU;105;371;4;;89;6.952247191;1.728156222;;42;21.75198413;4.882515895;;21;4.882515895;9;3;29.26829268;2.43902439;34.14634146;14.63414634;7.317073171;12.19512195
2019-03;National;MONTPELLIER;LYON PART DIEU;114;208;3;;30;9.411111111;1.46097561;;23;27.00144928;4.848780488;;16;4.848780488;6;2;30.43478261;26.08695652;17.39130435;8.695652174;17.39130435;0.0
2019-03;National;AIX EN PROVENCE TGV;PARIS LYON;188;392;4;;185;8.315315315;4.018170103;;29;37.39367816;3.589819588;;29;3.589819588;13;3;24.13793103;41.37931034;17.24137931;13.79310345;0.0;3.448275862
2019-03;National;PARIS LYON;TOULON;246;187;2;;17;11.6254902;0.700540541;;14;26.78333333;2.48027027;;14;2.48027027;2;0;35.71428571;14.28571429;14.28571429;21.42857143;14.28571429;0.0
2019-03;National;BORDEAUX ST JEAN;PARIS MONTPARNASSE;142;894;26;;183;19.53078324;3.918990015;;112;49.2625;7.577150538;"Ce mois-ci, cette destination a été touchée par : 
- le 4 : les vents violents imposent des limitations de vitesse (27 TGV impactés pour 221 minutes perdues) et la panne d'un TGV sur la ligne à grande vitesse Atlantique (23 TGV impactés pour 724 minutes perdues), 
- le 12 : le heurt d'une barrière de chantier entre Marcoussis et Massy TGV sur la ligne à grande vitesse Atlantique (80 TGV impactés pour 3660 minutes perdues), 
- le 19 : un dérangement d'installation  sur la ligne à grande vitesse Atlantique  (27 TGV impactés pour 634 minutes perdues), et la défaillance matériel d'un TGV entre Massy et Paris (24 TGV impactés pour 417 minutes perdues), 
- le 20 : l'incendie d'une maison aux abords des voies près de Toulouse qui impactera les circulations jusqu'au 26/03 (19 TGV impactés pour 1271 minutes perdues),
- le 25 : l'envahissement des voies à Vendôme par les salariés d'Arjowiggins (56 TGV impactés pour 4488 minutes perdues) et la défaillance matériel d'un TGV vers Massy (40 TGV impactés pour 1194 minutes perdues),
- le 27 : la défaillance matériel d'un TGV vers Vendôme (14 TGV impactés pour 320 minutes perdues).";82;7.577150538;55;24;37.6146789;23.85321101;16.51376147;20.18348624;0.0;1.834862385
2019-03;National;MARSEILLE ST CHARLES;TOURCOING;307;20;0;;5;6.723333333;1.365833333;;4;25.0;8.2;;4;8.2;1;0;66.66666667;0.0;33.33333333;0.0;0.0;0.0
2019-03;National;PARIS LYON;SAINT ETIENNE CHATEAUCREUX;169;114;0;;11;8.601515152;0.359210526;;12;24.09305556;4.69005848;;8;4.69005848;3;0;0.0;25.0;25.0;33.33333333;16.66666667;0.0
2019-03;International;LAUSANNE;PARIS LYON;225;139;0;;106;3.174842767;2.596882494;;10;37.02333333;2.166067146;;10;2.166067146;3;3;0.0;30.0;40.0;30.0;0.0;0.0
2019-03;National;DUNKERQUE;PARIS NORD;117;256;3;;17;13.58823529;0.913043478;;26;28.48012821;4.269828722;;16;4.269828722;5;4;30.76923077;26.92307692;23.07692308;15.38461538;0.0;3.846153846
2019-03;National;BESANCON FRANCHE COMTE TGV;PARIS LYON;132;202;0;;39;4.217521368;0.538861386;;11;23.74848485;0.65470297;;5;0.65470297;2;1;18.18181818;18.18181818;36.36363636;27.27272727;0.0;0.0
2019-03;National;PARIS MONTPARNASSE;BORDEAUX ST JEAN;146;816;19;;95;19.92315789;2.006482643;;64;50.6140625;3.4206399;"Ce mois-ci, cette destination a été touchée par : 
- le 4 : les vents violents imposent des limitations de vitesse (27 TGV impactés pour 221 minutes perdues) et la panne d'un TGV sur la ligne à grande vitesse Atlantique (23 TGV impactés pour 724 minutes perdues), 
- le 12 : le heurt d'une barrière de chantier entre Marcoussis et Massy TGV sur la ligne à grande vitesse Atlantique (80 TGV impactés pour 3660 minutes perdues), 
- le 19 : un dérangement d'installation  sur la ligne à grande vitesse Atlantique  (27 TGV impactés pour 634 minutes perdues) et la défaillance matériel d'un TGV entre Massy et Paris (24 TGV impactés pour 417 minutes perdues), 
- le 20 : l'incendie d'une maison aux abords des voies près de Toulouse qui impactera les circulations jusqu'au 26/03 (19 TGV impactés pour 1271 minutes perdues),
- le 25 : l'envahissement des voies à Vendôme par les salariés d'Arjowiggins (56 TGV impactés pour 4488 minutes perdues) et la défaillance matériel d'un TGV vers Massy (40 TGV impactés pour 1194 minutes perdues),
- le 27 : la défaillance matériel d'un TGV vers Vendôme (14 TGV impactés pour 320 minutes perdues).";56;3.4206399;32;12;32.8125;20.3125;9.375;34.375;3.125;0.0
2019-03;National;PARIS MONTPARNASSE;NANTES;127;542;9;;63;12.27513228;1.147686054;;67;38.36840796;5.834865541;;51;5.834865541;25;11;37.31343284;17.91044776;25.37313433;17.91044776;0.0;1.492537313
2019-03;National;PARIS LYON;BELLEGARDE (AIN);163;241;0;;28;12.01071429;1.087067773;;41;22.49430894;5.713416321;;28;5.713416321;10;1;27.5;27.5;30.0;12.5;2.5;0.0
2019-03;National;PERPIGNAN;PARIS LYON;303;160;0;;40;7.2;1.843020833;;14;56.25357143;4.112916667;Incendie motrice à cluny, colis suspect à Valence TGV, chute d'arbre vers Vaumort;14;4.112916667;5;4;21.42857143;28.57142857;28.57142857;14.28571429;7.142857143;0.0
2019-03;National;PARIS LYON;LYON PART DIEU;119;595;0;;43;11.58527132;0.405938375;;26;30.875;0.97092437;;19;0.97092437;8;3;30.76923077;19.23076923;19.23076923;23.07692308;7.692307692;0.0
2019-03;National;MACON LOCHE;PARIS LYON;99;201;1;;127;7.367060367;4.663833333;;17;29.46078431;3.101416667;;10;3.101416667;5;3;0.0;12.5;81.25;6.25;0.0;0.0
2019-03;National;ST MALO;PARIS MONTPARNASSE;161;91;0;;6;12.45555556;0.782783883;;15;28.39;5.634981685;;11;5.634981685;6;0;20.0;26.66666667;6.666666667;40.0;0.0;6.666666667
2019-03;National;LILLE;LYON PART DIEU;191;238;2;;96;6.7796875;2.846186441;;26;27.225;4.465819209;;23;4.465819209;9;1;19.23076923;23.07692308;19.23076923;34.61538462;3.846153846;0.0
2019-03;National;VALENCE ALIXAN TGV;PARIS LYON;133;310;2;;206;8.197977346;5.537012987;;37;38.05810811;3.942748918;;29;3.942748918;10;9;22.22222222;22.22222222;33.33333333;13.88888889;5.555555556;2.777777778
2019-03;National;RENNES;LYON PART DIEU;233;108;2;;35;7.353333333;2.601886792;;12;57.07222222;6.282704403;"Ce mois-ci, cette destination a été touchée par : 
- le 4 : la défaillance matériel d'un TGV sur la ligne à grande vitesse Atlantique (23 TGV impactés pour 724 minutes perdues),
- le 12 : le heurt d'une barrière de chantier entre Marcoussis et Massy TGV sur la ligne à grande vitesse Atlantique (80 TGV impactés pour 3660 minutes perdues), 
- le 19 : un dérangement d'installation  sur la ligne à grande vitesse Atlantique  (27 TGV impactés pour 634 minutes perdues) et la défaillance matériel d'un TGV entre Massy et Paris (24 TGV impactés pour 417 minutes perdues) , 
- le 21 : l'envahissement des voies en gare du Mans  par des manifestants forains (11 TGV impactés pour 450 minutes perdues),
- le 22 : l'envahissement des voies en gare du Mans  par des manifestants forains (22 TGV impactés pour 534 minutes perdues),
- le 25 : l'envahissement des voies en gare du Mans  par des manifestants forains (32 TGV impactés pour 2012 minutes perdues) et la défaillance matériel d'un TGV vers Massy (40 TGV impactés pour 1194 minutes perdues), 
- le 28 : le heurt d'une personne  par un TER vers Rennes (5 TGV impactés  pour 207 minutes perdues),
- le 31 : une suspicion d'alerte à la bombe sous le pont de St-Hélier près de Rennes (10 TGV impactés pour 526 minutes perdues).";12;6.282704403;7;4;50.0;16.66666667;16.66666667;16.66666667;0.0;0.0
2019-03;National;PARIS MONTPARNASSE;BREST;222;279;4;;26;9.774358974;0.405636364;;24;35.04166667;3.830909091;;24;3.830909091;9;3;39.13043478;21.73913043;17.39130435;8.695652174;4.347826087;8.695652174
2019-03;National;LYON PART DIEU;RENNES;237;95;3;;56;7.681845238;4.75;;11;24.09848485;5.159057971;;11;5.159057971;3;0;9.090909091;18.18181818;27.27272727;27.27272727;18.18181818;0.0
2019-03;National;LYON PART DIEU;LILLE;190;215;0;;139;8.558752998;5.585503876;;56;31.45684524;11.18224806;;49;11.18224806;15;5;25.92592593;29.62962963;18.51851852;7.407407407;9.259259259;9.259259259
2019-03;National;PARIS LYON;ANNECY;223;170;2;;18;16.08888889;1.320138889;;22;45.63636364;8.473214286;Incendie motrice à cluny, chute d'arbre vers Vaumort;22;8.473214286;12;6;19.04761905;33.33333333;14.28571429;33.33333333;0.0;0.0
2019-03;National;ANNECY;PARIS LYON;229;152;0;;15;16.31333333;1.609868421;;20;34.2375;6.202192982;;20;6.202192982;6;4;5.0;40.0;50.0;5.0;0.0;0.0
2019-03;National;LE CREUSOT MONTCEAU MONTCHANIN;PARIS LYON;81;220;0;;137;5.876642336;3.601969697;;25;13.92466667;1.230606061;;8;1.230606061;1;0;9.523809524;9.523809524;52.38095238;14.28571429;0.0;14.28571429
2019-03;National;MONTPELLIER;PARIS LYON;208;308;1;;101;8.118151815;2.682030402;;29;49.90632184;4.208849077;Incendie motrice à cluny, colis suspect à Valence TGV, chute d'arbre vers Vaumort;29;4.208849077;10;9;24.13793103;27.5862069;20.68965517;17.24137931;10.34482759;0.0
2019-03;National;RENNES;PARIS MONTPARNASSE;99;632;8;;171;11.26881092;3.100186966;;134;25.989801;6.304620726;"Ce mois-ci, cette destination a été touchée par : 
- le 4 : la défaillance matériel d'un TGV sur la ligne à grande vitesse Atlantique (23 TGV impactés pour 724 minutes perdues),
- le 12 : le heurt d'une barrière de chantier entre Marcoussis et Massy TGV sur la ligne à grande vitesse Atlantique (80 TGV impactés pour 3660 minutes perdues), 
- le 19 : un dérangement d'installation  sur la ligne à grande vitesse Atlantique  (27 TGV impactés pour 634 minutes perdues) et la défaillance matériel d'un TGV entre Massy et Paris (24 TGV impactés pour 417 minutes perdues) , 
- le 21 : l'envahissement des voies en gare du Mans  par des manifestants forains (11 TGV impactés pour 450 minutes perdues),
- le 22 : l'envahissement des voies en gare du Mans  par des manifestants forains (22 TGV impactés pour 534 minutes perdues),
- le 25 : l'envahissement des voies en gare du Mans  par des manifestants forains (32 TGV impactés pour 2012 minutes perdues) et la défaillance matériel d'un TGV vers Massy (40 TGV impactés pour 1194 minutes perdues), 
- le 28 : le heurt d'une personne  par un TER vers Rennes (5 TGV impactés  pour 207 minutes perdues),
- le 31 : une suspicion d'alerte à la bombe sous le pont de St-Hélier près de Rennes (10 TGV impactés pour 526 minutes perdues).";61;6.304620726;33;14;29.16666667;22.91666667;18.75;23.95833333;2.083333333;3.125
2019-03;National;ANGOULEME;PARIS MONTPARNASSE;125;305;9;;155;9.339892473;4.910529279;;41;39.90772358;6.958952703;;24;6.958952703;14;7;36.58536585;21.95121951;14.63414634;21.95121951;0.0;4.87804878
2019-03;National;LA ROCHELLE VILLE;PARIS MONTPARNASSE;164;222;2;;8;7.25;0.263636364;;23;35.89057971;5.671893939;;16;5.671893939;8;3;27.27272727;22.72727273;4.545454545;45.45454545;0.0;0.0
2019-03;National;PARIS LYON;NIMES;177;264;0;;25;16.91666667;1.209406566;;35;28.3652381;4.696085859;;24;4.696085859;9;2;25.71428571;5.714285714;22.85714286;31.42857143;11.42857143;2.857142857
2019-03;National;PARIS LYON;MULHOUSE VILLE;169;287;0;;23;9.633333333;0.424390244;;23;27.49492754;3.186004646;;15;3.186004646;6;2;4.347826087;26.08695652;30.43478261;30.43478261;0.0;8.695652174
2019-03;International;FRANCFORT;PARIS EST;218;177;3;;49;6.069387755;1.851245211;;17;64.78627451;7.536111111;;17;7.536111111;10;6;5.882352941;29.41176471;17.64705882;29.41176471;5.882352941;11.76470588
2019-03;National;POITIERS;PARIS MONTPARNASSE;94;454;11;;126;8.226719577;2.242738901;;67;20.30995025;4.953611738;;28;4.953611738;16;6;28.0;24.0;16.0;26.0;4.0;2.0
2019-03;National;LILLE;PARIS NORD;63;596;4;;160;6.0703125;1.561993243;;107;13.72647975;2.885078829;;28;2.885078829;7;1;8.910891089;36.63366337;28.71287129;17.82178218;5.940594059;1.98019802
2019-03;National;REIMS;PARIS EST;46;209;1;;28;8.656547619;1.25536859;;25;14.43333333;1.160576923;;8;1.160576923;2;0;4.761904762;23.80952381;23.80952381;42.85714286;4.761904762;0.0
2019-03;National;PARIS NORD;DOUAI;72;208;6;;35;14.70285714;2.258085809;;28;25.48392857;3.027805281;;12;3.027805281;7;4;28.57142857;17.85714286;25.0;21.42857143;3.571428571;3.571428571
2019-03;International;GENEVE;PARIS LYON;192;228;0;;188;2.761879433;2.407821637;;21;28.68095238;2.094152047;;21;2.094152047;6;2;14.28571429;33.33333333;28.57142857;14.28571429;0.0;9.523809524
2019-03;National;QUIMPER;PARIS MONTPARNASSE;222;255;2;;5;8.8;0.169960474;;23;53.25217391;7.113768116;"Ce mois-ci, cette destination a été touchée par : 
- le 4 : la défaillance matériel d'un TGV sur la ligne à grande vitesse Atlantique (23 TGV impactés pour 724 minutes perdues) et la chute d'un arbre sur les voies à Questembert suite aux vents violents (12 TGV impactés pour 219 minutes perdues),
- le 12 : le heurt d'une barrière de chantier entre Marcoussis et Massy TGV sur la ligne à grande vitesse Atlantique (80 TGV impactés pour 3660 minutes perdues), 
- le 19 : un dérangement d'installation  sur la ligne à grande vitesse Atlantique  (27 TGV impactés pour 634 minutes perdues) et la défaillance matériel d'un TGV entre Massy et Paris (24 TGV impactés pour 417 minutes perdues) , 
- le 21 : l'envahissement des voies en gare du Mans  par des manifestants forains (11 TGV impactés pour 450 minutes perdues),
- le 22 : l'envahissement des voies en gare du Mans  par des manifestants forains (22 TGV impactés pour 534 minutes perdues),
- le 25 : l'envahissement des voies en gare du Mans  par des manifestants forains (32 TGV impactés pour 2012 minutes perdues) et la défaillance matériel d'un TGV vers Massy (40 TGV impactés pour 1194 minutes perdues), 
- le 28 : le heurt d'une personne  par un TER vers Rennes (5 TGV impactés  pour 207 minutes perdues),
- le 31 : une suspicion d'alerte à la bombe sous le pont de St-Hélier près de Rennes (10 TGV impactés pour 526 minutes perdues).";23;7.113768116;14;7;47.82608696;21.73913043;21.73913043;8.695652174;0.0;0.0
2019-03;National;PARIS MONTPARNASSE;ST PIERRE DES CORPS;60;416;3;;53;18.66289308;1.990677966;;60;24.26194444;4.516020985;;26;4.516020985;14;6;40.0;20.0;8.571428571;25.71428571;2.857142857;2.857142857
2019-03;National;AVIGNON TGV;PARIS LYON;164;393;5;;155;8.388709677;3.25717354;;37;26.74369369;3.600429553;;22;3.600429553;12;5;25.71428571;31.42857143;37.14285714;5.714285714;0.0;0.0
2019-03;National;PARIS MONTPARNASSE;LAVAL;82;249;6;;30;15.60444444;1.457887517;;36;24.94444444;4.170027435;;15;4.170027435;6;5;26.08695652;26.08695652;8.695652174;26.08695652;13.04347826;0.0
2019-03;National;LE MANS;PARIS MONTPARNASSE;60;424;6;;244;7.29760929;4.384688995;;82;24.39329268;4.989553429;;39;4.989553429;22;9;32.20338983;23.72881356;16.94915254;20.33898305;1.694915254;5.084745763
2019-03;National;METZ;PARIS EST;85;299;2;;144;8.573842593;4.20701459;;58;25.48534483;5.211111111;;22;5.211111111;10;5;14.81481481;22.22222222;50.0;7.407407407;3.703703704;1.851851852
2019-03;National;LILLE;MARSEILLE ST CHARLES;301;202;1;;59;9.576553672;2.643283582;;24;44.35972222;7.780762852;"Causes Matériel en baisse, avec la rubrique  soin engin en dominante (défaillance CAB, incident Panto, Bloc moteur) pour 22 TGV concernés, le mardi 19, 8 trains de l’Axe Nord ont été touchés pour 250 minutes perdues, en conséquence  d’une détection incendie sur TGV 6638 au Creusot (45 TGV Voyages pour 1340 minutes perdues).
Dans le domaine des dérangements l’item « installations » est le plus marquant, on retrouve en évènement marquant le défaut de géométrie de voie de TGV HP (fontis) le vendredi 01 et samedi 02 ( 15 TGV IS touchés  et représentant 50% en nb de TGV/mois sur l’ item précité). Pour le reste il s’agit de dérangements de zones, d’aiguilles, signal, etc.).
En ce qui concerne la rubrique Externe, un fait marquant le lundi 04 mars avec un arbre tombé dan la voie vers Vaumort (53 trains Voyages pour 3061 minutes perdues)-
Pour la rubrique des travaux et représentant le quart de l’irrégularité Réseau, on retrouve depuis février des LTV 170 et 120 entre Hattencourt et Combles pour quelques trains/jour (2 ou 3), ce en rapport direct avec les travaux de nuit sur LN3, avec normalement des pertes de temps qui sont compensées par la modification des sillons (minutes V).";24;7.780762852;10;4;25.0;12.5;33.33333333;20.83333333;8.333333333;0.0
2019-03;National;GRENOBLE;PARIS LYON;182;226;1;;10;6.8;0.302222222;;12;61.98939394;2.707703704;Incendie motrice à cluny, chute d'arbre vers Vaumort;12;2.707703704;6;2;27.27272727;45.45454545;27.27272727;0.0;0.0;0.0
2019-03;International;ITALIE;PARIS LYON;447;94;0;;78;3.41025641;2.904255319;;22;34.6469697;10.33492908;;22;10.33492908;7;4;5.0;30.0;45.0;15.0;5.0;0.0
2019-03;International;PARIS LYON;BARCELONA;387;62;0;;7;24.85;2.24516129;;14;32.71428571;8.435483871;;14;8.435483871;7;1;57.14285714;7.142857143;7.142857143;28.57142857;0.0;0.0
2019-03;National;PARIS NORD;DUNKERQUE;122;255;3;;43;14.73837209;2.23994709;;27;29.77777778;3.492063492;;17;3.492063492;10;4;37.03703704;18.51851852;14.81481481;22.22222222;3.703703704;3.703703704
2019-03;National;MULHOUSE VILLE;PARIS LYON;170;323;1;;147;4.650680272;2.142546584;;16;29.00729167;0.195859213;;11;0.195859213;4;3;25.0;25.0;37.5;6.25;0.0;6.25
2019-03;National;TOULOUSE MATABIAU;PARIS MONTPARNASSE;260;182;3;;20;29.32083333;2.875418994;;28;64.25357143;12.05744879;"Ce mois-ci, cette destination a été touchée par : 
- le 4 : les vents violents imposent des limitations de vitesse (27 TGV impactés pour 221 minutes perdues) et la panne d'un TGV sur la ligne à grande vitesse Atlantique (23 TGV impactés pour 724 minutes perdues), 
- le 12 : le heurt d'une barrière de chantier entre Marcoussis et Massy TGV sur la ligne à grande vitesse Atlantique (80 TGV impactés pour 3660 minutes perdues), 
- le 19 : un dérangement d'installation  sur la ligne à grande vitesse Atlantique  (27 TGV impactés pour 634 minutes perdues), et la défaillance matériel d'un TGV entre Massy et Paris (24 TGV impactés pour 417 minutes perdues), 
- le 20 : l'incendie d'une maison aux abords des voies près de Toulouse qui impactera les circulations jusqu'au 26/03 (19 TGV impactés pour 1271 minutes perdues),
- le 25 : l'envahissement des voies à Vendôme par les salariés d'Arjowiggins (56 TGV impactés pour 4488 minutes perdues) et la défaillance matériel d'un TGV vers Massy (40 TGV impactés pour 1194 minutes perdues),
- le 27 : la défaillance matériel d'un TGV vers Vendôme (14 TGV impactés pour 320 minutes perdues).";28;12.05744879;18;7;44.44444444;37.03703704;7.407407407;11.11111111;0.0;0.0
2019-03;National;PARIS EST;STRASBOURG;116;549;9;;100;18.61;3.350432099;;48;49.82395833;4.267685185;"Plusieurs attentes matériel : 7 descentes tardives du  TEE, échange loc à quai, réutilisation matériel (23’ de retard moyen)
Dérangements installation : intervalle en non libération, décontrôle aiguille et csq alarme SEI30 du 9896 suite à choc anormal (11’ en moyenne de retard pour 4 TGV)
Incidents caténaires : pantographe du 5140 pris dans la caténaire (7 TGV retardés pour 89’ en moyenne)
Présence de personne dans les voies : 2 TGV pour 15’ de retard moyen";36;4.267685185;23;14;6.25;41.66666667;2.083333333;33.33333333;14.58333333;2.083333333
2019-03;National;DOUAI;PARIS NORD;77;210;4;;27;6.680246914;0.947572816;;54;13.94197531;4.59538835;;11;4.59538835;4;2;9.756097561;34.14634146;46.34146341;4.87804878;4.87804878;0.0
2019-03;National;NICE VILLE;PARIS LYON;358;165;3;;26;11.49166667;1.869958848;;23;39.10652174;6.760082305;;23;6.760082305;10;3;30.43478261;26.08695652;34.7826087;4.347826087;4.347826087;0.0
2019-03;National;SAINT ETIENNE CHATEAUCREUX;PARIS LYON;168;108;0;;13;11.08461538;1.184567901;;10;22.54166667;2.629475309;;6;2.629475309;2;0;0.0;20.0;30.0;30.0;0.0;20.0
2019-03;National;LYON PART DIEU;MARSEILLE ST CHARLES;109;398;2;;174;9.436206897;4.184638047;;60;26.64361111;5.34040404;;47;5.34040404;11;4;25.0;18.33333333;25.0;18.33333333;6.666666667;6.666666667
2019-03;International;PARIS LYON;LAUSANNE;222;145;0;;9;17.29444444;0.636781609;;19;34.20701754;7.476206897;;19;7.476206897;7;3;10.52631579;26.31578947;42.10526316;15.78947368;0.0;5.263157895
2019-03;International;MARSEILLE ST CHARLES;MADRID;463;31;0;;7;14.46428571;3.450537634;;3;77.0;4.032258065;;3;4.032258065;2;1;0.0;0.0;66.66666667;33.33333333;0.0;0.0
2019-03;National;MARSEILLE ST CHARLES;PARIS LYON;202;490;5;;126;9.492460317;2.312749141;;30;44.75555556;3.473161512;Incendie motrice à cluny, colis suspect à Valence TGV, chute d'arbre vers Vaumort;30;3.473161512;13;6;30.0;26.66666667;30.0;6.666666667;3.333333333;3.333333333
2019-04;National;PARIS LYON;CHAMBERY CHALLES LES EAUX;181;162;0;;14;77.44642857;6.347016461;;15;28.95444444;3.851440329;;8;3.851440329;6;2;6.666666667;40.0;20.0;33.33333333;0.0;0.0
2019-04;National;PARIS MONTPARNASSE;ST PIERRE DES CORPS;60;393;0;;199;11.10762144;5.52913486;;51;18.21078431;3.15793045;;21;3.15793045;8;3;19.44444444;19.44444444;44.44444444;11.11111111;5.555555556;0.0
2019-04;National;ARRAS;PARIS NORD;50;309;2;;114;37.27105263;13.98664495;;72;20.50231481;5.506623236;"Domaine des dérangements d’IS en dominante de l’irrégularité, on retrouve par trois fois ces  dérangements pour occasionner des restitutions tardives de travaux LN3 (TIV de chantier et commutateurs de protection x2)
On retrouve en particulier dans la rubrique externe: deux accidents de personne les 22 et 24, avec l’E*9028 à Erquinghem et le thalys 9472 à Avelin. Pour le reste il s’agit d’intrusion dans les emprises, d’incendie aux abords des voies (Pierrefitte le 01/04), arbre sur la caténaire ( Lillers le 12/04)-";26;5.506623236;12;4;15.625;25.0;42.1875;6.25;7.8125;3.125
2019-04;National;LYON PART DIEU;MARSEILLE ST CHARLES;104;363;1;;161;13.03022774;5.852025783;;75;29.54822222;7.47592081;;54;7.47592081;27;7;17.14285714;22.85714286;28.57142857;12.85714286;12.85714286;5.714285714
2019-04;International;PARIS LYON;BARCELONA;314;56;0;;9;15.26111111;2.030357143;;8;29.625;6.910714286;;8;6.910714286;3;0;0.0;37.5;25.0;25.0;12.5;0.0
2019-04;National;BORDEAUX ST JEAN;PARIS MONTPARNASSE;142;812;2;;133;7.276315789;1.019465021;;64;26.65651042;3.150164609;;48;3.150164609;20;2;21.56862745;31.37254902;15.68627451;19.60784314;5.882352941;5.882352941
2019-04;National;REIMS;PARIS EST;46;196;2;;21;7.622222222;0.455154639;;14;17.25;2.080670103;;5;2.080670103;1;1;0.0;33.33333333;33.33333333;33.33333333;0.0;0.0
2019-04;National;STRASBOURG;NANTES;295;55;2;;21;3.841269841;1.53427673;;6;31.64166667;6.477987421;;6;6.477987421;3;0;20.0;20.0;20.0;40.0;0.0;0.0
2019-04;National;DUNKERQUE;PARIS NORD;117;239;2;;12;7.0;0.35443038;;14;33.16309524;2.861040788;;10;2.861040788;5;1;30.76923077;38.46153846;0.0;23.07692308;0.0;7.692307692
2019-04;National;LILLE;LYON PART DIEU;191;223;2;;94;6.668971631;2.90693816;;32;40.3734375;6.795927602;;31;6.795927602;13;4;26.66666667;16.66666667;23.33333333;16.66666667;13.33333333;3.333333333
2019-04;National;AIX EN PROVENCE TGV;PARIS LYON;184;373;3;;247;6.594871795;4.436531532;;24;44.05;3.298198198;;24;3.298198198;11;6;26.31578947;31.57894737;10.52631579;21.05263158;5.263157895;5.263157895
2019-04;National;PARIS MONTPARNASSE;NANTES;128;529;1;;253;9.55;4.508996212;;84;31.03253968;6.853882576;;49;6.853882576;21;10;21.42857143;44.28571429;18.57142857;12.85714286;1.428571429;1.428571429
2019-04;National;RENNES;LYON PART DIEU;234;95;3;;41;58.55365854;26.2875;;13;59.40128205;8.792210145;"Ce mois-ci, cette destination a été touchée par : 
- le 2 : un défaut d'alimentation électrique sur la ligne à grande vitesse Atlantique (67 TGV impactés pour 3101 minutes perdues)  ,
- le 4 : la présence d'une personne aux abords des voies entre Laval et Le Mans (14 TGV impactés pour 438 minutes perdues), 
- le 20 : un dérangement de signalisation sur la ligne à grande vitesse Atlantique (11 TGV impactés pour 147 minutes perdues),
- le 23 : le heurt d'un chevreuil vers Connerré (9 TGV impactés pour 253 minutes perdues),
- le 25 : la présence d'arbres sur les voies et la caténaire vers Lyon (10 TGV impactés pour 108 minutes perdues),
- 28 : une rupture caténaire sur la ligne à grande vitesse Atlantique (58 TGV impactés pour 2210 minutes perdues).";13;8.792210145;7;5;41.66666667;16.66666667;8.333333333;25.0;0.0;8.333333333
2019-04;National;PARIS LYON;LE CREUSOT MONTCEAU MONTCHANIN;80;192;0;;18;30.13888889;2.444618056;;11;14.70757576;0.3515625;;5;0.3515625;1;0;10.0;10.0;10.0;50.0;20.0;0.0
2019-04;National;PARIS NORD;DOUAI;72;197;4;;42;41.61984127;8.76597582;;38;22.31578947;3.415457686;;20;3.415457686;9;2;21.05263158;21.05263158;10.52631579;34.21052632;13.15789474;0.0
2019-04;National;MONTPELLIER;PARIS LYON;207;307;0;;170;4.256470588;2.4252443;;22;32.53712121;1.329207383;;22;1.329207383;7;2;42.10526316;21.05263158;21.05263158;5.263157895;10.52631579;0.0
2019-04;National;NIMES;PARIS LYON;176;314;0;;193;5.167184801;3.292993631;;27;28.6808642;1.364065817;;22;1.364065817;7;2;33.33333333;16.66666667;33.33333333;4.166666667;8.333333333;4.166666667
2019-04;National;QUIMPER;PARIS MONTPARNASSE;222;235;0;;97;134.4670103;55.54702128;;17;30.48529412;4.08070922;;17;4.08070922;6;1;30.76923077;38.46153846;7.692307692;15.38461538;7.692307692;0.0
2019-04;National;NICE VILLE;PARIS LYON;355;170;3;;90;3.792407407;2.014570858;;19;38.15175439;4.005688623;;19;4.005688623;8;3;11.76470588;23.52941176;29.41176471;23.52941176;5.882352941;5.882352941
2019-04;National;PARIS MONTPARNASSE;TOULOUSE MATABIAU;259;154;0;;79;5.520464135;2.779545455;;14;47.16547619;4.976515152;"Ce mois-ci, cette destination a été touchée par : 
- le 2 : un défaut d'alimentation électrique sur la ligne à grande vitesse Atlantique (67 TGV impactés pour 3101 minutes perdues),
- le 16 : un TGV heurte un animal sur la ligne à grande vitesse Sud Europe Atlantique (13 TGV impactés pour 471 minutes perdues),
- le 23 : le heurt d'un chevreuil sur la ligne à grande vitesse Atlantique (9 TGV impactés pour 253 minutes perdues),
- le 28 : une rupture caténaire sur la ligne à grande vitesse Atlantique (58 TGV impactés pour 2210 minutes perdues).";14;4.976515152;9;4;15.38461538;30.76923077;38.46153846;15.38461538;0.0;0.0
2019-04;National;STRASBOURG;PARIS EST;116;514;14;;223;7.102615845;3.273466667;;47;22.01453901;2.978966667;;28;2.978966667;5;3;23.25581395;18.60465116;27.90697674;18.60465116;6.976744186;4.651162791
2019-04;National;PARIS LYON;DIJON VILLE;96;421;1;;28;11.13988095;0.423492063;;11;17.97424242;0.051944444;;6;0.051944444;1;0;11.11111111;0.0;22.22222222;55.55555556;11.11111111;0.0
2019-04;National;BESANCON FRANCHE COMTE TGV;PARIS LYON;131;188;0;;67;4.95;1.704875887;;12;22.52916667;0.701861702;;6;0.701861702;2;1;0.0;11.11111111;0.0;44.44444444;44.44444444;0.0
2019-04;National;PARIS MONTPARNASSE;POITIERS;93;496;0;;255;9.830392157;4.97953629;;62;19.61774194;3.524764785;;27;3.524764785;10;4;20.0;24.44444444;40.0;6.666666667;6.666666667;2.222222222
2019-04;National;BREST;PARIS MONTPARNASSE;226;262;1;;75;92.14088889;26.58001277;;17;29.05588235;3.743805875;;17;3.743805875;5;1;46.66666667;20.0;6.666666667;26.66666667;0.0;0.0
2019-04;National;LAVAL;PARIS MONTPARNASSE;85;216;0;;52;6.406410256;1.482484568;;28;20.2077381;4.733024691;;16;4.733024691;11;3;10.0;25.0;35.0;25.0;0.0;5.0
2019-04;National;POITIERS;PARIS MONTPARNASSE;94;414;0;;140;31.52404762;10.60555556;;52;15.92051282;3.306119163;;24;3.306119163;7;0;12.82051282;33.33333333;30.76923077;20.51282051;0.0;2.564102564
2019-04;National;PARIS MONTPARNASSE;RENNES;98;617;6;;286;8.665268065;3.969558101;;64;27.16510417;3.274386252;;30;3.274386252;13;7;22.91666667;25.0;20.83333333;25.0;2.083333333;4.166666667
2019-04;National;LYON PART DIEU;MARNE LA VALLEE;109;238;5;;139;10.04364508;6.06316166;;41;28.53739837;5.201716738;;33;5.201716738;11;3;20.0;15.0;35.0;17.5;10.0;2.5
2019-04;National;PARIS LYON;AIX EN PROVENCE TGV;183;383;0;;21;10.57857143;0.178285466;;26;31.17564103;3.495953003;;25;3.495953003;10;2;21.05263158;15.78947368;21.05263158;26.31578947;10.52631579;5.263157895
2019-04;National;PARIS LYON;MULHOUSE VILLE;168;295;0;;19;39.95614035;2.303502825;;17;21.8754902;2.356271186;;10;2.356271186;3;1;7.142857143;7.142857143;50.0;35.71428571;0.0;0.0
2019-04;International;PARIS LYON;LAUSANNE;219;138;1;;6;1.388888889;-0.26216545;;27;32.09197531;9.887104623;;25;9.887104623;5;2;4.0;20.0;68.0;8.0;0.0;0.0
2019-04;National;PARIS LYON;VALENCE ALIXAN TGV;131;272;0;;27;12.87098765;0.952757353;;23;23.77898551;2.524877451;;16;2.524877451;6;1;9.523809524;9.523809524;28.57142857;38.0952381;14.28571429;0.0
2019-04;National;PARIS NORD;ARRAS;55;310;12;;65;31.86487179;6.790659955;;56;19.44107143;3.781319911;;27;3.781319911;9;3;29.09090909;20.0;12.72727273;23.63636364;14.54545455;0.0
2019-04;National;ANGERS SAINT LAUD;PARIS MONTPARNASSE;93;410;0;;270;8.84654321;5.95398374;;82;27.56443089;6.446422764;;37;6.446422764;23;10;19.11764706;38.23529412;20.58823529;16.17647059;1.470588235;4.411764706
2019-04;National;PARIS MONTPARNASSE;ANGERS SAINT LAUD;90;415;1;;210;13.78460317;6.900201288;;65;27.15230769;5.489975845;;32;5.489975845;16;9;20.83333333;29.16666667;27.08333333;18.75;2.083333333;2.083333333
2019-04;National;TOULOUSE MATABIAU;PARIS MONTPARNASSE;258;156;0;;23;5.029710145;0.451388889;;12;29.61944444;3.4125;;12;3.4125;5;1;18.18181818;36.36363636;9.090909091;18.18181818;9.090909091;9.090909091
2019-04;National;TOURCOING;BORDEAUX ST JEAN;289;27;0;;2;3.191666667;0.291975309;;5;46.28;8.102469136;;5;8.102469136;4;0;0.0;50.0;50.0;0.0;0.0;0.0
2019-04;National;PARIS LYON;NIMES;176;276;0;;31;11.84892473;1.016002415;;32;24.22083333;3.419504831;;23;3.419504831;9;1;16.66666667;6.666666667;30.0;30.0;16.66666667;0.0
2019-04;National;PARIS LYON;PERPIGNAN;308;168;0;;21;13.74126984;1.366666667;;19;41.38684211;5.161805556;;19;5.161805556;8;4;16.66666667;27.77777778;22.22222222;27.77777778;5.555555556;0.0
2019-04;National;PARIS LYON;TOULON;243;220;0;;25;10.84666667;0.834621212;;19;34.7377193;2.369015152;;19;2.369015152;10;2;43.75;18.75;12.5;6.25;18.75;0.0
2019-04;National;MARNE LA VALLEE;LYON PART DIEU;111;286;4;;175;10.50619048;6.66465721;;45;34.19481481;5.81501182;;36;5.81501182;15;4;20.93023256;25.58139535;20.93023256;13.95348837;13.95348837;4.651162791
2019-04;National;MARSEILLE ST CHARLES;LYON PART DIEU;101;346;4;;63;6.687301587;1.233089669;;30;29.22055556;4.89668616;;19;4.89668616;8;4;14.28571429;17.85714286;32.14285714;28.57142857;0.0;7.142857143
2019-04;International;PARIS LYON;GENEVE;179;187;1;;20;10.0425;0.786290323;;11;20.37424242;2.703315412;;5;2.703315412;2;0;10.0;0.0;50.0;20.0;20.0;0.0
2019-04;International;MARSEILLE ST CHARLES;MADRID;461;1;0;;0;0.0;0.816666667;;0;0.0;-4.0;;0;-4.0;0;0;0.0;0.0;0.0;0.0;0.0;0.0
2019-04;National;METZ;PARIS EST;85;303;6;;128;7.031640625;3.116105499;;63;17.18253968;4.198709315;"Très nombreux retards CFL  
1 mise à quai tardive causant 5 min de retard 
1 accident de personne le 04/04 pour 13 min
Quelques incidents (caténaire (23 min), rail cassé, chantier de production (15 min)) 
1 difficulté d’accroche le 21/04 à Mz
Obstacle sur les voies le 23/04 pour 37 min de retard
Restitution tardive de travaux le 24/04 pour 11 min 
4 Non-respect marche tracée pour un retard moyen de 6 min";17;4.198709315;4;2;17.30769231;23.07692308;42.30769231;15.38461538;0.0;1.923076923
2019-04;National;PARIS EST;NANCY;95;279;1;;77;14.19199134;4.082194245;;11;39.11818182;2.404856115;;11;2.404856115;8;4;0.0;36.36363636;9.090909091;45.45454545;9.090909091;0.0
2019-04;International;FRANCFORT;PARIS EST;215;165;5;;56;32.86428571;11.63458333;;18;39.47407407;5.9034375;;18;5.9034375;7;2;5.555555556;27.77777778;22.22222222;44.44444444;0.0;0.0
2019-04;National;PARIS EST;STRASBOURG;115;529;11;;103;11.13462783;2.240250965;;34;37.47254902;2.586808237;;28;2.586808237;13;4;15.625;28.125;21.875;28.125;3.125;3.125
2019-04;National;TOURS;PARIS MONTPARNASSE;75;181;1;;28;6.44047619;0.95712963;;28;16.15059524;3.134907407;;8;3.134907407;5;0;15.0;5.0;40.0;15.0;5.0;20.0
2019-04;National;BORDEAUX ST JEAN;TOURCOING;298;6;0;;1;2.916666667;0.45;;1;76.0;14.0;;1;14.0;1;1;0.0;100.0;0.0;0.0;0.0;0.0
2019-04;National;PARIS MONTPARNASSE;ST MALO;162;96;3;;36;19.93240741;7.59874552;;4;28.02083333;0.66953405;;3;0.66953405;1;1;25.0;25.0;25.0;25.0;0.0;0.0
2019-04;National;ANNECY;PARIS LYON;228;135;3;;12;77.52083333;7.054671717;;19;34.02807018;5.436742424;;19;5.436742424;6;4;11.11111111;27.77777778;50.0;11.11111111;0.0;0.0
2019-04;National;AVIGNON TGV;PARIS LYON;165;379;3;;153;7.821132898;3.119060284;;39;29.76581197;3.246320922;;23;3.246320922;10;6;21.62162162;24.32432432;27.02702703;18.91891892;2.702702703;5.405405405
2019-04;National;MONTPELLIER;LYON PART DIEU;112;191;8;;98;5.136394558;2.790528233;;30;26.84;6.130601093;;24;6.130601093;10;0;26.66666667;23.33333333;23.33333333;20.0;6.666666667;0.0
2019-04;National;ST PIERRE DES CORPS;PARIS MONTPARNASSE;61;411;1;;144;5.329398148;2.012439024;;66;15.30050505;3.150772358;;20;3.150772358;8;0;12.76595745;19.14893617;27.65957447;25.53191489;4.255319149;10.63829787
2019-04;International;MADRID;MARSEILLE ST CHARLES;209;27;0;;10;4.5;1.148148148;;3;25.95;5.498148148;;3;5.498148148;1;0;33.33333333;0.0;66.66666667;0.0;0.0;0.0
2019-04;National;PARIS MONTPARNASSE;BORDEAUX ST JEAN;146;769;4;;341;7.685043988;3.316993464;;57;29.82573099;1.395359477;;38;1.395359477;17;6;32.60869565;19.56521739;23.91304348;13.04347826;8.695652174;2.173913043
2019-04;National;PARIS LYON;ANNECY;223;140;2;;9;22.9;1.174033816;;9;35.94444444;4.59057971;;9;4.59057971;6;1;0.0;50.0;12.5;37.5;0.0;0.0
2019-04;International;PARIS EST;FRANCFORT;213;165;5;;23;9.351449275;1.404270833;;20;47.405;8.738541667;;20;8.738541667;10;3;0.0;43.75;43.75;6.25;0.0;6.25
2019-04;International;GENEVE;PARIS LYON;178;213;1;;71;2.936150235;0.686320755;;11;20.25151515;0.155503145;;8;0.155503145;0;0;20.0;10.0;50.0;20.0;0.0;0.0
2019-04;National;VANNES;PARIS MONTPARNASSE;155;243;0;;95;3.275087719;1.378943759;;34;24.65686275;4.765294925;;22;4.765294925;7;2;24.13793103;31.03448276;24.13793103;17.24137931;3.448275862;0.0
2019-04;National;PARIS LYON;LYON PART DIEU;119;560;1;;45;16.88259259;0.960017889;;22;19.99545455;0.393649374;;14;0.393649374;3;0;19.04761905;19.04761905;28.57142857;28.57142857;4.761904762;0.0
2019-04;National;PARIS MONTPARNASSE;LAVAL;82;232;2;;102;11.32369281;4.927898551;;30;21.31944444;3.745;;11;3.745;5;4;23.80952381;14.28571429;23.80952381;23.80952381;9.523809524;4.761904762
2019-04;National;MACON LOCHE;PARIS LYON;100;187;2;;153;6.717538126;5.58981982;;13;27.65641026;2.348918919;;10;2.348918919;3;2;0.0;16.66666667;50.0;0.0;25.0;8.333333333
2019-04;National;PARIS LYON;NICE VILLE;351;167;0;;24;11.16875;1.223453094;;18;45.58518519;6.614471058;;18;6.614471058;11;1;50.0;18.75;6.25;6.25;18.75;0.0
2019-04;National;NANTES;STRASBOURG;299;52;0;;16;3.58125;1.130448718;;6;23.45555556;4.45224359;;6;4.45224359;2;0;83.33333333;16.66666667;0.0;0.0;0.0;0.0
2019-04;National;PARIS NORD;LILLE;68;600;17;;218;33.82446483;12.76034877;;114;21.15570175;4.182961692;;46;4.182961692;21;6;19.81132075;30.18867925;14.1509434;24.52830189;10.37735849;0.943396226
2019-04;National;LILLE;MARSEILLE ST CHARLES;299;189;0;;54;9.124691358;2.478042328;;18;39.7962963;5.162257496;;18;5.162257496;9;3;23.52941176;17.64705882;17.64705882;23.52941176;17.64705882;0.0
2019-04;National;DIJON VILLE;PARIS LYON;99;417;0;;255;7.540784314;4.69756195;;29;34.3362069;1.881414868;;17;1.881414868;11;6;4.0;20.0;36.0;24.0;16.0;0.0
2019-04;National;GRENOBLE;PARIS LYON;183;204;0;;27;239.6783951;31.7373366;;10;35.59444444;1.33251634;;10;1.33251634;4;1;0.0;50.0;37.5;12.5;0.0;0.0
2019-04;National;LYON PART DIEU;PARIS LYON;120;585;3;;244;4.936065574;2.182703322;;31;24.72419355;1.562084765;;19;1.562084765;6;2;9.677419355;19.35483871;19.35483871;25.80645161;19.35483871;6.451612903
2019-04;National;PARIS LYON;MACON LOCHE;96;199;2;;16;19.959375;1.274957699;;11;31.33333333;2.139170897;;9;2.139170897;6;1;10.0;10.0;10.0;70.0;0.0;0.0
2019-04;National;LILLE;PARIS NORD;63;569;13;;156;5.993803419;1.623920863;;74;19.66373874;2.699730216;;27;2.699730216;10;3;10.16949153;27.11864407;22.03389831;25.42372881;8.474576271;6.779661017
2019-04;National;PARIS EST;REIMS;46;203;3;;45;7.9;1.921666667;;16;23.6;2.494;;8;2.494;3;2;7.692307692;23.07692308;38.46153846;15.38461538;15.38461538;0.0
2019-04;International;PARIS LYON;ITALIE;426;64;0;;8;116.5541667;14.19739583;;6;40.25;2.171875;;6;2.171875;5;0;16.66666667;16.66666667;16.66666667;50.0;0.0;0.0
2019-04;National;LYON PART DIEU;RENNES;235;86;3;;45;9.074074074;5.019678715;;14;33.61785714;7.959236948;;14;7.959236948;6;1;30.76923077;23.07692308;23.07692308;15.38461538;7.692307692;0.0
2019-04;National;PARIS MONTPARNASSE;LA ROCHELLE VILLE;169;210;0;;101;3.12640264;1.474285714;;20;22.3;2.471428571;;13;2.471428571;3;0;23.52941176;35.29411765;23.52941176;11.76470588;0.0;5.882352941
2019-04;National;PARIS MONTPARNASSE;QUIMPER;221;240;0;;108;6.750154321;2.949722222;;12;43.04166667;2.81875;"Ce mois-ci, cette destination a été touchée par : 
- le 2 : un défaut d'alimentation électrique sur la ligne à grande vitesse Atlantique (67 TGV impactés pour 3101 minutes perdues),
- le 4 : un dérangement d'installation vers Questembert (11 TGV impacté pour 170 minutes perudes),
- le 20 : un dérangement de signalisation sur la ligne à grande vitesse Atlantique (11 TGV impactés pour 147 minutes perdues),
- le 23 : le heurt d'un chevreuil vers Connerré (9 TGV impactés pour 253 minutes perdues),
- le 28 : une rupture caténaire sur la ligne à grande vitesse Atlantique (58 TGV impactés pour 2210 minutes perdues).";12;2.81875;5;2;18.18181818;27.27272727;9.090909091;18.18181818;18.18181818;9.090909091
2019-04;National;MARSEILLE ST CHARLES;LILLE;287;197;2;;31;7.073655914;0.95008547;;36;41.06064815;9.846837607;;36;9.846837607;17;7;28.57142857;17.14285714;25.71428571;22.85714286;5.714285714;0.0
2019-04;National;MARNE LA VALLEE;MARSEILLE ST CHARLES;214;248;0;;138;11.18055556;6.290255376;;32;35.5;6.137634409;;32;6.137634409;18;3;16.66666667;13.33333333;23.33333333;26.66666667;16.66666667;3.333333333
2019-04;National;PARIS LYON;SAINT ETIENNE CHATEAUCREUX;171;108;0;;5;7.21;-0.175308642;;7;15.34761905;1.999537037;;3;1.999537037;0;0;20.0;40.0;20.0;0.0;20.0;0.0
2019-04;National;DOUAI;PARIS NORD;77;200;2;;73;173.7226027;64.11422559;;50;18.45266667;5.438468013;"Pour ce domaine des dérangements d’IS en dominante de l’irrégularité, on retrouve par trois fois ces  dérangements pour occasionner des restitutions tardives de travaux LN3 (TIV de chantier et commutateurs de protection x2)
On retrouve en particulier dans la rubrique externe: deux accidents de personne les 22 et 24, avec l’E*9028 à Erquinghem et le thalys 9472 à Avelin. Pour le reste il s’agit d’intrusion dans les emprises, d’incendie aux abords des voies (Pierrefitte le 01/04), arbre sur la caténaire ( Lillers le 12/04)-";17;5.438468013;6;2;18.60465116;20.93023256;48.8372093;2.325581395;6.976744186;2.325581395
2019-04;National;BELLEGARDE (AIN);PARIS LYON;162;224;1;;148;3.845045045;2.625112108;;13;19.76794872;0.051345291;;9;0.051345291;0;0;16.66666667;8.333333333;58.33333333;16.66666667;0.0;0.0
2019-04;National;NANCY;PARIS EST;96;289;2;;96;5.809895833;2.008072009;;22;20.55378788;2.3970964;;10;2.3970964;4;2;19.04761905;33.33333333;28.57142857;14.28571429;4.761904762;0.0
2019-04;International;PARIS LYON;ZURICH;240;141;0;;11;64.66363636;4.805437352;;12;29.08472222;5.017730496;;12;5.017730496;5;0;0.0;18.18181818;45.45454545;36.36363636;0.0;0.0
2019-04;National;LA ROCHELLE VILLE;PARIS MONTPARNASSE;164;204;0;;32;4.0640625;0.726143791;;13;25.56153846;3.435375817;;9;3.435375817;4;0;18.18181818;36.36363636;9.090909091;36.36363636;0.0;0.0
2019-04;National;PARIS MONTPARNASSE;VANNES;152;230;0;;106;6.947641509;3.121811594;;21;30.69047619;3.458695652;;14;3.458695652;5;1;20.0;25.0;15.0;15.0;10.0;15.0
2019-04;National;MARSEILLE ST CHARLES;MARNE LA VALLEE;209;236;2;;36;8.906018519;1.1497151;;30;38.22111111;5.732621083;;30;5.732621083;10;6;22.22222222;14.81481481;33.33333333;22.22222222;7.407407407;0.0
2019-04;National;PARIS LYON;AVIGNON TGV;161;424;0;;26;10.78141026;0.267649371;;38;24.82105263;2.802004717;;26;2.802004717;8;1;15.15151515;15.15151515;39.39393939;18.18181818;9.090909091;3.03030303
2019-04;National;NANTES;PARIS MONTPARNASSE;131;517;0;;182;25.97847985;9.006866538;;79;35.43881857;6.951515152;;55;6.951515152;33;13;32.8125;32.8125;12.5;17.1875;1.5625;3.125
2019-04;National;MULHOUSE VILLE;PARIS LYON;170;299;0;;146;5.097488584;2.541192865;;19;28.16754386;0.657134894;;11;0.657134894;5;2;7.692307692;15.38461538;7.692307692;46.15384615;23.07692308;0.0
2019-04;International;ITALIE;PARIS LYON;440;66;2;;53;3.349056604;2.8515625;;14;22.925;5.362760417;;14;5.362760417;1;1;30.76923077;7.692307692;53.84615385;7.692307692;0.0;0.0
2019-04;International;PARIS EST;STUTTGART;185;142;3;;27;18.53148148;3.716786571;;13;34.16666667;6.59352518;;12;6.59352518;5;2;8.333333333;16.66666667;16.66666667;58.33333333;0.0;0.0
2019-04;National;ANGOULEME;PARIS MONTPARNASSE;124;278;0;;143;5.014219114;2.632853717;;30;24.43444444;3.930635492;;19;3.930635492;7;1;16.0;24.0;24.0;28.0;4.0;4.0
2019-04;National;PARIS MONTPARNASSE;BREST;221;261;2;;121;5.370247934;2.423101673;;14;29.03571429;2.305019305;;14;2.305019305;6;0;23.07692308;30.76923077;15.38461538;23.07692308;0.0;7.692307692
2019-04;National;RENNES;PARIS MONTPARNASSE;99;580;1;;180;26.36833333;8.228756477;;100;21.1285;4.591393207;;47;4.591393207;21;5;23.07692308;26.92307692;16.66666667;24.35897436;5.128205128;3.846153846
2019-04;National;VALENCE ALIXAN TGV;PARIS LYON;133;290;0;;169;7.662721893;4.523275862;;28;28.28988095;1.839942529;;21;1.839942529;8;2;36.0;28.0;20.0;4.0;8.0;4.0
2019-04;International;BARCELONA;PARIS LYON;317;56;0;;9;2.111111111;-0.803571429;;6;42.41388889;2.948214286;;6;2.948214286;2;1;80.0;20.0;0.0;0.0;0.0;0.0
2019-04;National;PARIS LYON;BESANCON FRANCHE COMTE TGV;129;185;1;;12;17.66111111;0.855978261;;11;24.77272727;2.278804348;;6;2.278804348;3;1;11.11111111;0.0;33.33333333;33.33333333;22.22222222;0.0
2019-04;National;LYON PART DIEU;MONTPELLIER;114;199;17;;82;12.35101626;5.589652015;;40;30.86291667;7.28489011;;25;7.28489011;14;4;21.05263158;21.05263158;21.05263158;15.78947368;10.52631579;10.52631579
2019-04;National;PARIS MONTPARNASSE;LE MANS;55;441;3;;218;18.69969419;9.215372907;;61;22.76202186;3.526065449;;18;3.526065449;9;7;21.73913043;19.56521739;36.95652174;17.39130435;4.347826087;0.0
2019-04;National;PARIS NORD;DUNKERQUE;122;248;2;;79;59.27320675;18.95210027;;39;31.58974359;5.170731707;;30;5.170731707;17;4;21.05263158;28.94736842;5.263157895;28.94736842;15.78947368;0.0
2019-04;National;PERPIGNAN;PARIS LYON;304;145;0;;25;5.458;1.094712644;;10;37.28666667;1.177586207;;10;1.177586207;4;1;55.55555556;11.11111111;22.22222222;11.11111111;0.0;0.0
2019-04;National;TOULON;PARIS LYON;247;223;3;;112;5.95327381;3.111439394;;20;37.89333333;3.480075758;;20;3.480075758;9;3;16.66666667;22.22222222;27.77777778;22.22222222;5.555555556;5.555555556
2019-04;National;LE MANS;PARIS MONTPARNASSE;58;425;0;;228;7.856140351;4.341254902;;94;21.52411348;5.287333333;"Ce mois-ci, cette destination a été touchée par : 
- le 2 : un défaut d'alimentation électrique sur la ligne à grande vitesse Atlantique (67 TGV impactés pour 3101 minutes perdues)  et la panne d'un TER entre Angers et Le Mans (17 TGV impactés pour 780 minutes perdues),
- le 4 : la présence d'une personne aux abords des voies entre Laval et Le Mans (14 TGV impactés pour 438 minutes perdues), 
- le 8 : un accident de personne entre Angers et Ancenis (23 TGV impactés pour 1169 minutes perdues), 
- le 20 : un dérangement de signalisation sur la ligne à grande vitesse Atlantique (11 TGV impactés pour 147 minutes perdues),
- le 23 : le heurt d'un chevreuil vers Connerré (9 TGV impactés pour 253 minutes perdues),
- le 28 : une rupture caténaire sur la ligne à grande vitesse Atlantique (58 TGV impactés pour 2210 minutes perdues).";32;5.287333333;17;8;11.5942029;34.7826087;21.73913043;23.1884058;1.449275362;7.246376812
2019-04;National;ST MALO;PARIS MONTPARNASSE;160;85;0;;51;1.709477124;1.035098039;;10;29.48666667;4.681960784;;9;4.681960784;3;1;33.33333333;22.22222222;11.11111111;33.33333333;0.0;0.0
2019-04;National;PARIS MONTPARNASSE;TOURS;72;179;0;;102;10.04166667;5.619180633;;30;16.06166667;3.488454376;;10;3.488454376;4;3;4.761904762;14.28571429;66.66666667;9.523809524;4.761904762;0.0
2019-04;National;PARIS LYON;MARSEILLE ST CHARLES;196;497;0;;38;10.48552632;0.412676056;;38;32.01885965;3.78433937;;38;3.78433937;12;3;28.125;9.375;25.0;28.125;6.25;3.125
2019-04;National;SAINT ETIENNE CHATEAUCREUX;PARIS LYON;169;108;1;;14;270.4380952;35.1864486;;6;37.88333333;3.298753894;;4;3.298753894;3;1;16.66666667;33.33333333;0.0;33.33333333;16.66666667;0.0
2019-04;International;LAUSANNE;PARIS LYON;220;137;1;;100;17.956;13.37267157;;7;70.15238095;3.996813725;;7;3.996813725;6;5;0.0;42.85714286;42.85714286;14.28571429;0.0;0.0
2019-04;National;PARIS MONTPARNASSE;ANGOULEME;127;279;0;;135;11.85975309;5.647252091;;30;27.09777778;3.469892473;;18;3.469892473;7;2;31.81818182;22.72727273;18.18181818;9.090909091;13.63636364;4.545454545
2019-04;National;PARIS LYON;GRENOBLE;182;205;0;;25;64.51466667;7.527804878;;14;32.25;3.551219512;;11;3.551219512;4;3;0.0;35.71428571;28.57142857;28.57142857;7.142857143;0.0
2019-04;National;LE CREUSOT MONTCEAU MONTCHANIN;PARIS LYON;81;206;1;;113;6.539528024;3.625284553;;31;12.06666667;1.419593496;;7;1.419593496;1;0;6.896551724;17.24137931;37.93103448;13.79310345;17.24137931;6.896551724
2019-04;National;LYON PART DIEU;LILLE;191;210;6;;132;9.862247475;6.453921569;;52;36.125;11.63316993;"la rubrique Externe en dominante , il s’agit d’évènements diffus, avec de la malveillance, des intrusions dans les emprises, des intempéries (vents violents), en exemple le 25 à Vénissieux avec un plastique dans les caténaires (26 TGV Voyages concernés pour 315 minutes perdues).
Causes « Escale-Service Voyageur » en hausse avec une dominante pour l’affluence voyageurs et les groupes, un phénomène aussi lié à cette période dégroupée de vacances  scolaires";48;11.63316993;21;7;25.0;17.30769231;28.84615385;17.30769231;11.53846154;0.0
2019-04;National;MARSEILLE ST CHARLES;TOURCOING;305;7;0;;0;0.0;-0.471428571;;1;28.0;5.285714286;;1;5.285714286;0;0;0.0;0.0;100.0;0.0;0.0;0.0
2019-04;International;ZURICH;PARIS LYON;241;141;0;;53;1.917610063;1.207801418;;6;44.17222222;0.655910165;;6;0.655910165;3;1;20.0;20.0;0.0;60.0;0.0;0.0
2019-04;National;PARIS EST;METZ;85;314;5;;77;23.68138528;5.87562028;;19;33.91842105;1.504368932;;11;1.504368932;7;5;5.555555556;38.88888889;22.22222222;27.77777778;5.555555556;0.0
2019-04;National;PARIS LYON;BELLEGARDE (AIN);162;202;1;;23;9.079710145;0.727114428;;16;18.29895833;3.543781095;;6;3.543781095;2;0;0.0;6.666666667;60.0;13.33333333;20.0;0.0
2019-04;National;CHAMBERY CHALLES LES EAUX;PARIS LYON;187;155;4;;81;11.28045267;6.026048565;;23;26.09202899;3.742604857;;21;3.742604857;4;2;18.18181818;22.72727273;50.0;4.545454545;0.0;4.545454545
2019-04;National;PARIS LYON;MONTPELLIER;208;254;0;;29;13.18045977;1.175853018;;25;28.35866667;3.706233596;;25;3.706233596;9;1;13.04347826;17.39130435;21.73913043;34.7826087;13.04347826;0.0
2019-04;International;STUTTGART;PARIS EST;183;144;6;;125;3.449866667;0.515821256;;13;36.9974359;4.616908213;;13;4.616908213;4;2;0.0;25.0;33.33333333;8.333333333;16.66666667;16.66666667
2019-04;National;MARSEILLE ST CHARLES;PARIS LYON;199;466;3;;84;12.11805556;1.947732181;;34;42.3377451;3.241648668;;34;3.241648668;16;8;23.33333333;23.33333333;20.0;23.33333333;6.666666667;3.333333333
2019-05;National;LE MANS;PARIS MONTPARNASSE;57;450;4;;344;3.674515504;2.790508221;;57;19.22134503;2.503550075;;20;39.59083333;9;4;11.32075472;39.62264151;24.52830189;11.32075472;7.547169811;5.660377358
2019-05;National;LYON PART DIEU;RENNES;233;100;10;;77;8.652380952;7.386296296;;23;76.12173913;20.77074074;"Ce mois ci, la destination a été marquée par les incidents suivants : 
- le 1 : une défaillance matériel en gare de Rennes (5 TGV impactés pour 132 minutes perdues), 
- le 8 : un accident de personne vers Hennebont (4 TGV impactés pour 419 minutes perdues), 
- le 9 : un dérangement d'installation entre Massy et Valenton (16 TGV impactés pour 1041 minutes perdues),
- le 10 : un bagage abandonné à Marne La Vallée (17 TGV impactés pour 154 minutes perdues), 
- le 12 : une personne allongée le long des voies près de Lyon (5 TGV impactés pour 300 minutes perdues), 
- le 14 : une défaillance matériel d'un TGV sur la Ligne à Grande Vitesse Atlantique (14 TGV impactés pour 285 minutes perdues),
- le 17 : un accident de personne entre Sully et Vianges qui perturbe la circulation des TGV province-province (9 TGV impactés pour 1255 minutes perdues),
- le 20 : un heurt de chevreuil sur la Ligne à Grande Vitesse Atlantique (17 TGV impactés pour 568 minutes perdues), 
- le 23 : une défaillance d'un détecteur de chute de véhicule sur la Ligne à Grande Vitesse Sud-Est (33 TGV impactés pour 1057 minutes perdues) et une restitution tardive de travaux sur la Ligne à Grande Vitesse Atlantique (34 TGV impactés pour 911 minutes perdues), 
- le 29 : deux bagages abandonnés dans un TGV à Montpellier (3 TGV impactés pour 339 minutes perdues).";23;76.12173913;14;8;34.7826087;34.7826087;13.04347826;17.39130435;0.0;0.0
2019-05;National;RENNES;LYON PART DIEU;235;99;0;;88;50.96174242;45.28265993;;14;40.64880952;6.428619529;"Ce mois ci, la destination a été marquée par les incidents suivants : 
- le 1 : une défaillance matériel en gare de Rennes (5 TGV impactés pour 132 minutes perdues), 
- le 8 : un accident de personne vers Hennebont (4 TGV impactés pour 419 minutes perdues), 
- le 9 : un dérangement d'installation entre Massy et Valenton (16 TGV impactés pour 1041 minutes perdues),
- le 10 : un bagage abandonné à Marne La Vallée (17 TGV impactés pour 154 minutes perdues), 
- le 12 : une personne allongée le long des voies près de Lyon (5 TGV impactés pour 300 minutes perdues), 
- le 14 : une défaillance matériel d'un TGV sur la Ligne à Grande Vitesse Atlantique (14 TGV impactés pour 285 minutes perdues),
- le 17 : un accident de personne entre Sully et Vianges qui perturbe la circulation des TGV province-province (9 TGV impactés pour 1255 minutes perdues),
- le 20 : un heurt de chevreuil sur la Ligne à Grande Vitesse Atlantique (17 TGV impactés pour 568 minutes perdues), 
- le 23 : une défaillance d'un détecteur de chute de véhicule sur la Ligne à Grande Vitesse Sud-Est (33 TGV impactés pour 1057 minutes perdues) et une restitution tardive de travaux sur la Ligne à Grande Vitesse Atlantique (34 TGV impactés pour 911 minutes perdues), 
- le 29 : deux bagages abandonnés dans un TGV à Montpellier (3 TGV impactés pour 339 minutes perdues).";14;40.64880952;8;2;28.57142857;35.71428571;14.28571429;21.42857143;0.0;0.0
2019-05;National;LILLE;PARIS NORD;63;601;34;;299;5.135172798;2.550646678;;75;21.19977778;3.078336273;;29;41.67988506;14;6;16.12903226;14.51612903;27.41935484;17.74193548;19.35483871;4.838709677
2019-05;National;STRASBOURG;PARIS EST;116;512;16;;373;6.227613941;4.615557796;;49;30.83945578;4.088306452;;31;41.56236559;14;4;4.166666667;22.91666667;29.16666667;27.08333333;10.41666667;6.25
2019-05;National;MARSEILLE ST CHARLES;TOURCOING;303;8;0;;1;0.716666667;-0.508333333;;0;0.0;0.75;;0;0.0;0;0;0.0;0.0;0.0;0.0;0.0;0.0
2019-05;National;LYON PART DIEU;LILLE;188;272;63;;177;7.245574388;6.113556619;;52;32.30192308;10.99441786;;45;35.44111111;17;4;30.76923077;15.38461538;28.84615385;11.53846154;7.692307692;5.769230769
2019-05;National;CHAMBERY CHALLES LES EAUX;PARIS LYON;187;132;3;;95;5.863508772;4.245865633;;16;43.765625;5.491472868;Heurt de personnes à Vianges, Heurt animal Cuy, heurt chevreuil Lacour d'arcenay, dérangement Yerres, disjonction cluny, Fort impact sur LN1 tronçon central;14;48.10357143;7;4;40.0;20.0;13.33333333;20.0;6.666666667;0.0
2019-05;National;NIMES;PARIS LYON;176;341;4;;306;5.377233115;4.867903066;;55;34.55060606;4.686646884;;39;43.67094017;16;7;33.96226415;22.64150943;24.52830189;15.09433962;1.886792453;1.886792453
2019-05;National;PARIS LYON;DIJON VILLE;96;442;0;;106;2.538522013;0.245625943;;27;28.45925926;1.957767722;;21;33.13253968;9;1;18.51851852;37.03703704;14.81481481;25.92592593;3.703703704;0.0
2019-05;National;DIJON VILLE;PARIS LYON;98;446;0;;374;4.621122995;3.845926756;;34;24.51029412;1.815433483;;23;30.11884058;8;2;5.882352941;32.35294118;32.35294118;11.76470588;8.823529412;8.823529412
2019-05;International;PARIS LYON;LAUSANNE;203;144;0;;31;2.440860215;0.08287037;;21;27.0452381;6.198726852;;20;27.80583333;6;0;23.80952381;28.57142857;33.33333333;4.761904762;9.523809524;0.0
2019-05;International;ZURICH;PARIS LYON;214;146;0;;146;1.947031963;1.947031963;;8;19.39166667;0.927739726;;6;21.90277778;1;0;0.0;37.5;25.0;25.0;12.5;0.0
2019-05;National;PARIS MONTPARNASSE;BORDEAUX ST JEAN;146;794;0;;467;10.54878658;5.974853065;;32;26.04791667;0.162132662;;21;33.0031746;8;2;31.03448276;44.82758621;10.34482759;10.34482759;0.0;3.448275862
2019-05;National;AIX EN PROVENCE TGV;PARIS LYON;184;432;36;;358;4.165782123;3.727483165;;32;62.80260417;5.241835017;Heurt de personnes à Vianges, Heurt animal Cuy, heurt chevreuil Lacour d'arcenay, dérangement Yerres, disjonction cluny, Fort impact sur LN1 tronçon central;32;62.80260417;21;12;50.0;21.875;21.875;3.125;0.0;3.125
2019-05;National;LYON PART DIEU;PARIS LYON;121;644;27;;451;5.403288987;3.902647218;;69;50.25990338;6.101728795;Heurt de personnes à Vianges, Heurt animal Cuy, heurt chevreuil Lacour d'arcenay, dérangement Yerres, disjonction cluny, Fort impact sur LN1 tronçon central;64;55.89126984;41;22;47.05882353;16.17647059;14.70588235;11.76470588;4.411764706;5.882352941
2019-05;National;PARIS LYON;TOULON;242;202;0;;48;4.502083333;0.590841584;;21;39.69126984;2.540429043;;21;39.69126984;11;2;30.0;30.0;15.0;20.0;5.0;0.0
2019-05;National;PARIS MONTPARNASSE;TOULOUSE MATABIAU;260;165;0;;97;23.10189003;13.36070707;;14;33.225;2.652626263;;14;33.225;6;1;38.46153846;38.46153846;0.0;23.07692308;0.0;0.0
2019-05;National;PARIS EST;NANCY;95;292;0;;201;3.48358209;2.323059361;;6;24.825;0.354965753;;5;26.97666667;2;0;16.66666667;16.66666667;0.0;16.66666667;50.0;0.0
2019-05;National;PARIS LYON;MONTPELLIER;209;283;4;;83;11.11546185;2.890681004;;26;49.53525641;7.042951016;Heurt de personnes à Vianges, Heurt animal Cuy, heurt chevreuil Lacour d'arcenay, dérangement Yerres, disjonction cluny, Fort impact sur LN1 tronçon central;26;53.99197531;15;7;38.46153846;19.23076923;15.38461538;26.92307692;0.0;0.0
2019-05;National;PARIS EST;STRASBOURG;115;525;0;;348;4.812883142;3.10952381;;35;24.61333333;1.633047619;;23;31.05869565;7;3;11.76470588;17.64705882;23.52941176;35.29411765;11.76470588;0.0
2019-05;National;MARSEILLE ST CHARLES;MARNE LA VALLEE;210;262;15;;88;3.770454545;1.020107962;;37;47.2018018;7.714844804;Heurt de personnes à Vianges, Heurt animal Cuy, heurt chevreuil Lacour d'arcenay, dérangement Yerres, disjonction cluny, Fort impact sur LN1 tronçon central;37;47.2018018;20;9;48.64864865;13.51351351;24.32432432;13.51351351;0.0;0.0
2019-05;National;LYON PART DIEU;MARNE LA VALLEE;109;294;56;;194;6.64475945;5.38942577;;44;31.45416667;6.613445378;;31;39.12473118;13;4;34.09090909;13.63636364;29.54545455;13.63636364;4.545454545;4.545454545
2019-05;National;PARIS EST;REIMS;46;212;2;;162;4.653600823;3.527936508;;14;12.29761905;1.10968254;;2;22.01666667;0;0;30.76923077;7.692307692;15.38461538;7.692307692;38.46153846;0.0
2019-05;National;PARIS MONTPARNASSE;ANGERS SAINT LAUD;90;438;0;;304;5.667434211;3.778424658;;39;22.0991453;2.806050228;;15;42.88888889;9;4;28.125;25.0;31.25;12.5;3.125;0.0
2019-05;National;STRASBOURG;NANTES;294;56;0;;33;1.904545455;0.991666667;;3;42.46111111;4.081845238;"2 attentes de matériel le 3 et le 29 pour 10 minutes de retard à chaque fois.
Heurt de chevreuil à plusieurs reprises le 5, le 15 et le 20, pour 20 minutes de retard moyen.
Talonnage de l'aiguille suite à l'intervention de l'équipe SE le 9, impact sur 5487 pour 140 minutes de retard.
Déclenchements DCV, circulation  détournés et rétention à Massy, 5488 et 5487 impactés pour 69 et 31 minutes. 
Alarme DBC le 12 pour 14 minutes de retard sur le 5488.";3;42.46111111;3;1;0.0;33.33333333;33.33333333;33.33333333;0.0;0.0
2019-05;National;PARIS NORD;ARRAS;51;297;2;;123;9.615176152;3.75779661;;40;25.58916667;3.687231638;;22;37.97536232;9;3;25.64102564;17.94871795;17.94871795;17.94871795;20.51282051;0.0
2019-05;National;PARIS LYON;BELLEGARDE (AIN);162;212;0;;56;4.723214286;0.878616352;;36;24.48287037;6.054874214;;23;31.52753623;8;1;39.39393939;33.33333333;15.15151515;6.060606061;6.060606061;0.0
2019-05;National;MONTPELLIER;LYON PART DIEU;112;225;30;;167;4.407285429;3.744102564;;24;48.22152778;7.955042735;;21;53.25793651;13;8;41.66666667;16.66666667;12.5;29.16666667;0.0;0.0
2019-05;National;PARIS MONTPARNASSE;LE MANS;55;464;0;;331;6.914652568;4.78983477;;46;13.81304348;2.013074713;;12;31.46527778;3;2;15.0;45.0;27.5;10.0;0.0;2.5
2019-05;National;PARIS MONTPARNASSE;QUIMPER;221;253;0;;168;9.708531746;6.224637681;;16;49.875;3.78458498;"Ce mois ci, la destination a été marquée par les incidents suivants : 
- le 1 : une défaillance matériel en gare de Rennes (5 TGV impactés pour 132 minutes perdues), 
- le 8 : un accident de personne vers Hennebont (4 TGV impactés pour 419 minutes perdues), 
- le 9 : un dérangement d'installation entre Massy et Valenton (16 TGV impactés pour 1041 minutes perdues),
- le 14 : une défaillance matériel d'un TGV sur la Ligne à Grande Vitesse Atlantique (14 TGV impactés pour 285 minutes perdues),
- le 20 : un heurt de chevreuil sur la Ligne à Grande Vitesse Atlantique (17 TGV impactés pour 568 minutes perdues), 
- le 22 : un défaut d'alimentation électrique entre Rennes et Redon (15 TGV impactés pour 604 minutes perdues), 
- le 23 : une restitution tardive de travaux sur la Ligne à Grande Vitesse Atlantique (34 TGV impactés pour 911 minutes perdues),";16;49.875;11;3;18.75;43.75;0.0;31.25;0.0;6.25
2019-05;National;NANTES;STRASBOURG;300;61;7;;37;52.34189189;35.78024691;;8;48.40625;7.980246914;"Heurt animaux le 20 et 27, 2 trains impactés pour 61 et 39 minutes de retard. 
Talonnage de l'aiguille suite à l'intervention de l'équipe SE le 09, impact de 2 trains (5478 et 5460) pour 148 et 50 minutes de retard. 
Déclenchements DCV, circulation  détournés et rétention à Massy, 2 trains touchés, 5478 pour 23 minutes et 5460 pour 14 minutes + décontrole aiguille à VHM (63 minutes).
Plusieurs obstacles sur les voies ou aux abords (arbre le 14, présence bloc de béton le 16, personne comportement suicidaire le 26 et pb poteau caténaire le 28), 5 trains impactés pour 15 minutes de retard moyen.";8;48.40625;4;2;37.5;37.5;25.0;0.0;0.0;0.0
2019-05;National;LYON PART DIEU;MONTPELLIER;114;228;12;;148;8.269932432;5.591898148;;47;37.64397163;9.49220679;;34;47.29362745;15;8;32.60869565;13.04347826;26.08695652;17.39130435;6.52173913;4.347826087
2019-05;National;PARIS MONTPARNASSE;NANTES;128;574;0;;391;2.110358056;1.280923345;;41;31.22317073;4.057665505;;26;42.51666667;13;7;38.46153846;33.33333333;17.94871795;10.25641026;0.0;0.0
2019-05;National;ARRAS;PARIS NORD;51;312;6;;230;10.07376812;7.521895425;;54;15.59444444;4.717374728;;18;55.9;9;3;20.45454545;13.63636364;43.18181818;9.090909091;6.818181818;6.818181818
2019-05;National;MACON LOCHE;PARIS LYON;99;191;0;;179;4.611731844;4.304886562;;15;21.26666667;2.038219895;;10;26.05;3;0;46.66666667;20.0;26.66666667;0.0;6.666666667;0.0
2019-05;National;MULHOUSE VILLE;PARIS LYON;169;315;0;;237;2.948804501;2.147142857;;20;21.75916667;0.654074074;;13;26.39871795;4;0;10.52631579;42.10526316;15.78947368;15.78947368;10.52631579;5.263157895
2019-05;National;LAVAL;PARIS MONTPARNASSE;85;228;4;;117;2.014672365;0.886681548;;27;11.61851852;1.671056548;;5;25.49666667;1;0;0.0;31.81818182;36.36363636;9.090909091;18.18181818;4.545454545
2019-05;National;MARSEILLE ST CHARLES;PARIS LYON;199;546;36;;176;6.848674242;2.010686275;;44;56.1125;5.126405229;Heurt de personnes à Vianges, Heurt animal Cuy, heurt chevreuil Lacour d'arcenay, dérangement Yerres, disjonction cluny, Fort impact sur LN1 tronçon central;44;56.1125;27;15;31.81818182;31.81818182;15.90909091;13.63636364;4.545454545;2.272727273
2019-05;National;PERPIGNAN;PARIS LYON;303;156;0;;109;3.495107034;2.387820513;;20;42.69;4.923504274;Heurt de personnes à Vianges, Heurt animal Cuy, heurt chevreuil Lacour d'arcenay, dérangement Yerres, disjonction cluny, Fort impact sur LN1 tronçon central;20;42.69;9;3;40.0;15.0;30.0;15.0;0.0;0.0
2019-05;International;PARIS EST;STUTTGART;179;148;0;;113;8.939380531;6.754391892;;16;27.40104167;5.999211712;;15;28.40666667;5;0;0.0;14.28571429;21.42857143;42.85714286;21.42857143;0.0
2019-05;National;MARNE LA VALLEE;MARSEILLE ST CHARLES;214;261;0;;219;6.038584475;5.034418902;;35;40.86428571;7.256385696;Heurt de personnes à Vianges, Heurt animal Cuy, heurt chevreuil Lacour d'arcenay, dérangement Yerres, disjonction cluny, Fort impact sur LN1 tronçon central;35;40.86428571;18;6;28.57142857;8.571428571;20.0;25.71428571;11.42857143;5.714285714
2019-05;National;PARIS MONTPARNASSE;BREST;221;273;0;;183;7.635336976;4.907448107;;16;40.65625;2.633699634;"Ce mois ci, la destination a été marquée par les incidents suivants : 
- le 1 : des manifestants gilets jaunes en gare de Brest  (5 TGV impactés pour 122 minutes perdues) et une défaillance matériel en gare de Rennes (5 TGV impactés pour 132 minutes perdues), 
- le 9 : un dérangement d'installation entre Massy et Valenton (16 TGV impactés pour 1041 minutes perdues),
- le 14 : une défaillance matériel d'un TGV sur la Ligne à Grande Vitesse Atlantique (14 TGV impactés pour 285 minutes perdues),
- le 20 : un  heurt de chevreuil sur la Ligne à Grande Vitesse Atlantique (17 TGV impactés pour 568 minutes perdues) et un TGV heurte un bélier vers Plouaret (3 TGV impactés pour 75 minutes perdues), 
- le 22 : un défaut d'alimentation électrique entre Rennes et Redon (15 TGV impactés pour 604 minutes perdues), 
- le 23 : une restitution tardive de travaux sur la Ligne à Grande Vitesse Atlantique (34 TGV impactés pour 911 minutes perdues), 
- le 29 : deux bagages abandonnés dans un TGV à Montpellier (3 TGV impactés pour 339 minutes perdues).";16;40.65625;8;2;56.25;18.75;6.25;12.5;0.0;6.25
2019-05;National;METZ;PARIS EST;85;305;4;;211;4.030647709;2.77469546;;51;18.0369281;3.668715393;;15;39.68;7;2;4.347826087;26.08695652;41.30434783;17.39130435;8.695652174;2.173913043
2019-05;National;TOULON;PARIS LYON;248;250;36;;186;5.084767025;4.389641745;;23;55.83405797;5.95046729;Heurt de personnes à Vianges, Heurt animal Cuy, heurt chevreuil Lacour d'arcenay, dérangement Yerres, disjonction cluny, Fort impact sur LN1 tronçon central;23;55.83405797;14;7;34.7826087;26.08695652;21.73913043;8.695652174;8.695652174;0.0
2019-05;National;NICE VILLE;PARIS LYON;355;193;18;;121;3.394490358;2.266285714;;21;53.61349206;6.479238095;Heurt de personnes à Vianges, Heurt animal Cuy, heurt chevreuil Lacour d'arcenay, dérangement Yerres, disjonction cluny, Fort impact sur LN1 tronçon central;21;53.61349206;12;6;28.57142857;28.57142857;23.80952381;9.523809524;9.523809524;0.0
2019-05;National;PARIS MONTPARNASSE;ST PIERRE DES CORPS;60;412;0;;277;1.961311673;1.120509709;;49;11.43163265;2.055582524;;10;24.685;3;1;13.04347826;32.60869565;43.47826087;6.52173913;2.173913043;2.173913043
2019-05;National;PARIS MONTPARNASSE;LA ROCHELLE VILLE;171;219;0;;156;6.444017094;4.446879756;;6;17.5;0.51369863;;3;23.0;0;0;40.0;0.0;0.0;40.0;0.0;20.0
2019-05;National;TOURS;PARIS MONTPARNASSE;75;186;0;;97;2.18814433;0.986469534;;18;12.91759259;1.59390681;;7;20.96666667;1;0;11.76470588;35.29411765;35.29411765;0.0;5.882352941;11.76470588
2019-05;National;LILLE;LYON PART DIEU;191;256;5;;181;2.975322284;2.103452855;;24;27.35416667;4.201992032;;22;28.74621212;6;1;29.16666667;8.333333333;25.0;16.66666667;12.5;8.333333333
2019-05;National;PARIS LYON;AVIGNON TGV;161;455;0;;114;6.117105263;1.106666667;;43;37.14844961;3.978168498;;32;45.82604167;17;8;23.80952381;11.9047619;28.57142857;30.95238095;2.380952381;2.380952381
2019-05;National;AVIGNON TGV;PARIS LYON;165;441;36;;259;5.333912484;3.250452675;;50;38.67266667;4.827119342;;33;52.39141414;18;10;34.69387755;24.48979592;24.48979592;12.24489796;2.040816327;2.040816327
2019-05;National;GRENOBLE;PARIS LYON;187;213;0;;30;229.7261111;32.3557903;;17;50.49705882;3.822691706;Heurt de personnes à Vianges, Heurt animal Cuy, heurt chevreuil Lacour d'arcenay, dérangement Yerres, disjonction cluny, Fort impact sur LN1 tronçon central;17;50.49705882;9;5;41.17647059;17.64705882;35.29411765;5.882352941;0.0;0.0
2019-05;National;BESANCON FRANCHE COMTE TGV;PARIS LYON;131;195;0;;136;2.139460784;1.322136752;;8;28.69166667;0.544444444;;7;30.66904762;3;0;12.5;50.0;0.0;0.0;25.0;12.5
2019-05;National;MONTPELLIER;PARIS LYON;206;338;4;;270;4.311358025;3.269161677;;38;42.70701754;4.492814371;Heurt de personnes à Vianges, Heurt animal Cuy, heurt chevreuil Lacour d'arcenay, dérangement Yerres, disjonction cluny, Fort impact sur LN1 tronçon central;38;42.70701754;15;6;35.13513514;21.62162162;21.62162162;21.62162162;0.0;0.0
2019-05;National;PARIS LYON;PERPIGNAN;308;179;0;;57;8.788888889;2.373184358;;22;38.45681818;5.083519553;;22;38.45681818;10;3;22.72727273;13.63636364;27.27272727;31.81818182;4.545454545;0.0
2019-05;International;PARIS LYON;BARCELONA;320;61;0;;19;20.75087719;6.01284153;;7;50.25238095;9.596174863;;12;53.39259259;7;2;14.28571429;14.28571429;14.28571429;42.85714286;14.28571429;0.0
2019-05;National;MARSEILLE ST CHARLES;LYON PART DIEU;101;377;15;;200;1.896083333;0.886325967;;47;24.51985816;5.163535912;;29;32.1862069;10;2;23.40425532;12.76595745;29.78723404;21.27659574;10.63829787;2.127659574
2019-05;International;FRANCFORT;PARIS EST;214;180;4;;135;3.195555556;2.369602273;;17;35.49117647;5.426041667;;17;35.49117647;9;1;11.76470588;23.52941176;23.52941176;23.52941176;17.64705882;0.0
2019-05;International;GENEVE;PARIS LYON;170;225;0;;199;4.093969849;3.520888889;;26;34.86538462;4.538148148;;26;45.14933333;15;4;41.66666667;16.66666667;29.16666667;8.333333333;0.0;4.166666667
2019-05;International;ITALIE;PARIS LYON;452;61;0;;60;2.425;2.385245902;;7;40.31666667;5.549726776;;7;40.31666667;3;1;14.28571429;28.57142857;28.57142857;14.28571429;14.28571429;0.0
2019-05;National;LA ROCHELLE VILLE;PARIS MONTPARNASSE;165;215;0;;93;1.365949821;0.589612403;;10;25.60833333;2.819922481;;5;38.49666667;2;1;22.22222222;22.22222222;55.55555556;0.0;0.0;0.0
2019-05;National;PARIS MONTPARNASSE;TOURS;72;181;0;;123;1.706233062;0.945303867;;28;9.379761905;2.262707182;;3;25.78333333;1;0;0.0;45.45454545;36.36363636;13.63636364;4.545454545;0.0
2019-05;National;PARIS LYON;AIX EN PROVENCE TGV;183;403;0;;93;5.441397849;0.834367246;;32;47.26302083;4.888957816;Heurt de personnes à Vianges, Heurt animal Cuy, heurt chevreuil Lacour d'arcenay, dérangement Yerres, disjonction cluny, Fort impact sur LN1 tronçon central;30;49.58166667;16;7;38.70967742;16.12903226;19.35483871;22.58064516;3.225806452;0.0
2019-05;National;BREST;PARIS MONTPARNASSE;226;275;4;;141;68.15898345;35.46193112;;13;33.58974359;3.031365314;;13;33.58974359;3;1;50.0;16.66666667;8.333333333;25.0;0.0;0.0
2019-05;National;PARIS LYON;LE CREUSOT MONTCEAU MONTCHANIN;80;199;0;;55;9.113030303;2.100502513;;20;27.20583333;2.472026801;;11;41.55454545;6;2;40.0;20.0;10.0;15.0;15.0;0.0
2019-05;National;VANNES;PARIS MONTPARNASSE;155;269;13;;164;5.550813008;3.555989583;;17;31.60294118;2.977734375;;6;68.03888889;3;2;40.0;26.66666667;13.33333333;6.666666667;6.666666667;6.666666667
2019-05;National;ANNECY;PARIS LYON;230;142;3;;6;7.072222222;0.304796163;;11;42.45757576;3.967625899;Heurt de personnes à Vianges, Heurt animal Cuy, heurt chevreuil Lacour d'arcenay, dérangement Yerres, disjonction cluny, Fort impact sur LN1 tronçon central;11;42.45757576;4;3;40.0;20.0;20.0;10.0;10.0;0.0
2019-05;National;PARIS LYON;CHAMBERY CHALLES LES EAUX;181;139;0;;35;4.04047619;0.548081535;;16;31.77291667;5.512829736;;14;34.42857143;7;1;25.0;31.25;37.5;6.25;0.0;0.0
2019-05;International;PARIS EST;FRANCFORT;192;175;0;;102;4.901143791;2.690095238;;21;40.01111111;7.673904762;;19;43.00877193;10;2;5.882352941;17.64705882;41.17647059;35.29411765;0.0;0.0
2019-05;National;PARIS LYON;GRENOBLE;186;223;0;;62;7.651075269;1.708669656;;23;43.43478261;6.280269058;Heurt de personnes à Vianges, Heurt animal Cuy, heurt chevreuil Lacour d'arcenay, dérangement Yerres, disjonction cluny, Fort impact sur LN1 tronçon central;23;43.43478261;10;5;30.43478261;21.73913043;13.04347826;26.08695652;8.695652174;0.0
2019-05;National;LYON PART DIEU;MARSEILLE ST CHARLES;104;403;8;;294;6.206292517;4.565822785;;79;26.87616034;6.473586498;;56;33.0702381;26;5;20.51282051;20.51282051;39.74358974;10.25641026;3.846153846;5.128205128
2019-05;International;LAUSANNE;PARIS LYON;206;145;0;;132;2.320454545;2.065057471;;14;37.96785714;4.006666667;;14;37.96785714;6;3;14.28571429;21.42857143;42.85714286;14.28571429;0.0;7.142857143
2019-05;International;MARSEILLE ST CHARLES;MADRID;199;31;0;;25;0.734666667;0.557526882;;2;25.25;2.744086022;;2;22.4;1;0;50.0;0.0;50.0;0.0;0.0;0.0
2019-05;National;PARIS NORD;DUNKERQUE;118;251;0;;149;12.47774049;7.20185923;;25;27.4;2.780876494;;18;33.0;8;1;20.83333333;16.66666667;12.5;20.83333333;25.0;4.166666667
2019-05;National;DUNKERQUE;PARIS NORD;117;239;0;;10;3.9;0.163179916;;13;39.38717949;3.266248257;;10;47.20333333;6;2;40.0;20.0;20.0;10.0;10.0;0.0
2019-05;National;MARSEILLE ST CHARLES;LILLE;283;230;22;;77;3.024025974;0.819871795;;48;39.084375;10.98020833;Hausse de l’irrégularité côté « Réseau externe » par rapport au mois précédent. Il s’agit des conséquences d’accidents de personnes : le 12 à LYD avec 10 Tgv concernés (découverte d’un corps), et le 17 à Sully avec le Tgv 5374 (8 Tgv concernés).Il s’agit aussi d’autres évènements externes: le 20 avec le heurt de chevreuil par 6602 à Lacour (4 Tgv concernés), le 28 avec une divagation de vaches près d’ Arras (6 Tgv concernés), et le 30 avec les conséquences d’un incendie près de MPL (4 tgv concernés);48;39.084375;21;7;37.5;16.66666667;25.0;14.58333333;2.083333333;4.166666667
2019-05;National;ANGERS SAINT LAUD;PARIS MONTPARNASSE;92;444;3;;377;4.032847038;3.430083144;;54;23.90864198;3.013303099;;30;34.80388889;14;5;28.84615385;32.69230769;13.46153846;19.23076923;1.923076923;3.846153846
2019-05;National;PARIS MONTPARNASSE;ST MALO;156;100;0;;72;10.82037037;7.611166667;;9;26.18888889;2.3925;;7;29.85714286;1;1;33.33333333;44.44444444;11.11111111;11.11111111;0.0;0.0
2019-05;National;PARIS EST;METZ;85;318;0;;234;5.655982906;4.10293501;;26;14.76217949;0.450366876;;10;26.35666667;3;0;18.18181818;18.18181818;18.18181818;27.27272727;18.18181818;0.0
2019-05;National;NANTES;PARIS MONTPARNASSE;131;561;5;;248;17.17479839;7.350569544;;56;25.29642857;3.000119904;;35;33.37666667;16;5;30.35714286;26.78571429;21.42857143;17.85714286;1.785714286;1.785714286
2019-05;National;PARIS MONTPARNASSE;POITIERS;93;520;0;;347;5.447358309;3.449166667;;34;16.83627451;1.537724359;;12;30.07361111;3;2;17.64705882;38.23529412;29.41176471;14.70588235;0.0;0.0
2019-05;National;TOULOUSE MATABIAU;PARIS MONTPARNASSE;259;172;3;;59;10.4180791;3.256213018;;11;31.33484848;3.533629191;;11;31.33484848;4;1;18.18181818;9.090909091;18.18181818;36.36363636;9.090909091;9.090909091
2019-05;National;NANCY;PARIS EST;96;295;4;;195;1.456923077;0.9139748;;10;18.03666667;1.632875143;;5;23.54666667;1;0;11.11111111;11.11111111;44.44444444;33.33333333;0.0;0.0
2019-05;National;BORDEAUX ST JEAN;TOURCOING;300;25;0;;9;4.788888889;1.552;;2;22.5;4.52;;2;22.5;0;0;50.0;0.0;0.0;50.0;0.0;0.0
2019-05;National;PARIS LYON;MULHOUSE VILLE;168;308;0;;87;2.244636015;0.33030303;;21;22.7952381;2.3254329;;13;29.34487179;6;0;19.04761905;33.33333333;23.80952381;23.80952381;0.0;0.0
2019-05;National;PARIS LYON;SAINT ETIENNE CHATEAUCREUX;169;114;0;;28;7.339285714;1.288304094;;20;27.05583333;6.125877193;;12;37.41111111;6;3;50.0;15.0;20.0;10.0;0.0;5.0
2019-05;International;PARIS LYON;ZURICH;210;148;0;;48;3.452430556;0.791891892;;28;32.65297619;8.296058559;;26;34.29615385;14;3;11.11111111;37.03703704;29.62962963;18.51851852;0.0;3.703703704
2019-05;National;DOUAI;PARIS NORD;77;208;4;;152;47.73070175;35.52042484;;42;17.48531746;4.328431373;"Une hausse de 0,3 point de l’irrégularité pour causes « Matériel » comparée au mois précédent, avec un Parc qui reste tendu en ce qui concerne  les rames Duplex. Une irrégularité en rapport avec la rubrique « soin engin » directement liée aux pannes, pour ce secteur l’incident du 9874 à Beugnâtre (rame 4529) le 07 mai a concerné 28 Tgv pour 1844 minutes perdues, soit 50% des occurrences pannes techniques,  ensuite la rubrique « produit train » essentiellement liée aux mises à quai tardives à PNO (tension parc) . 
Hausse  sensible de l’irrégularité pour le domaine des Autres Transporteurs par rapport au mois précédent, en dominante le secteur Ter, en exemple l’accident de personne en Gare de PNO avec l’IC 2017 (5 Tgv concernés pour 128 minutes perdues).
En cause externe Voyages un nombre toujours  soutenu de bagages abandonnés à l’arrivée des rames, il s’agit d’une cinquantaine de cas traités par le Cos,  avec 15 TGV touchés pour 407 minutes perdues.";11;44.83181818;5;1;14.70588235;11.76470588;52.94117647;8.823529412;5.882352941;5.882352941
2019-05;National;BELLEGARDE (AIN);PARIS LYON;162;226;0;;186;3.993817204;3.240265487;;27;35.21728395;3.867330383;;25;39.82533333;12;4;40.0;16.0;28.0;12.0;0.0;4.0
2019-05;International;STUTTGART;PARIS EST;183;146;0;;143;3.954428904;3.859474886;;16;28.49479167;4.16609589;;13;32.70384615;5;1;0.0;12.5;50.0;18.75;12.5;6.25
2019-05;National;ANGOULEME;PARIS MONTPARNASSE;124;293;0;;208;2.674919872;1.796530148;;24;22.01319444;2.83589306;;16;26.90416667;3;0;20.83333333;25.0;20.83333333;12.5;4.166666667;16.66666667
2019-05;National;PARIS NORD;DOUAI;69;197;0;;72;11.56782407;3.914720812;;24;26.02222222;2.294585448;;15;36.53888889;6;1;30.43478261;13.04347826;17.39130435;21.73913043;17.39130435;0.0
2019-05;National;PARIS LYON;NICE VILLE;351;171;0;;41;5.120731707;0.739863548;;21;60.65238095;8.885769981;Heurt de personnes à Vianges, Heurt animal Cuy, heurt chevreuil Lacour d'arcenay, dérangement Yerres, disjonction cluny, Fort impact sur LN1 tronçon central;21;60.65238095;15;6;28.57142857;33.33333333;14.28571429;14.28571429;9.523809524;0.0
2019-05;National;PARIS LYON;LYON PART DIEU;119;581;0;;156;7.770299145;1.650344234;;63;33.46216931;3.594406196;;50;40.96564626;24;10;41.26984127;26.98412698;7.936507937;20.63492063;3.174603175;0.0
2019-05;International;PARIS LYON;ITALIE;425;62;0;;16;5.180208333;0.809946237;;3;19.5;-0.427419355;;3;19.5;0;0;33.33333333;33.33333333;0.0;33.33333333;0.0;0.0
2019-05;National;ST MALO;PARIS MONTPARNASSE;158;87;0;;81;1.599794239;1.4651341;;5;43.33333333;3.12835249;"Ce mois ci, la destination a été marquée par les incidents suivants : 
- le 1 : des manifestants gilets jaunes en gare de Brest  (5 TGV impactés pour 122 minutes perdues) et une défaillance matériel en gare de Rennes (5 TGV impactés pour 132 minutes perdues), 
- le 9 : un dérangement d'installation entre Massy et Valenton (16 TGV impactés pour 1041 minutes perdues),
- le 14 : une défaillance matériel d'un TGV sur la Ligne à Grande Vitesse Atlantique (14 TGV impactés pour 285 minutes perdues),
- le 20 : un heurt de chevreuil sur la Ligne à Grande Vitesse Atlantique (17 TGV impactés pour 568 minutes perdues) et un TGV heurte un bélier vers Plouaret (3 TGV impactés pour 75 minutes perdues), 
- le 22 : un défaut d'alimentation électrique entre Rennes et Redon (15 TGV impactés pour 604 minutes perdues), 
- le 23 : une restitution tardive de travaux sur la Ligne à Grande Vitesse Atlantique (34 TGV impactés pour 911 minutes perdues), 
- le 29 : deux bagages abandonnés dans un TGV à Montpellier (3 TGV impactés pour 339 minutes perdues).";2;89.25;1;1;20.0;40.0;0.0;0.0;0.0;40.0
2019-05;National;MARNE LA VALLEE;LYON PART DIEU;111;303;5;;284;4.620598592;4.397259508;;35;23.82;3.547706935;;25;28.746;7;1;29.41176471;8.823529412;23.52941176;17.64705882;11.76470588;8.823529412
2019-05;National;PARIS LYON;NIMES;176;302;4;;89;9.690262172;2.490100671;;40;33.33333333;4.927572707;;21;52.06825397;12;5;27.5;15.0;30.0;27.5;0.0;0.0
2019-05;National;PARIS LYON;VALENCE ALIXAN TGV;131;310;4;;90;7.701666667;1.863834423;;38;29.25789474;3.955827887;;20;44.1675;11;4;24.32432432;18.91891892;27.02702703;24.32432432;5.405405405;0.0
2019-05;National;PARIS MONTPARNASSE;ANGOULEME;127;295;0;;196;5.480867347;3.44819209;;16;24.096875;1.82920904;;6;44.84722222;4;3;20.0;40.0;13.33333333;6.666666667;0.0;20.0
2019-05;National;BORDEAUX ST JEAN;PARIS MONTPARNASSE;143;858;12;;277;3.332490975;0.825059102;;51;22.27254902;2.346237195;;33;28.06969697;8;1;16.32653061;26.53061224;22.44897959;18.36734694;8.163265306;8.163265306
2019-05;National;PARIS MONTPARNASSE;VANNES;152;236;0;;159;10.40209644;6.794420904;;26;35.92307692;4.824152542;;20;43.1;11;3;26.92307692;30.76923077;11.53846154;19.23076923;0.0;11.53846154
2019-05;National;TOURCOING;BORDEAUX ST JEAN;289;28;0;;7;1.076190476;0.269047619;;2;22.225;1.072619048;;2;22.225;0;0;0.0;100.0;0.0;0.0;0.0;0.0
2019-05;National;VALENCE ALIXAN TGV;PARIS LYON;133;320;4;;263;6.699112801;5.537394515;;52;39.06570513;5.614398734;;40;47.1325;16;9;40.0;20.0;22.0;16.0;0.0;2.0
2019-05;National;REIMS;PARIS EST;46;203;4;;125;1.132933333;0.651758794;;21;10.72539683;1.826884422;;5;21.39333333;0;0;5.555555556;33.33333333;22.22222222;38.88888889;0.0;0.0
2019-05;National;PARIS NORD;LILLE;64;598;6;;464;7.52266523;5.813063063;;97;19.75223368;3.357150901;;39;36.27264957;16;7;23.59550562;17.97752809;24.71910112;16.85393258;12.35955056;4.494382022
2019-05;National;PARIS LYON;MACON LOCHE;96;199;0;;62;6.484408602;1.647487437;;16;33.071875;3.0319933;;12;39.74444444;7;1;37.5;12.5;6.25;37.5;6.25;0.0
2019-05;National;PARIS LYON;BESANCON FRANCHE COMTE TGV;129;202;0;;47;1.30212766;-0.021039604;;16;20.3375;2.044389439;;10;25.78;3;0;33.33333333;26.66666667;13.33333333;20.0;6.666666667;0.0
2019-05;National;LILLE;MARSEILLE ST CHARLES;298;199;0;;96;4.296180556;1.813232831;;24;42.14166667;6.835678392;;24;42.14166667;14;4;29.16666667;8.333333333;16.66666667;33.33333333;8.333333333;4.166666667
2019-05;International;PARIS LYON;GENEVE;170;203;0;;53;4.436477987;0.780706076;;28;24.85297619;5.959852217;;22;35.86;9;1;44.0;32.0;8.0;8.0;8.0;0.0
2019-05;National;PARIS MONTPARNASSE;LAVAL;81;243;0;;165;5.497777778;3.546227709;;30;14.59777778;2.516323731;;10;28.10666667;2;1;17.85714286;46.42857143;14.28571429;14.28571429;0.0;7.142857143
2019-05;National;POITIERS;PARIS MONTPARNASSE;95;428;0;;214;20.10537383;9.812344237;;47;17.03652482;2.608099688;;18;30.20833333;4;2;13.63636364;36.36363636;20.45454545;15.90909091;4.545454545;9.090909091
2019-05;National;LE CREUSOT MONTCEAU MONTCHANIN;PARIS LYON;81;230;15;;165;6.223737374;4.708139535;;33;23.41262626;2.988294574;;16;39.4625;7;3;33.33333333;16.66666667;26.66666667;10.0;3.333333333;10.0
2019-05;National;PARIS MONTPARNASSE;RENNES;98;638;0;;439;7.162224753;4.739864159;;43;21.40542636;1.651671891;;24;31.22986111;7;3;23.80952381;35.71428571;26.19047619;14.28571429;0.0;0.0
2019-05;National;ST PIERRE DES CORPS;PARIS MONTPARNASSE;61;430;0;;352;2.637784091;2.130775194;;54;15.43765432;2.333062016;;19;28.95438596;5;2;12.0;32.0;32.0;12.0;2.0;10.0
2019-05;National;PARIS LYON;ANNECY;225;146;0;;48;4.575347222;1.161986301;;15;41.66666667;6.054794521;Heurt de personnes à Vianges, Heurt animal Cuy, heurt chevreuil Lacour d'arcenay, dérangement Yerres, disjonction cluny, Fort impact sur LN1 tronçon central;15;41.66666667;9;2;20.0;26.66666667;33.33333333;20.0;0.0;0.0
2019-05;National;SAINT ETIENNE CHATEAUCREUX;PARIS LYON;168;119;6;;39;148.767094;50.93215339;;12;64.6;7.482153392;Heurt de personnes à Vianges, Heurt animal Cuy, heurt chevreuil Lacour d'arcenay, dérangement Yerres, disjonction cluny, Fort impact sur LN1 tronçon central;11;69.19242424;7;6;58.33333333;8.333333333;8.333333333;16.66666667;8.333333333;0.0
2019-05;International;MADRID;MARSEILLE ST CHARLES;191;31;0;;14;4.089285714;1.12688172;;3;38.97222222;7.298387097;;3;38.97222222;2;0;33.33333333;66.66666667;0.0;0.0;0.0;0.0
2019-05;International;BARCELONA;PARIS LYON;328;61;0;;21;4.119047619;-0.219125683;;7;43.70238095;10.7557377;;13;64.30151515;5;3;42.85714286;14.28571429;14.28571429;28.57142857;0.0;0.0
2019-05;National;QUIMPER;PARIS MONTPARNASSE;222;259;13;;158;103.5244726;66.49132791;;6;44.76111111;2.387398374;"Ce mois ci, la destination a été marquée par les incidents suivants : 
- le 1 : une défaillance matériel en gare de Rennes (5 TGV impactés pour 132 minutes perdues), 
- le 8 : un accident de personne vers Hennebont (4 TGV impactés pour 419 minutes perdues), 
- le 9 : un dérangement d'installation entre Massy et Valenton (16 TGV impactés pour 1041 minutes perdues),
- le 14 : une défaillance matériel d'un TGV sur la Ligne à Grande Vitesse Atlantique (14 TGV impactés pour 285 minutes perdues),
- le 20 : un heurt de chevreuil sur la Ligne à Grande Vitesse Atlantique (17 TGV impactés pour 568 minutes perdues), 
- le 22 : un défaut d'alimentation électrique entre Rennes et Redon (15 TGV impactés pour 604 minutes perdues), 
- le 23 : une restitution tardive de travaux sur la Ligne à Grande Vitesse Atlantique (34 TGV impactés pour 911 minutes perdues),";6;44.76111111;2;1;80.0;0.0;0.0;20.0;0.0;0.0
2019-05;National;RENNES;PARIS MONTPARNASSE;99;619;17;;368;13.59737319;8.212292359;;66;17.55479798;2.517026578;;19;38.61754386;5;2;24.56140351;28.07017544;17.54385965;15.78947368;3.50877193;10.52631579
2019-05;National;PARIS LYON;MARSEILLE ST CHARLES;196;537;0;;126;5.433068783;0.827591558;;36;42.59166667;4.132122905;Heurt de personnes à Vianges, Heurt animal Cuy, heurt chevreuil Lacour d'arcenay, dérangement Yerres, disjonction cluny, Fort impact sur LN1 tronçon central;36;42.59166667;17;7;23.52941176;29.41176471;14.70588235;32.35294118;0.0;0.0
2019-06;National;METZ;PARIS EST;86;305;0;;234;4.65997151;3.53557377;;68;23.43970588;6.161693989;"Plusieurs retards sur autre réseau (6 trains impactés).
Impact accident de personne le 20 et 27, 7 min de retard pour le 2865 et 32 minutes pour le 2855.
Plusieurs dérangements d’installations : décontrôle d’aiguille le 02 à Colmar et le 07 à Beuvardes, KVB en panne sol à Noisy le 11, isolement connecteur moteur d’aiguille le 19 à Metz Nord et déclenchement alerte radio sur 2855 à Novéant, pb C4 qui reste fermé après la desserte Metz Nord sur 2680 (111 minutes).
3 attentes exécution du service voyageur pour 7 min de retard à chaque fois.
Des personnes en état d’ébriété descendent sur les voies le 10 qui retarde le 2877 de 22 minutes ainsi qu’un raté d’ouverture PN qui retarde le 2680 de 11 minutes. 
Absence de signalisation le 24 à Woippy sur le 2855 pour 16 minutes.";27;45.8845679;15;4;18.51851852;16.66666667;44.44444444;14.81481481;1.851851852;3.703703704
2019-06;National;DOUAI;PARIS NORD;77;203;9;;164;62.27672764;52.62036082;;38;14.43289474;3.574914089;;12;27.57638889;3;0;2.777777778;25.0;44.44444444;5.555555556;19.44444444;2.777777778
2019-06;National;PARIS EST;STRASBOURG;116;501;0;;377;4.953801945;3.664737192;;41;36.02723577;3.1999002;;29;45.72413793;15;7;17.94871795;15.38461538;10.25641026;28.20512821;25.64102564;2.564102564
2019-06;International;FRANCFORT;PARIS EST;227;162;5;;115;4.096521739;2.817834395;;25;33.31666667;7.867409766;;25;33.50705128;10;2;20.0;0.0;28.0;28.0;20.0;4.0
2019-06;National;PARIS MONTPARNASSE;LE MANS;59;452;5;;326;10.47382413;7.513907532;;96;17.05572917;4.151304996;"Ce mois ci, la destination a été marquée par les incidents suivants : 
- le 7 : sur l'ensemble des régions les conséquences du passage de la tempête Miguel (arbres sur les voies, limitations de vitesse...) (110 TGV impactés pour 10230 minutes perdues), 
- le 9 : un bagage oublié dans un TGV nécessite un arrêt exceptionnel à Massy TGV (11 TGV impactés pour 316 minutes perdues),
- le 10 : un accident de personne sur un Intercités vers Le Mans (18 TGV impactés pour 581 minutes perdues),
- le 11 : un incident éléctrique vers Vendôme sur la Ligne à Grande Vitesse Atlantique perturbe l'ensemble des circulations TGV (127 TGV impactés pour 11356 minutes perdues), 
- le 12 : un dérangement d'installation sur la Ligne à Grande Vitesse Atlantique (39 TGV impactés pour 1164 minutes perdues), 
- le 13 : une panne d'un OUIGO à la sortie de Paris-Montparnasse  (20 TGV impactés pour 309 minutes perdues), 
- le 14 : un heurt de cerf sur la Ligne à Grande Vitesse Atlantique (17 TGV impactés pour 630 minutes perdues), 
- le 15 : une absence d'alimentation électrique vers Ancenis (11 TGV impactés pour 973 minutes perdues), 
- le 16 : présence d'une personne aux abords des voies sur la Ligne à Grande Vitesse Atlantique (34 TGV impactés pour 1337 minutes perdues),
- le 21 : une panne d'un TGV sur la Ligne à Grande Vitesse Atlantique (17 TGV impactés pour 177 minutes perdues), 
- le 25 : une restitution tardive de travaux entre Couëron et Chantenay (6 TGV impactés pour 308 minutes perdues), 
 - le 28 :le heurt d'un chevreuil sur la Ligne à Grande Vitesse Atlantique (51 TGV impactés pour  2160 minutes perdues) et  une absence d'alimentation électrique entre Rennes et La Brohinière  (9 TGV impactés pour 1166 minutes perdues).";28;38.9672619;14;6;15.47619048;16.66666667;46.42857143;16.66666667;3.571428571;1.19047619
2019-06;National;PARIS NORD;DOUAI;67;191;0;;79;20.99936709;8.39973822;;37;22.29054054;3.669720768;;20;32.59416667;10;1;16.21621622;16.21621622;13.51351351;35.13513514;13.51351351;5.405405405
2019-06;National;PARIS LYON;DIJON VILLE;95;439;0;;145;11.08712644;3.359187547;;53;37.20691824;4.615451784;;41;44.57845528;19;10;20.75471698;15.09433962;22.64150943;35.8490566;5.660377358;0.0
2019-06;International;BARCELONA;PARIS LYON;324;91;0;;27;3.598148148;-0.16959707;;23;46.17708333;20.85347985;;23;96.60666667;18;8;50.0;18.75;18.75;6.25;6.25;0.0
2019-06;National;PARIS EST;METZ;85;317;0;;241;5.695089903;4.278338591;;31;22.1688172;1.950105152;;9;54.34074074;6;3;17.24137931;24.13793103;24.13793103;17.24137931;13.79310345;3.448275862
2019-06;National;PARIS MONTPARNASSE;TOURS;79;176;4;;131;9.480025445;7.05494186;;39;26.54529915;6.775968992;"Ce mois ci, la destination a été marquée par les incidents suivants : 
- le 7 : sur l'ensemble des régions les conséquences du passage de la tempête Miguel (arbres sur les voies, limitations de vitesse...) (110 TGV impactés pour 10230 minutes perdues), 
- le 9 : un bagage oublié dans un TGV nécessite un arrêt exceptionnel à Massy TGV (11 TGV impactés pour 316 minutes perdues),
- le 10 : un bagage oublié en gare de Bordeaux (23 TGV impactés pour 967 minutes perdues),
- le 11 : un incident éléctrique vers Vendôme sur la Ligne à Grande Vitesse Atlantique perturbe l'ensemble des circulations TGV (127 TGV impactés pour 11356 minutes perdues) et un heurt de  chevreuil sur la Ligne à Grande Vitesse Atlantique (8 TGV impactés pour 431 minutes perdues),
- le 12 : un dérangement d'installation sur la Ligne à Grande Vitesse Atlantique (39 TGV impactés pour 1164 minutes perdues), 
- le 13 : une panne d'un OUIGO à la sortie de Paris-Montparnasse  (20 TGV impactés pour 309 minutes perdues), 
- le 14 : un heurt de cerf sur la Ligne à Grande Vitesse Atlantique (17 TGV impactés pour 630 minutes perdues), 
- le 16 : présence d'une personne aux abords des voies sur la Ligne à Grande Vitesse Atlantique (34 TGV impactés pour 1337 minutes perdues),
- le 21 : une panne d'un TGV sur la Ligne à Grande Vitesse Atlantique (17 TGV impactés pour 177 minutes perdues), 
- le 25 : une incendie aux abords des voies vers Monts (14 TGV impactés pour  655 minutes perdues), 
- le 26 : un dérangement d'installation vers St-Pierre-des-Corps dû aux fortes chaleurs (27 TGV impactés pour 450 minutes perdues),
- le 27 : un incident électrique au nord de St-Pierre-des-Corps (16 TGV pour 459 minutes perdues),
- le 28 : le heurt d'un chevreuil sur la Ligne à Grande Vitesse Atlantique (51 TGV impactés pour  2160 minutes perdues).";17;49.69607843;6;4;16.21621622;24.32432432;35.13513514;18.91891892;5.405405405;0.0
2019-06;National;BESANCON FRANCHE COMTE TGV;PARIS LYON;131;196;3;;134;2.889552239;1.834887737;;17;51.1245098;4.486960276;Heurt d'une personne à Paris Bercy, demande de secours ECR à Dijon, heurt de personne à Maisons Alfort;14;59.16547619;10;4;29.41176471;17.64705882;29.41176471;11.76470588;11.76470588;0.0
2019-06;National;PARIS MONTPARNASSE;ANGERS SAINT LAUD;95;425;2;;319;12.87413793;9.591174153;;89;22.30355805;5.629669031;"Ce mois ci, la destination a été marquée par les incidents suivants : 
- le 7 : sur l'ensemble des régions les conséquences du passage de la tempête Miguel (arbres sur les voies, limitations de vitesse...) (110 TGV impactés pour 10230 minutes perdues), 
- le 9 : un bagage oublié dans un TGV nécessite un arrêt exceptionnel à Massy TGV (11 TGV impactés pour 316 minutes perdues),
- le 10 : un accident de personne sur un Intercités vers Le Mans (18 TGV impactés pour 581 minutes perdues),
- le 11 : un incident éléctrique vers Vendôme sur la Ligne à Grande Vitesse Atlantique perturbe l'ensemble des circulations TGV (127 TGV impactés pour 11356 minutes perdues), 
- le 12 : un dérangement d'installation sur la Ligne à Grande Vitesse Atlantique (39 TGV impactés pour 1164 minutes perdues), 
- le 13 : une panne d'un OUIGO à la sortie de Paris-Montparnasse  (20 TGV impactés pour 309 minutes perdues), 
- le 14 : un heurt de cerf sur la Ligne à Grande Vitesse Atlantique (17 TGV impactés pour 630 minutes perdues), 
- le 15 : une absence d'alimentation électrique vers Ancenis (11 TGV impactés pour 973 minutes perdues), 
- le 16 : présence d'une personne aux abords des voies sur la Ligne à Grande Vitesse Atlantique (34 TGV impactés pour 1337 minutes perdues),
- le 21 : une panne d'un TGV sur la Ligne à Grande Vitesse Atlantique (17 TGV impactés pour 177 minutes perdues), 
- le 25 : une restitution tardive de travaux entre Couëron et Chantenay (6 TGV impactés pour 308 minutes perdues), 
- le 28 : un dérangement d'installation à Conerré (près du Mans) ( 30 TGV impactés pour 1275 minutes perdues) et un heurt de chevreuil sur la Ligne à Grande Vitesse Atlantique ( 51 TGV impactés pour 2160 minutes perdues).";47;33.47092199;18;4;19.04761905;27.38095238;30.95238095;17.85714286;2.380952381;2.380952381
2019-06;National;ANGOULEME;PARIS MONTPARNASSE;130;283;0;;230;9.94173913;8.006654888;;67;46.27761194;12.44658422;"Ce mois ci, la destination a été marquée par les incidents suivants : 
- le 7 : sur l'ensemble des régions les conséquences du passage de la tempête Miguel (arbres sur les voies, limitations de vitesse...) (110 TGV impactés pour 10230 minutes perdues), 
- le 9 : un bagage oublié dans un TGV nécessite un arrêt exceptionnel à Massy TGV (11 TGV impactés pour 316 minutes perdues),
- le 10 : un bagage oublié en gare de Bordeaux (23 TGV impactés pour 967 minutes perdues),
- le 11 : un incident éléctrique vers Vendôme sur la Ligne à Grande Vitesse Atlantique perturbe l'ensemble des circulations TGV (127 TGV impactés pour 11356 minutes perdues) et un heurt de  chevreuil sur la Ligne à Grande Vitesse Atlantique (8 TGV impactés pour 431 minutes perdues),
- le 12 : un dérangement d'installation sur la Ligne à Grande Vitesse Atlantique (39 TGV impactés pour 1164 minutes perdues), 
- le 13 : une panne d'un OUIGO à la sortie de Paris-Montparnasse  (20 TGV impactés pour 309 minutes perdues), 
- le 14 : un heurt de cerf sur la Ligne à Grande Vitesse Atlantique (17 TGV impactés pour 630 minutes perdues), 
- le 16 : présence d'une personne aux abords des voies sur la Ligne à Grande Vitesse Atlantique (34 TGV impactés pour 1337 minutes perdues),
- le 21 : une panne d'un TGV sur la Ligne à Grande Vitesse Atlantique (17 TGV impactés pour 177 minutes perdues), 
- le 25 : une incendie aux abords des voies vers Monts (14 TGV impactés pour  655 minutes perdues), 
- le 26 : un dérangement d'installation vers St-Pierre-des-Corps dû aux fortes chaleurs (27 TGV impactés pour 450 minutes perdues),
- le 27 : un incident électrique au nord de St-Pierre-des-Corps (16 TGV pour 459 minutes perdues),
- le 28 : le heurt d'un chevreuil sur la Ligne à Grande Vitesse Atlantique (51 TGV impactés pour  2160 minutes perdues).";47;60.76241135;23;11;11.66666667;46.66666667;21.66666667;11.66666667;1.666666667;6.666666667
2019-06;National;LAVAL;PARIS MONTPARNASSE;89;227;12;;134;3.649253731;2.138217054;;37;30.36126126;6.122635659;;21;46.34365079;9;6;22.85714286;28.57142857;28.57142857;20.0;0.0;0.0
2019-06;National;MARNE LA VALLEE;MARSEILLE ST CHARLES;214;254;0;;221;9.30678733;8.075262467;;40;43.69083333;9.04855643;Heurt d'une personne à Paris Bercy, limitation vitesse 6909 sur LN1, dérangement vers Montanay accès LN1, heurt de personne à Maisons Alfort, Dérangement d'installation vers Macon;40;43.69083333;24;8;25.0;7.5;17.5;32.5;12.5;5.0
2019-06;National;PARIS LYON;BELLEGARDE (AIN);164;204;0;;67;7.126865672;2.03120915;;34;29.87107843;6.399754902;;25;36.462;9;4;20.58823529;32.35294118;29.41176471;8.823529412;5.882352941;2.941176471
2019-06;National;SAINT ETIENNE CHATEAUCREUX;PARIS LYON;168;117;7;;50;153.9116667;69.58878788;;18;28.83425926;5.622727273;;12;36.95;4;2;16.66666667;33.33333333;22.22222222;16.66666667;5.555555556;5.555555556
2019-06;National;PARIS EST;NANCY;97;277;0;;207;4.433091787;3.250661853;;24;36.975;4.49566787;;15;51.53555556;10;4;21.73913043;21.73913043;8.695652174;34.7826087;13.04347826;0.0
2019-06;National;PARIS LYON;VALENCE ALIXAN TGV;131;292;0;;112;12.5671131;4.497146119;;31;51.87634409;5.97283105;Heurt d'une personne à Paris Bercy, limitation vitesse 6909 sur LN1, dérangement vers Montanay accès LN1, heurt de personne à Maisons Alfort, Dérangement d'installation vers Macon;27;57.66049383;12;8;10.0;30.0;10.0;43.33333333;6.666666667;0.0
2019-06;National;BORDEAUX ST JEAN;PARIS MONTPARNASSE;148;960;127;;409;12.85118174;5.955762305;;167;55.11227545;13.03135254;"Ce mois ci, la destination a été marquée par les incidents suivants : 
- le 7 : sur l'ensemble des régions les conséquences du passage de la tempête Miguel (arbres sur les voies, limitations de vitesse...) (110 TGV impactés pour 10230 minutes perdues), 
- le 9 : un bagage oublié dans un TGV nécessite un arrêt exceptionnel à Massy TGV (11 TGV impactés pour 316 minutes perdues),
- le 10 : un bagage oublié en gare de Bordeaux (23 TGV impactés pour 967 minutes perdues),
- le 11 : un incident éléctrique vers Vendôme sur la Ligne à Grande Vitesse Atlantique perturbe l'ensemble des circulations TGV (127 TGV impactés pour 11356 minutes perdues) et un heurt de  chevreuil sur la Ligne à Grande Vitesse Atlantique (8 TGV impactés pour 431 minutes perdues),
- le 12 : un dérangement d'installation sur la Ligne à Grande Vitesse Atlantique (39 TGV impactés pour 1164 minutes perdues), 
- le 13 : une panne d'un OUIGO à la sortie de Paris-Montparnasse  (20 TGV impactés pour 309 minutes perdues), 
- le 14 : un heurt de cerf sur la Ligne à Grande Vitesse Atlantique (17 TGV impactés pour 630 minutes perdues), 
- le 16 : présence d'une personne aux abords des voies sur la Ligne à Grande Vitesse Atlantique (34 TGV impactés pour 1337 minutes perdues),
- le 21 : une panne d'un TGV sur la Ligne à Grande Vitesse Atlantique (17 TGV impactés pour 177 minutes perdues), 
- le 25 : une incendie aux abords des voies vers Monts (14 TGV impactés pour  655 minutes perdues), 
- le 26 : un dérangement d'installation vers St-Pierre-des-Corps dû aux fortes chaleurs (27 TGV impactés pour 450 minutes perdues),
- le 27 : un incident électrique au nord de St-Pierre-des-Corps (16 TGV pour 459 minutes perdues),
- le 28 : le heurt d'un chevreuil sur la Ligne à Grande Vitesse Atlantique (51 TGV impactés pour  2160 minutes perdues).";144;65.32174941;80;37;25.78616352;37.73584906;18.23899371;11.32075472;3.144654088;3.773584906
2019-06;National;RENNES;LYON PART DIEU;257;102;0;;85;3.430196078;1.71503268;;16;45.478125;7.819444444;"Ce mois ci, la destination a été marquée par les incidents suivants : 
- le 4 : un dérangement d'installation sur la Ligne à Grande Vitesse Sud-Est perturbe la circulation des TGV province-province (28 TGV impactés pour 756 minutes perdues), 
- le 7 : sur l'ensemble des régions les conséquences du passage de la tempête Miguel (arbres sur les voies, limitations de vitesse...) (110 TGV impactés pour 10230 minutes perdues), 
- le 9 : un bagage oublié dans un TGV nécessite un arrêt exceptionnel à Massy TGV (11 TGV impactés pour 316 minutes perdues),
- le 10 : un accident de personne sur un Intercités vers Le Mans (18 TGV impactés pour 581 minutes perdues),
- le 11 : un incident éléctrique vers Vendôme sur la Ligne à Grande Vitesse Atlantique perturbe l'ensemble des circulations TGV (127 TGV impactés pour 11356 minutes perdues), 
- le 12 : un dérangement d'installation sur la Ligne à Grande Vitesse Atlantique (39 TGV impactés pour 1164 minutes perdues), 
- le 13 : une panne d'un OUIGO à la sortie de Paris-Montparnasse  (20 TGV impactés pour 309 minutes perdues), 
- le 14 : un heurt de cerf sur la Ligne à Grande Vitesse Atlantique (17 TGV impactés pour 630 minutes perdues), 
- le 16 : la présence d'une personne aux abords des voies sur la Ligne à Grande Vitesse Atlantique (34 TGV impactés pour 1337 minutes perdues),
- le 21 : une panne d'un TGV sur la Ligne à Grande Vitesse Atlantique (17 TGV impactés pour 177 minutes perdues), 
- le 28 :  le heurt d'un chevreuil sur la Ligne à Grande Vitesse Atlantique (51 TGV impactés pour  2160 minutes perdues) et  une absence d'alimentation électrique entre Rennes et La Brohinière  (9 TGV impactés pour 1166 minutes perdues).";16;45.478125;10;3;37.5;25.0;25.0;6.25;0.0;6.25
2019-06;National;PARIS MONTPARNASSE;QUIMPER;226;255;5;;178;13.80234082;9.646266667;;33;40.10606061;6.65;"Ce mois ci, la destination a été marquée par les incidents suivants : 
- le 7 : sur l'ensemble des régions les conséquences du passage de la tempête Miguel (arbres sur les voies, limitations de vitesse...) (110 TGV impactés pour 10230 minutes perdues), 
- le 9 : un bagage oublié dans un TGV nécessite un arrêt exceptionnel à Massy TGV (11 TGV impactés pour 316 minutes perdues),
- le 10 : un accident de personne sur un Intercités vers Le Mans (18 TGV impactés pour 581 minutes perdues),
- le 11 : un incident éléctrique vers Vendôme sur la Ligne à Grande Vitesse Atlantique perturbe l'ensemble des circulations TGV (127 TGV impactés pour 11356 minutes perdues), 
- le 12 : un dérangement d'installation sur la Ligne à Grande Vitesse Atlantique (39 TGV impactés pour 1164 minutes perdues), 
- le 13 : une panne d'un OUIGO à la sortie de Paris-Montparnasse  (20 TGV impactés pour 309 minutes perdues), 
- le 14 : un heurt de cerf sur la Ligne à Grande Vitesse Atlantique (17 TGV impactés pour 630 minutes perdues), 
- le 16 : la présence d'une personne aux abords des voies sur la Ligne à Grande Vitesse Atlantique (34 TGV impactés pour 1337 minutes perdues),
- le 21 : une panne d'un TGV sur la Ligne à Grande Vitesse Atlantique (17 TGV impactés pour 177 minutes perdues), 
- le 28 :  le heurt d'un chevreuil sur la Ligne à Grande Vitesse Atlantique (51 TGV impactés pour  2160 minutes perdues) et  une absence d'alimentation électrique entre Rennes et La Brohinière  (9 TGV impactés pour 1166 minutes perdues).";33;40.10606061;17;5;28.125;15.625;6.25;40.625;6.25;3.125
2019-06;National;PARIS LYON;MARSEILLE ST CHARLES;197;538;0;;169;11.5566075;3.257125155;;53;43.27484277;6.027106568;Heurt d'une personne à Paris Bercy, limitation vitesse 6909 sur LN1, dérangement vers Montanay accès LN1, heurt de personne à Maisons Alfort, Dérangement d'installation vers Macon;53;43.27484277;25;10;23.07692308;30.76923077;19.23076923;19.23076923;7.692307692;0.0
2019-06;National;PARIS LYON;NIMES;176;322;0;;116;14.37658046;4.849327122;;45;57.49259259;8.84073499;Arrachement caténaire à Montpellier, Heurt d'une personne à Paris Bercy,, limitation vitesse 6909 sur LN1, dérangement vers Montanay accès LN1, heurt de personne à Maisons Alfort, Dérangement d'installation vers Macon;32;75.8875;17;14;13.95348837;27.90697674;13.95348837;32.55813953;9.302325581;2.325581395
2019-06;International;ZURICH;PARIS LYON;233;144;0;;144;2.97650463;2.97650463;;16;68.73020833;7.649884259;;16;68.73020833;11;7;25.0;31.25;25.0;18.75;0.0;0.0
2019-06;National;NANTES;STRASBOURG;302;58;0;;43;22.10581395;16.3158046;;12;32.47916667;7.845689655;"Perte d’alimentation électrique le 04 à Yerre impactant le 5478 (26’) + disjonction le 11 à St Cyr impactant 5480 et 5478.
Ralentissement forfaitaires : LTV 40 entre Nantes et Angers, LTV à Ecouflant le 28 impactant 5478.
Isolement bogie à Nantes le 04 retardant 5478 (26 minutes) + pb sonnerie en voiture 4 rame 703 sur 5480 le 23 (15 minutes)
Colis suspect à CDG le 22 pour 37 minutes de retard (5478), Heurts d’animaux le 14 et 28 impactant 5478 (75 et 13 minutes)
Restitution tardive de travaux le 25 à Chantenay retardant le 5478 (29 minutes)";12;32.47916667;6;1;41.66666667;16.66666667;16.66666667;16.66666667;0.0;8.333333333
2019-06;National;MONTPELLIER;PARIS LYON;207;336;0;;287;8.87514518;7.527728175;;53;67.55251572;10.33928571;Arrachement caténaire à Montpellier, Heurt d'une personne à Paris Bercy,, limitation vitesse 6909 sur LN1, dérangement vers Montanay accès LN1, heurt de personne à Maisons Alfort, Dérangement d'installation vers Macon;53;67.55251572;28;14;32.0754717;26.41509434;15.09433962;15.09433962;9.433962264;1.886792453
2019-06;International;PARIS LYON;BARCELONA;313;92;0;;35;21.08952381;7.701086957;;14;93.35357143;22.4932971;;14;111.4264706;14;9;0.0;35.71428571;14.28571429;35.71428571;14.28571429;0.0
2019-06;National;VANNES;PARIS MONTPARNASSE;160;261;11;;154;3.267316017;2.012666667;;32;31.23177083;5.183466667;;17;48.08431373;10;6;24.13793103;37.93103448;17.24137931;17.24137931;0.0;3.448275862
2019-06;National;PARIS EST;REIMS;46;213;4;;177;5.763841808;4.83460925;;33;25.79343434;4.540909091;;11;61.20454545;6;5;20.68965517;24.13793103;13.79310345;17.24137931;17.24137931;6.896551724
2019-06;National;PARIS LYON;LYON PART DIEU;119;569;0;;182;9.119230769;2.518248389;;52;33.82660256;3.411277094;;38;49.64369369;21;10;20.0;34.0;18.0;28.0;0.0;0.0
2019-06;National;LYON PART DIEU;MONTPELLIER;114;228;21;;162;8.211625514;6.375040258;;43;35.83333333;7.792109501;;30;46.21111111;14;6;18.60465116;13.95348837;18.60465116;16.27906977;16.27906977;16.27906977
2019-06;International;MARSEILLE ST CHARLES;MADRID;193;30;0;;27;16.09506173;14.46611111;;4;109.0958333;14.85444444;;4;109.0958333;3;2;0.0;0.0;25.0;25.0;50.0;0.0
2019-06;National;ANGERS SAINT LAUD;PARIS MONTPARNASSE;97;474;45;;379;6.321503958;5.565540016;;91;32.22619048;7.922261072;"Ce mois ci, la destination a été marquée par les incidents suivants : 
- le 7 : sur l'ensemble des régions les conséquences du passage de la tempête Miguel (arbres sur les voies, limitations de vitesse...) (110 TGV impactés pour 10230 minutes perdues), 
- le 9 : un bagage oublié dans un TGV nécessite un arrêt exceptionnel à Massy TGV (11 TGV impactés pour 316 minutes perdues),
- le 10 : un accident de personne sur un Intercités vers Le Mans (18 TGV impactés pour 581 minutes perdues),
- le 11 : un incident éléctrique vers Vendôme sur la Ligne à Grande Vitesse Atlantique perturbe l'ensemble des circulations TGV (127 TGV impactés pour 11356 minutes perdues), 
- le 12 : un dérangement d'installation sur la Ligne à Grande Vitesse Atlantique (39 TGV impactés pour 1164 minutes perdues), 
- le 13 : une panne d'un OUIGO à la sortie de Paris-Montparnasse  (20 TGV impactés pour 309 minutes perdues), 
- le 14 : un heurt de cerf sur la Ligne à Grande Vitesse Atlantique (17 TGV impactés pour 630 minutes perdues), 
- le 15 : une absence d'alimentation électrique vers Ancenis (11 TGV impactés pour 973 minutes perdues), 
- le 16 : présence d'une personne aux abords des voies sur la Ligne à Grande Vitesse Atlantique (34 TGV impactés pour 1337 minutes perdues),
- le 21 : une panne d'un TGV sur la Ligne à Grande Vitesse Atlantique (17 TGV impactés pour 177 minutes perdues), 
- le 25 : une restitution tardive de travaux entre Couëron et Chantenay (6 TGV impactés pour 308 minutes perdues), 
- le 28 : un dérangement d'installation à Conerré (près du Mans) ( 30 TGV impactés pour 1275 minutes perdues) et un heurt de chevreuil sur la Ligne à Grande Vitesse Atlantique ( 51 TGV impactés pour 2160 minutes perdues).";56;47.9169697;30;16;20.23809524;33.33333333;26.19047619;14.28571429;1.19047619;4.761904762
2019-06;National;PARIS MONTPARNASSE;POITIERS;98;506;0;;374;9.220989305;6.67312253;;89;35.22715356;7.235803689;;52;56.68039216;28;16;21.25;23.75;18.75;25.0;3.75;7.5
2019-06;National;PARIS MONTPARNASSE;ST MALO;160;99;0;;74;10.83085586;7.946464646;;13;39.68333333;5.97003367;;10;48.18333333;5;4;25.0;16.66666667;25.0;33.33333333;0.0;0.0
2019-06;National;LYON PART DIEU;MARNE LA VALLEE;109;313;77;;208;7.035096154;6.177542373;;57;27.7125731;7.518855932;;39;35.15854701;19;5;17.85714286;16.07142857;30.35714286;21.42857143;10.71428571;3.571428571
2019-06;National;PARIS LYON;LE CREUSOT MONTCEAU MONTCHANIN;80;198;0;;61;10.11721311;2.712373737;;19;25.05087719;3.230892256;;9;79.20625;6;5;11.11111111;16.66666667;11.11111111;50.0;11.11111111;0.0
2019-06;National;LE CREUSOT MONTCEAU MONTCHANIN;PARIS LYON;81;218;7;;182;7.009981685;5.997946288;;48;22.57361111;4.88436019;;20;42.1;10;3;15.55555556;24.44444444;24.44444444;4.444444444;13.33333333;17.77777778
2019-06;National;LYON PART DIEU;PARIS LYON;120;625;25;;503;4.214844268;3.505777778;;104;30.98653846;5.969055556;;69;40.55241546;30;13;19.60784314;27.45098039;18.62745098;10.78431373;9.803921569;13.7254902
2019-06;National;MULHOUSE VILLE;PARIS LYON;169;301;0;;234;5.632264957;4.301937984;;34;57.1004902;6.092801772;Heurt d'une personne à Paris Bercy, limitation vitesse 6909 sur LN1, dérangement vers Montanay accès LN1, heurt de personne à Maisons Alfort, Dérangement d'installation vers Macon;29;64.69022989;21;11;27.27272727;24.24242424;27.27272727;12.12121212;6.060606061;3.03030303
2019-06;National;PARIS MONTPARNASSE;NANTES;133;548;2;;403;8.918858561;6.469047619;;104;31.16041667;7.089713065;;77;37.67099567;34;13;15.30612245;28.57142857;29.59183673;22.44897959;3.06122449;1.020408163
2019-06;National;PERPIGNAN;PARIS LYON;303;158;0;;111;5.704054054;3.942510549;;27;59.18518519;9.800843882;Heurt d'une personne à Paris Bercy, limitation vitesse 6909 sur LN1, dérangement vers Montanay accès LN1, heurt de personne à Maisons Alfort, Dérangement d'installation vers Macon;27;59.18518519;18;6;44.44444444;18.51851852;22.22222222;3.703703704;11.11111111;0.0
2019-06;National;PARIS LYON;SAINT ETIENNE CHATEAUCREUX;169;109;0;;35;6.610952381;1.707798165;;12;33.61805556;5.505963303;;8;43.85833333;4;2;27.27272727;36.36363636;9.090909091;27.27272727;0.0;0.0
2019-06;National;MONTPELLIER;LYON PART DIEU;112;238;37;;172;5.948255814;5.055970149;;39;31.31025641;7.802072968;;23;44.87173913;11;5;15.38461538;23.07692308;17.94871795;23.07692308;15.38461538;5.128205128
2019-06;National;NANCY;PARIS EST;98;299;0;;220;4.158333333;3.00328874;;48;24.84513889;5.813210702;;20;42.58;11;2;12.5;43.75;8.333333333;20.83333333;10.41666667;4.166666667
2019-06;National;PARIS LYON;ANNECY;224;147;0;;42;7.881349206;1.907256236;;13;44.0;6.163265306;Heurt d'une personne à Paris Bercy, limitation vitesse 6909 sur LN1, dérangement vers Montanay accès LN1, heurt de personne à Maisons Alfort, Dérangement d'installation vers Macon;13;44.0;5;5;15.38461538;30.76923077;15.38461538;30.76923077;7.692307692;0.0
2019-06;International;PARIS LYON;ITALIE;434;68;0;;30;6.423333333;2.542156863;;15;62.16666667;13.47058824;;15;62.16666667;12;7;6.666666667;26.66666667;20.0;33.33333333;13.33333333;0.0
2019-06;National;BORDEAUX ST JEAN;TOURCOING;300;29;0;;16;21.3375;11.63505747;;4;71.25;12.65517241;;4;71.25;4;2;25.0;25.0;0.0;50.0;0.0;0.0
2019-06;National;PARIS MONTPARNASSE;LAVAL;86;240;5;;175;7.168;5.19893617;;35;25.60333333;4.872695035;;17;41.79509804;8;5;11.76470588;17.64705882;29.41176471;26.47058824;8.823529412;5.882352941
2019-06;National;PARIS MONTPARNASSE;VANNES;156;239;5;;172;14.86172481;10.75897436;;52;32.27884615;8.429487179;"Ce mois ci, la destination a été marquée par les incidents suivants : 
- le 7 : sur l'ensemble des régions les conséquences du passage de la tempête Miguel (arbres sur les voies, limitations de vitesse...) (110 TGV impactés pour 10230 minutes perdues), 
- le 9 : un bagage oublié dans un TGV nécessite un arrêt exceptionnel à Massy TGV (11 TGV impactés pour 316 minutes perdues),
- le 10 : un accident de personne sur un Intercités vers Le Mans (18 TGV impactés pour 581 minutes perdues),
- le 11 : un incident éléctrique vers Vendôme sur la Ligne à Grande Vitesse Atlantique perturbe l'ensemble des circulations TGV (127 TGV impactés pour 11356 minutes perdues), 
- le 12 : un dérangement d'installation sur la Ligne à Grande Vitesse Atlantique (39 TGV impactés pour 1164 minutes perdues), 
- le 13 : une panne d'un OUIGO à la sortie de Paris-Montparnasse  (20 TGV impactés pour 309 minutes perdues), 
- le 14 : un heurt de cerf sur la Ligne à Grande Vitesse Atlantique (17 TGV impactés pour 630 minutes perdues), 
- le 16 : la présence d'une personne aux abords des voies sur la Ligne à Grande Vitesse Atlantique (34 TGV impactés pour 1337 minutes perdues),
- le 21 : une panne d'un TGV sur la Ligne à Grande Vitesse Atlantique (17 TGV impactés pour 177 minutes perdues), 
- le 28 :  le heurt d'un chevreuil sur la Ligne à Grande Vitesse Atlantique (51 TGV impactés pour  2160 minutes perdues) et  une absence d'alimentation électrique entre Rennes et La Brohinière  (9 TGV impactés pour 1166 minutes perdues).";37;40.06756757;20;6;21.56862745;13.7254902;13.7254902;31.37254902;5.882352941;13.7254902
2019-06;National;REIMS;PARIS EST;46;203;0;;127;2.074146982;-0.075369458;;33;15.43888889;3.612397373;;10;31.13166667;3;1;24.0;20.0;32.0;12.0;12.0;0.0
2019-06;National;MACON LOCHE;PARIS LYON;100;191;4;;181;7.346961326;7.107040998;;25;39.40133333;5.932887701;;24;40.45833333;10;4;16.66666667;25.0;16.66666667;12.5;20.83333333;8.333333333
2019-06;National;PARIS MONTPARNASSE;ANGOULEME;132;287;4;;201;10.72454395;7.467314488;;55;46.00818182;10.02067138;"Ce mois ci, la destination a été marquée par les incidents suivants : 
- le 7 : sur l'ensemble des régions les conséquences du passage de la tempête Miguel (arbres sur les voies, limitations de vitesse...) (110 TGV impactés pour 10230 minutes perdues), 
- le 9 : un bagage oublié dans un TGV nécessite un arrêt exceptionnel à Massy TGV (11 TGV impactés pour 316 minutes perdues),
- le 10 : un bagage oublié en gare de Bordeaux (23 TGV impactés pour 967 minutes perdues),
- le 11 : un incident éléctrique vers Vendôme sur la Ligne à Grande Vitesse Atlantique perturbe l'ensemble des circulations TGV (127 TGV impactés pour 11356 minutes perdues) et un heurt de  chevreuil sur la Ligne à Grande Vitesse Atlantique (8 TGV impactés pour 431 minutes perdues),
- le 12 : un dérangement d'installation sur la Ligne à Grande Vitesse Atlantique (39 TGV impactés pour 1164 minutes perdues), 
- le 13 : une panne d'un OUIGO à la sortie de Paris-Montparnasse  (20 TGV impactés pour 309 minutes perdues), 
- le 14 : un heurt de cerf sur la Ligne à Grande Vitesse Atlantique (17 TGV impactés pour 630 minutes perdues), 
- le 16 : présence d'une personne aux abords des voies sur la Ligne à Grande Vitesse Atlantique (34 TGV impactés pour 1337 minutes perdues),
- le 21 : une panne d'un TGV sur la Ligne à Grande Vitesse Atlantique (17 TGV impactés pour 177 minutes perdues), 
- le 25 : une incendie aux abords des voies vers Monts (14 TGV impactés pour  655 minutes perdues), 
- le 26 : un dérangement d'installation vers St-Pierre-des-Corps dû aux fortes chaleurs (27 TGV impactés pour 450 minutes perdues),
- le 27 : un incident électrique au nord de St-Pierre-des-Corps (16 TGV pour 459 minutes perdues),
- le 28 : le heurt d'un chevreuil sur la Ligne à Grande Vitesse Atlantique (51 TGV impactés pour  2160 minutes perdues).";36;63.90185185;20;15;19.23076923;15.38461538;13.46153846;30.76923077;9.615384615;11.53846154
2019-06;National;PARIS LYON;GRENOBLE;184;215;0;;71;8.289671362;2.408062016;;32;36.6875;7.025581395;;32;36.6875;13;5;18.75;25.0;21.875;25.0;9.375;0.0
2019-06;National;LYON PART DIEU;LILLE;187;283;77;;185;7.91018018;7.084142395;;64;26.38958333;11.5316343;"Irrégularité pour les causes  Autres transporteurs en hausse de 1,1 point, irrégularité en dominante pour les conséquences des circulations Ter, ensuite pour  Sncf Réseaurail avec 5 TGV concernés pour la panne du train BOA le mercredi 19 juin à TGV HP
Hausse pour la partie des dérangements( +1,8 point), essentiellement pour les installations de sécurité avec une petite part pour la rubrique « caténaire ». En fait saillant la LTV 170 puis 230 km/h les 26 et 27 juin entre Jablines et Messy suite au passage de la rame de contrôle IRIS (7 TGV concernés pour les 26 et 27 juin), pour le reste il s’agit d’incidents de zones, PN";50;33.76632653;18;5;14.28571429;15.87301587;33.33333333;15.87301587;19.04761905;1.587301587
2019-06;National;PARIS LYON;AVIGNON TGV;161;449;0;;147;12.76462585;3.827765405;;64;27.30911458;4.413140312;;39;36.62307692;17;5;14.28571429;25.3968254;38.0952381;15.87301587;6.349206349;0.0
2019-06;National;PARIS LYON;MACON LOCHE;96;205;0;;62;12.28145161;3.349837398;;19;33.12280702;4.766097561;;14;62.06025641;8;6;15.78947368;31.57894737;5.263157895;47.36842105;0.0;0.0
2019-06;National;PARIS LYON;PERPIGNAN;306;187;0;;68;17.20318627;5.903743316;;29;83.76206897;12.94812834;Heurt d'une personne à Paris Bercy, limitation vitesse 6909 sur LN1, dérangement vers Montanay accès LN1, heurt de personne à Maisons Alfort, Dérangement d'installation vers Macon;29;83.76206897;16;12;10.34482759;27.5862069;20.68965517;34.48275862;6.896551724;0.0
2019-06;National;STRASBOURG;PARIS EST;116;484;4;;414;5.217753623;4.466458333;;88;27.08143939;6.555659722;;55;35.8769697;19;5;17.44186047;20.93023256;32.55813953;12.79069767;9.302325581;6.976744186
2019-06;National;PARIS LYON;AIX EN PROVENCE TGV;184;399;0;;120;9.466805556;2.489598997;;41;39.52642276;5.368253968;;41;39.52642276;20;7;26.82926829;36.58536585;14.63414634;14.63414634;7.317073171;0.0
2019-06;National;DIJON VILLE;PARIS LYON;98;434;3;;377;5.701503095;4.964037123;;43;52.32906977;5.240139211;Heurt d'une personne à Paris Bercy, demande de secours ECR à Dijon, heurt de personne à Maisons Alfort;36;59.87222222;21;12;32.55813953;25.58139535;30.23255814;6.976744186;4.651162791;0.0
2019-06;National;TOULON;PARIS LYON;248;240;22;;200;5.97675;5.457262997;;35;40.83619048;7.455810398;Heurt d'une personne à Paris Bercy, limitation vitesse 6909 sur LN1, dérangement vers Montanay accès LN1, heurt de personne à Maisons Alfort, Dérangement d'installation vers Macon;35;40.83619048;20;7;20.58823529;32.35294118;20.58823529;17.64705882;5.882352941;2.941176471
2019-06;International;STUTTGART;PARIS EST;198;135;0;;135;4.791358025;4.791358025;;29;32.42816092;9.598024691;;27;33.95987654;8;3;10.71428571;32.14285714;28.57142857;3.571428571;7.142857143;17.85714286
2019-06;International;PARIS LYON;GENEVE;171;197;0;;63;10.62169312;3.086040609;;35;35.56714286;8.235617597;;27;42.47283951;10;5;20.0;34.28571429;28.57142857;5.714285714;8.571428571;2.857142857
2019-06;National;MARNE LA VALLEE;LYON PART DIEU;111;294;0;;280;8.721071429;8.301020408;;53;33.17264151;6.570918367;;36;43.17777778;16;8;21.56862745;15.68627451;25.49019608;11.76470588;13.7254902;11.76470588
2019-06;National;MARSEILLE ST CHARLES;MARNE LA VALLEE;210;258;14;;109;5.538685015;2.191120219;;51;34.63856209;8.34931694;;51;34.63856209;24;6;24.0;18.0;24.0;28.0;4.0;2.0
2019-06;National;PARIS LYON;CHAMBERY CHALLES LES EAUX;180;142;0;;48;8.271527778;2.457981221;;18;40.14166667;6.493309859;Heurt d'une personne à Paris Bercy, limitation vitesse 6909 sur LN1, dérangement vers Montanay accès LN1, heurt de personne à Maisons Alfort, Dérangement d'installation vers Macon;14;47.90952381;6;5;11.11111111;38.88888889;11.11111111;27.77777778;11.11111111;0.0
2019-06;International;LAUSANNE;PARIS LYON;186;139;0;;101;3.908250825;1.80263789;;15;45.11;5.18705036;;15;45.11;5;4;33.33333333;33.33333333;33.33333333;0.0;0.0;0.0
2019-06;National;STRASBOURG;NANTES;294;58;0;;46;3.173550725;2.469827586;;16;40.05729167;12.57068966;"Plusieurs défauts d’alimentation : Csq sur 5487 de perte d’alimentation électrique à Yerre (59 minutes de retard), pb caténaire au Mans le 08 (impact 5487 pour 29 minutes), incident caténaire à St Cyr le 11 qui impacte le 5487 et 5488 pour 179 et 59 minutes de retard et pb d’alimentation à SPDC le 27 impactant le 5488 (13 minutes). 
Divers dérangements d’installations : Décontrole d’aiguille le 03, dérangement de zone à Le Porage le 25 et pb de tension à Chauconin, intervalle en non libération au Mans.
Absence de contrôle des aiguilles à Choisy.
Soin matériel roulant sur 5488 les 19 et 27 juin. 
1 alerte à la bombe le 02 a retardé le 5487 de 43 minutes, 1 pb d’accès PSH a retardé le 5488 le 17.
Un raté d’ouverture PN le 03 ainsi qu’un espacement volontaire du conducteur le 26, ont impacté le 5488 de 11 et 16 minutes.";16;40.05729167;8;2;12.5;43.75;31.25;0.0;12.5;0.0
2019-06;National;PARIS NORD;DUNKERQUE;116;243;6;;146;32.08150685;19.56104079;;39;35.38461538;5.831223629;;27;45.37037037;17;7;10.52631579;18.42105263;10.52631579;26.31578947;28.94736842;5.263157895
2019-06;National;PARIS NORD;LILLE;62;589;6;;481;15.61936937;12.81861063;;120;21.77555556;4.517610063;"Hausse  forte de l’irrégularité pour le domaine des Autres Transporteurs par rapport au mois précédent, en dominante le secteur Réseaurail eu égard à la panne du train BOA le mercredi 19 juin 2019 à TGV HP, 23 trains Voyages concernés Axe Nord pour 1300 minutes perdues.
Hausse franche pour  les dérangements avec un taux multiplié par deux par rapport au mois précédent, notamment pour les installations de sécurité. Le 01 avec une défaillance technique au PAR pour zone Fresnoy (7 TGV), des absences de contrôle d’aiguille à Fresnoy et Beugnâtre les 07 et 10 (7 et 8 TGV), le dérangement de Galite GOV au poste 1 GL le 14 (8 TGV), le 25 un dérangement de zone à Hattencourt (7 Tgv concernés), ensuite les 26 et 27 entre Jablines et Messy, une LTV 170 puis 230 km/h suite passage de la rame de contrôle IRIS (18 TGV pour les  deux journées).";59;35.52429379;26;9;17.09401709;13.67521368;22.22222222;22.22222222;22.22222222;2.564102564
2019-06;National;LILLE;LYON PART DIEU;190;235;0;;181;4.209208103;3.204680851;;37;34.15810811;6.785106383;;32;37.75625;13;6;29.72972973;10.81081081;27.02702703;13.51351351;10.81081081;8.108108108
2019-06;National;PARIS NORD;ARRAS;49;305;14;;140;14.61988095;6.798682703;;67;19.60945274;4.802691867;"Hausse  forte de l’irrégularité pour le domaine des Autres Transporteurs par rapport au mois précédent, en dominante le secteur Réseaurail eu égard à la panne du train BOA le mercredi 19 juin 2019 à TGV HP, 23 trains Voyages concernés Axe Nord pour 1300 minutes perdues.
Hausse franche pour  les dérangements avec un taux multiplié par deux par rapport au mois précédent, notamment pour les installations de sécurité. Le 01 avec une défaillance technique au PAR pour zone Fresnoy (7 TGV), des absences de contrôle d’aiguille à Fresnoy et Beugnâtre les 07 et 10 (7 et 8 TGV), le dérangement de Galite GOV au poste 1 GL le 14 (8 TGV), le 25 un dérangement de zone à Hattencourt (7 Tgv concernés), ensuite les 26 et 27 entre Jablines et Messy, une LTV 170 puis 230 km/h suite passage de la rame de contrôle IRIS (18 TGV pour les  deux journées).";30;32.65111111;15;2;20.63492063;11.11111111;15.87301587;31.74603175;14.28571429;6.349206349
2019-06;National;TOURCOING;BORDEAUX ST JEAN;289;36;8;;12;4.654166667;1.994642857;;5;64.53333333;11.6827381;;5;64.53333333;5;2;20.0;20.0;40.0;20.0;0.0;0.0
2019-06;National;PARIS MONTPARNASSE;BREST;226;257;0;;182;4.216483516;2.802788586;;29;86.53448276;10.82101167;"Ce mois ci, la destination a été marquée par les incidents suivants : 
- le 7 : sur l'ensemble des régions les conséquences du passage de la tempête Miguel (arbres sur les voies, limitations de vitesse...) (110 TGV impactés pour 10230 minutes perdues), 
- le 9 : un bagage oublié dans un TGV nécessite un arrêt exceptionnel à Massy TGV (11 TGV impactés pour 316 minutes perdues),
- le 10 : un accident de personne sur un Intercités vers Le Mans (18 TGV impactés pour 581 minutes perdues),
- le 11 : un incident éléctrique vers Vendôme sur la Ligne à Grande Vitesse Atlantique perturbe l'ensemble des circulations TGV (127 TGV impactés pour 11356 minutes perdues), 
- le 12 : un dérangement d'installation sur la Ligne à Grande Vitesse Atlantique (39 TGV impactés pour 1164 minutes perdues), 
- le 13 : une panne d'un OUIGO à la sortie de Paris-Montparnasse  (20 TGV impactés pour 309 minutes perdues), 
- le 14 : un heurt de cerf sur la Ligne à Grande Vitesse Atlantique (17 TGV impactés pour 630 minutes perdues), 
- le 16 : la présence d'une personne aux abords des voies sur la Ligne à Grande Vitesse Atlantique (34 TGV impactés pour 1337 minutes perdues),
- le 21 : une panne d'un TGV sur la Ligne à Grande Vitesse Atlantique (17 TGV impactés pour 177 minutes perdues), 
- le 28 :  le heurt d'un chevreuil sur la Ligne à Grande Vitesse Atlantique (51 TGV impactés pour  2160 minutes perdues) et  une absence d'alimentation électrique entre Rennes et La Brohinière  (9 TGV impactés pour 1166 minutes perdues).";29;86.53448276;14;8;39.28571429;32.14285714;0.0;17.85714286;3.571428571;7.142857143
2019-06;National;AVIGNON TGV;PARIS LYON;164;425;22;;295;4.654067797;3.291852771;;58;32.95086207;5.164143921;;38;43.69912281;19;9;15.78947368;26.31578947;24.56140351;19.29824561;7.01754386;7.01754386
2019-06;International;MADRID;MARSEILLE ST CHARLES;194;30;0;;14;16.1702381;6.631666667;;6;106.0305556;22.85055556;;6;106.0305556;4;2;33.33333333;33.33333333;0.0;33.33333333;0.0;0.0
2019-06;National;TOULOUSE MATABIAU;PARIS MONTPARNASSE;265;153;2;;53;9.244654088;3.077483444;;26;52.83910256;11.31589404;"Ce mois ci, la destination a été marquée par les incidents suivants : 
- le 7 : sur l'ensemble des régions les conséquences du passage de la tempête Miguel (arbres sur les voies, limitations de vitesse...) (110 TGV impactés pour 10230 minutes perdues), 
- le 9 : un bagage oublié dans un TGV nécessite un arrêt exceptionnel à Massy TGV (11 TGV impactés pour 316 minutes perdues),
- le 10 : un bagage oublié en gare de Bordeaux (23 TGV impactés pour 967 minutes perdues),
- le 11 : un incident éléctrique vers Vendôme sur la Ligne à Grande Vitesse Atlantique perturbe l'ensemble des circulations TGV (127 TGV impactés pour 11356 minutes perdues) et un heurt de  chevreuil sur la Ligne à Grande Vitesse Atlantique (8 TGV impactés pour 431 minutes perdues),
- le 12 : un dérangement d'installation sur la Ligne à Grande Vitesse Atlantique (39 TGV impactés pour 1164 minutes perdues), 
- le 13 : une panne d'un OUIGO à la sortie de Paris-Montparnasse  (20 TGV impactés pour 309 minutes perdues), 
- le 14 : un heurt de cerf sur la Ligne à Grande Vitesse Atlantique (17 TGV impactés pour 630 minutes perdues), 
- le 16 : présence d'une personne aux abords des voies sur la Ligne à Grande Vitesse Atlantique (34 TGV impactés pour 1337 minutes perdues),
- le 21 : une panne d'un TGV sur la Ligne à Grande Vitesse Atlantique (17 TGV impactés pour 177 minutes perdues), 
- le 25 : une incendie aux abords des voies vers Monts (14 TGV impactés pour  655 minutes perdues), 
- le 26 : un dérangement d'installation vers St-Pierre-des-Corps dû aux fortes chaleurs (27 TGV impactés pour 450 minutes perdues),
- le 27 : un incident électrique au nord de St-Pierre-des-Corps (16 TGV pour 459 minutes perdues),
- le 28 : le heurt d'un chevreuil sur la Ligne à Grande Vitesse Atlantique (51 TGV impactés pour  2160 minutes perdues).";26;52.83910256;18;7;53.84615385;30.76923077;3.846153846;11.53846154;0.0;0.0
2019-06;National;LYON PART DIEU;RENNES;235;88;0;;76;5.910307018;5.089204545;;25;58.754;19.56098485;"Ce mois ci, la destination a été marquée par les incidents suivants : 
- le 4 : un dérangement d'installation sur la Ligne à Grande Vitesse Sud-Est perturbe la circulation des TGV province-province (28 TGV impactés pour 756 minutes perdues), 
- le 7 : sur l'ensemble des régions les conséquences du passage de la tempête Miguel (arbres sur les voies, limitations de vitesse...) (110 TGV impactés pour 10230 minutes perdues), 
- le 9 : un bagage oublié dans un TGV nécessite un arrêt exceptionnel à Massy TGV (11 TGV impactés pour 316 minutes perdues),
- le 10 : un accident de personne sur un Intercités vers Le Mans (18 TGV impactés pour 581 minutes perdues),
- le 11 : un incident éléctrique vers Vendôme sur la Ligne à Grande Vitesse Atlantique perturbe l'ensemble des circulations TGV (127 TGV impactés pour 11356 minutes perdues), 
- le 12 : un dérangement d'installation sur la Ligne à Grande Vitesse Atlantique (39 TGV impactés pour 1164 minutes perdues), 
- le 13 : une panne d'un OUIGO à la sortie de Paris-Montparnasse  (20 TGV impactés pour 309 minutes perdues), 
- le 14 : un heurt de cerf sur la Ligne à Grande Vitesse Atlantique (17 TGV impactés pour 630 minutes perdues), 
- le 16 : la présence d'une personne aux abords des voies sur la Ligne à Grande Vitesse Atlantique (34 TGV impactés pour 1337 minutes perdues),
- le 21 : une panne d'un TGV sur la Ligne à Grande Vitesse Atlantique (17 TGV impactés pour 177 minutes perdues), 
- le 28 :  le heurt d'un chevreuil sur la Ligne à Grande Vitesse Atlantique (51 TGV impactés pour  2160 minutes perdues) et  une absence d'alimentation électrique entre Rennes et La Brohinière  (9 TGV impactés pour 1166 minutes perdues).";25;58.754;15;8;16.0;32.0;12.0;20.0;4.0;16.0
2019-06;National;PARIS MONTPARNASSE;BORDEAUX ST JEAN;151;774;7;;501;7.85342648;4.954584963;;94;45.73953901;5.526184268;"Ce mois ci, la destination a été marquée par les incidents suivants : 
- le 7 : sur l'ensemble des régions les conséquences du passage de la tempête Miguel (arbres sur les voies, limitations de vitesse...) (110 TGV impactés pour 10230 minutes perdues), 
- le 9 : un bagage oublié dans un TGV nécessite un arrêt exceptionnel à Massy TGV (11 TGV impactés pour 316 minutes perdues),
- le 10 : un bagage oublié en gare de Bordeaux (23 TGV impactés pour 967 minutes perdues),
- le 11 : un incident éléctrique vers Vendôme sur la Ligne à Grande Vitesse Atlantique perturbe l'ensemble des circulations TGV (127 TGV impactés pour 11356 minutes perdues) et un heurt de  chevreuil sur la Ligne à Grande Vitesse Atlantique (8 TGV impactés pour 431 minutes perdues),
- le 12 : un dérangement d'installation sur la Ligne à Grande Vitesse Atlantique (39 TGV impactés pour 1164 minutes perdues), 
- le 13 : une panne d'un OUIGO à la sortie de Paris-Montparnasse  (20 TGV impactés pour 309 minutes perdues), 
- le 14 : un heurt de cerf sur la Ligne à Grande Vitesse Atlantique (17 TGV impactés pour 630 minutes perdues), 
- le 16 : présence d'une personne aux abords des voies sur la Ligne à Grande Vitesse Atlantique (34 TGV impactés pour 1337 minutes perdues),
- le 21 : une panne d'un TGV sur la Ligne à Grande Vitesse Atlantique (17 TGV impactés pour 177 minutes perdues), 
- le 25 : une incendie aux abords des voies vers Monts (14 TGV impactés pour  655 minutes perdues), 
- le 26 : un dérangement d'installation vers St-Pierre-des-Corps dû aux fortes chaleurs (27 TGV impactés pour 450 minutes perdues),
- le 27 : un incident électrique au nord de St-Pierre-des-Corps (16 TGV pour 459 minutes perdues),
- le 28 : le heurt d'un chevreuil sur la Ligne à Grande Vitesse Atlantique (51 TGV impactés pour  2160 minutes perdues).";77;55.75986842;52;24;26.88172043;29.03225806;12.90322581;21.50537634;6.451612903;3.225806452
2019-06;National;PARIS MONTPARNASSE;LA ROCHELLE VILLE;175;216;0;;174;4.430938697;3.479398148;;32;36.0;6.856481481;;24;50.69565217;13;6;13.33333333;13.33333333;26.66666667;26.66666667;6.666666667;13.33333333
2019-06;National;LA ROCHELLE VILLE;PARIS MONTPARNASSE;169;216;0;;96;2.157986111;0.958564815;;42;42.10515873;10.12160494;"Ce mois ci, la destination a été marquée par les incidents suivants : 
- le 7 : sur l'ensemble des régions les conséquences du passage de la tempête Miguel (arbres sur les voies, limitations de vitesse...) (110 TGV impactés pour 10230 minutes perdues), 
- le 9 : un bagage oublié dans un TGV nécessite un arrêt exceptionnel à Massy TGV (11 TGV impactés pour 316 minutes perdues),
- le 10 : un accident de personne sur un Intercités vers Le Mans (18 TGV impactés pour 581 minutes perdues),
- le 11 : un incident éléctrique vers Vendôme sur la Ligne à Grande Vitesse Atlantique perturbe l'ensemble des circulations TGV (127 TGV impactés pour 11356 minutes perdues), 
- le 12 : un dérangement d'installation sur la Ligne à Grande Vitesse Atlantique (39 TGV impactés pour 1164 minutes perdues), 
- le 13 : une panne d'un OUIGO à la sortie de Paris-Montparnasse  (20 TGV impactés pour 309 minutes perdues), 
- le 14 : un heurt de cerf sur la Ligne à Grande Vitesse Atlantique (17 TGV impactés pour 630 minutes perdues), 
- le 15 : une absence d'alimentation électrique vers Ancenis (11 TGV impactés pour 973 minutes perdues), 
- le 16 : la présence d'une personne aux abords des voies sur la Ligne à Grande Vitesse Atlantique (34 TGV impactés pour 1337 minutes perdues),
- le 21 : une panne d'un TGV sur la Ligne à Grande Vitesse Atlantique (17 TGV impactés pour 177 minutes perdues), 
- le 25 : une restitution tardive de travaux entre Couëron et Chantenay (6 TGV impactés pour 308 minutes perdues), 
- le 28 :  le heurt d'un chevreuil sur la Ligne à Grande Vitesse Atlantique (51 TGV impactés pour  2160 minutes perdues) et  une absence d'alimentation électrique entre Rennes et La Brohinière  (9 TGV impactés pour 1166 minutes perdues).";31;52.26827957;11;6;27.5;30.0;15.0;15.0;0.0;12.5
2019-06;National;ST PIERRE DES CORPS;PARIS MONTPARNASSE;68;411;4;;351;6.276733143;5.368263718;;138;27.50084541;12.4459869;"Ce mois ci, la destination a été marquée par les incidents suivants : 
- le 7 : sur l'ensemble des régions les conséquences du passage de la tempête Miguel (arbres sur les voies, limitations de vitesse...) (110 TGV impactés pour 10230 minutes perdues), 
- le 9 : un bagage oublié dans un TGV nécessite un arrêt exceptionnel à Massy TGV (11 TGV impactés pour 316 minutes perdues),
- le 10 : un bagage oublié en gare de Bordeaux (23 TGV impactés pour 967 minutes perdues),
- le 11 : un incident éléctrique vers Vendôme sur la Ligne à Grande Vitesse Atlantique perturbe l'ensemble des circulations TGV (127 TGV impactés pour 11356 minutes perdues) et un heurt de  chevreuil sur la Ligne à Grande Vitesse Atlantique (8 TGV impactés pour 431 minutes perdues),
- le 12 : un dérangement d'installation sur la Ligne à Grande Vitesse Atlantique (39 TGV impactés pour 1164 minutes perdues), 
- le 13 : une panne d'un OUIGO à la sortie de Paris-Montparnasse  (20 TGV impactés pour 309 minutes perdues), 
- le 14 : un heurt de cerf sur la Ligne à Grande Vitesse Atlantique (17 TGV impactés pour 630 minutes perdues), 
- le 16 : présence d'une personne aux abords des voies sur la Ligne à Grande Vitesse Atlantique (34 TGV impactés pour 1337 minutes perdues),
- le 21 : une panne d'un TGV sur la Ligne à Grande Vitesse Atlantique (17 TGV impactés pour 177 minutes perdues), 
- le 25 : une incendie aux abords des voies vers Monts (14 TGV impactés pour  655 minutes perdues), 
- le 26 : un dérangement d'installation vers St-Pierre-des-Corps dû aux fortes chaleurs (27 TGV impactés pour 450 minutes perdues),
- le 27 : un incident électrique au nord de St-Pierre-des-Corps (16 TGV pour 459 minutes perdues),
- le 28 : le heurt d'un chevreuil sur la Ligne à Grande Vitesse Atlantique (51 TGV impactés pour  2160 minutes perdues).";67;64.55923077;39;17;15.38461538;32.47863248;24.78632479;9.401709402;3.418803419;14.52991453
2019-06;National;DUNKERQUE;PARIS NORD;117;237;4;;12;13.41666667;0.690987124;;17;24.6745098;2.66888412;;10;33.58833333;4;0;17.64705882;29.41176471;29.41176471;17.64705882;5.882352941;0.0
2019-06;National;LILLE;PARIS NORD;63;626;69;;352;5.020028409;3.051675643;;102;17.22565359;3.292130461;;40;31.34916667;12;3;19.31818182;11.36363636;25.0;22.72727273;14.77272727;6.818181818
2019-06;National;NIMES;PARIS LYON;177;332;0;;296;9.367286036;8.334487952;;67;57.02164179;10.69106426;Arrachement caténaire à Montpellier, Heurt d'une personne à Paris Bercy,, limitation vitesse 6909 sur LN1, dérangement vers Montanay accès LN1, heurt de personne à Maisons Alfort, Dérangement d'installation vers Macon;54;67.70246914;29;15;26.86567164;28.35820896;20.89552239;13.43283582;7.462686567;2.985074627
2019-06;National;ARRAS;PARIS NORD;50;326;21;;238;8.367577031;6.487213115;;55;17.02636364;3.745519126;;19;33.94736842;8;1;3.773584906;22.64150943;39.62264151;7.547169811;20.75471698;5.660377358
2019-06;National;PARIS LYON;BESANCON FRANCHE COMTE TGV;129;186;0;;54;10.35925926;2.731630824;;31;32.22365591;5.876702509;;18;46.13425926;9;3;16.12903226;12.90322581;38.70967742;22.58064516;9.677419355;0.0
2019-06;National;CHAMBERY CHALLES LES EAUX;PARIS LYON;187;130;0;;99;9.42037037;7.108333333;;29;33.03218391;7.783974359;;23;38.4673913;11;3;20.68965517;27.5862069;31.03448276;13.79310345;6.896551724;0.0
2019-06;National;NANTES;PARIS MONTPARNASSE;136;579;45;;320;13.48140625;7.868913858;;96;34.36319444;7.321972534;;70;44.12753623;35;17;21.11111111;32.22222222;25.55555556;15.55555556;1.111111111;4.444444444
2019-06;International;PARIS LYON;ZURICH;229;142;0;;51;10.03137255;3.341314554;;29;36.91206897;10.00305164;;25;40.76266667;12;4;29.62962963;25.92592593;18.51851852;25.92592593;0.0;0.0
2019-06;National;PARIS LYON;MONTPELLIER;207;323;0;;118;14.48870056;4.968059856;;27;93.68580247;8.197781218;Arrachement caténaire à Montpellier, Heurt d'une personne à Paris Bercy,, limitation vitesse 6909 sur LN1, dérangement vers Montanay accès LN1, heurt de personne à Maisons Alfort, Dérangement d'installation vers Macon;27;93.68580247;20;16;29.62962963;29.62962963;3.703703704;33.33333333;3.703703704;0.0
2019-06;International;GENEVE;PARIS LYON;171;214;0;;184;4.601811594;3.836370717;;27;53.37345679;6.63029595;;24;62.1673913;14;7;29.62962963;29.62962963;29.62962963;3.703703704;0.0;7.407407407
2019-06;National;BREST;PARIS MONTPARNASSE;231;278;15;;128;23.08020833;11.23250951;;27;49.04753086;6.622179975;"Ce mois ci, la destination a été marquée par les incidents suivants : 
- le 7 : sur l'ensemble des régions les conséquences du passage de la tempête Miguel (arbres sur les voies, limitations de vitesse...) (110 TGV impactés pour 10230 minutes perdues), 
- le 9 : un bagage oublié dans un TGV nécessite un arrêt exceptionnel à Massy TGV (11 TGV impactés pour 316 minutes perdues),
- le 10 : un accident de personne sur un Intercités vers Le Mans (18 TGV impactés pour 581 minutes perdues),
- le 11 : un incident éléctrique vers Vendôme sur la Ligne à Grande Vitesse Atlantique perturbe l'ensemble des circulations TGV (127 TGV impactés pour 11356 minutes perdues), 
- le 12 : un dérangement d'installation sur la Ligne à Grande Vitesse Atlantique (39 TGV impactés pour 1164 minutes perdues), 
- le 13 : une panne d'un OUIGO à la sortie de Paris-Montparnasse  (20 TGV impactés pour 309 minutes perdues), 
- le 14 : un heurt de cerf sur la Ligne à Grande Vitesse Atlantique (17 TGV impactés pour 630 minutes perdues), 
- le 16 : la présence d'une personne aux abords des voies sur la Ligne à Grande Vitesse Atlantique (34 TGV impactés pour 1337 minutes perdues),
- le 21 : une panne d'un TGV sur la Ligne à Grande Vitesse Atlantique (17 TGV impactés pour 177 minutes perdues), 
- le 28 :  le heurt d'un chevreuil sur la Ligne à Grande Vitesse Atlantique (51 TGV impactés pour  2160 minutes perdues) et  une absence d'alimentation électrique entre Rennes et La Brohinière  (9 TGV impactés pour 1166 minutes perdues).";27;49.04753086;13;6;40.0;36.0;4.0;16.0;0.0;4.0
2019-06;National;PARIS MONTPARNASSE;ST PIERRE DES CORPS;66;396;6;;298;9.472818792;7.102521368;;89;26.27022472;6.592905983;"Ce mois ci, la destination a été marquée par les incidents suivants : 
- le 7 : sur l'ensemble des régions les conséquences du passage de la tempête Miguel (arbres sur les voies, limitations de vitesse...) (110 TGV impactés pour 10230 minutes perdues), 
- le 9 : un bagage oublié dans un TGV nécessite un arrêt exceptionnel à Massy TGV (11 TGV impactés pour 316 minutes perdues),
- le 10 : un bagage oublié en gare de Bordeaux (23 TGV impactés pour 967 minutes perdues),
- le 11 : un incident éléctrique vers Vendôme sur la Ligne à Grande Vitesse Atlantique perturbe l'ensemble des circulations TGV (127 TGV impactés pour 11356 minutes perdues) et un heurt de  chevreuil sur la Ligne à Grande Vitesse Atlantique (8 TGV impactés pour 431 minutes perdues),
- le 12 : un dérangement d'installation sur la Ligne à Grande Vitesse Atlantique (39 TGV impactés pour 1164 minutes perdues), 
- le 13 : une panne d'un OUIGO à la sortie de Paris-Montparnasse  (20 TGV impactés pour 309 minutes perdues), 
- le 14 : un heurt de cerf sur la Ligne à Grande Vitesse Atlantique (17 TGV impactés pour 630 minutes perdues), 
- le 16 : présence d'une personne aux abords des voies sur la Ligne à Grande Vitesse Atlantique (34 TGV impactés pour 1337 minutes perdues),
- le 21 : une panne d'un TGV sur la Ligne à Grande Vitesse Atlantique (17 TGV impactés pour 177 minutes perdues), 
- le 25 : une incendie aux abords des voies vers Monts (14 TGV impactés pour  655 minutes perdues), 
- le 26 : un dérangement d'installation vers St-Pierre-des-Corps dû aux fortes chaleurs (27 TGV impactés pour 450 minutes perdues),
- le 27 : un incident électrique au nord de St-Pierre-des-Corps (16 TGV pour 459 minutes perdues),
- le 28 : le heurt d'un chevreuil sur la Ligne à Grande Vitesse Atlantique (51 TGV impactés pour  2160 minutes perdues).";36;51.9875;17;11;13.95348837;20.93023256;25.58139535;25.58139535;10.46511628;3.488372093
2019-06;International;PARIS LYON;LAUSANNE;174;141;0;;49;5.771428571;1.671749409;;20;31.37916667;7.202836879;;17;39.62395833;7;2;10.0;20.0;30.0;30.0;10.0;0.0
2019-06;National;RENNES;PARIS MONTPARNASSE;103;616;29;;398;9.886055276;6.626433844;;83;37.19558233;6.27120954;;57;48.71432749;28;15;25.64102564;30.76923077;20.51282051;19.23076923;0.0;3.846153846
2019-06;National;ST MALO;PARIS MONTPARNASSE;164;84;0;;75;1.715111111;1.496626984;;11;24.43333333;4.601190476;;4;45.62083333;2;2;9.090909091;18.18181818;27.27272727;45.45454545;0.0;0.0
2019-06;National;MARSEILLE ST CHARLES;LILLE;281;202;14;;91;4.979120879;2.167641844;;48;38.91458333;12.75328014;"Irrégularité pour les causes  Autres transporteurs en hausse de 1,1 point, irrégularité en dominante pour les conséquences des circulations Ter, ensuite pour  Sncf Réseaurail avec 5 TGV concernés pour la panne du train BOA le mercredi 19 juin à TGV HP
Hausse pour la partie des dérangements( +1,8 point), essentiellement pour les installations de sécurité avec une petite part pour la rubrique « caténaire ». En fait saillant la LTV 170 puis 230 km/h les 26 et 27 juin entre Jablines et Messy suite au passage de la rame de contrôle IRIS (7 TGV concernés pour les 26 et 27 juin), pour le reste il s’agit d’incidents de zones, PN";48;38.91458333;25;6;23.40425532;17.0212766;25.53191489;23.40425532;8.510638298;2.127659574
2019-06;National;BELLEGARDE (AIN);PARIS LYON;163;218;0;;200;4.7215;4.31704893;;30;49.66444444;6.326834862;Heurt d'une personne à Paris Bercy, limitation vitesse 6909 sur LN1, dérangement vers Montanay accès LN1, heurt de personne à Maisons Alfort, Dérangement d'installation vers Macon;23;61.16449275;14;7;26.66666667;33.33333333;30.0;3.333333333;0.0;6.666666667
2019-06;International;PARIS EST;STUTTGART;197;135;0;;109;3.474159021;2.760617284;;21;31.55793651;7.768271605;;21;31.55793651;6;3;10.52631579;36.84210526;21.05263158;21.05263158;10.52631579;0.0
2019-06;National;LE MANS;PARIS MONTPARNASSE;62;442;13;;378;5.737389771;5.034770785;;120;22.17680556;6.655866356;"Ce mois ci, la destination a été marquée par les incidents suivants : 
- le 7 : sur l'ensemble des régions les conséquences du passage de la tempête Miguel (arbres sur les voies, limitations de vitesse...) (110 TGV impactés pour 10230 minutes perdues), 
- le 9 : un bagage oublié dans un TGV nécessite un arrêt exceptionnel à Massy TGV (11 TGV impactés pour 316 minutes perdues),
- le 10 : un accident de personne sur un Intercités vers Le Mans (18 TGV impactés pour 581 minutes perdues),
- le 11 : un incident éléctrique vers Vendôme sur la Ligne à Grande Vitesse Atlantique perturbe l'ensemble des circulations TGV (127 TGV impactés pour 11356 minutes perdues), 
- le 12 : un dérangement d'installation sur la Ligne à Grande Vitesse Atlantique (39 TGV impactés pour 1164 minutes perdues), 
- le 13 : une panne d'un OUIGO à la sortie de Paris-Montparnasse  (20 TGV impactés pour 309 minutes perdues), 
- le 14 : un heurt de cerf sur la Ligne à Grande Vitesse Atlantique (17 TGV impactés pour 630 minutes perdues), 
- le 15 : une absence d'alimentation électrique vers Ancenis (11 TGV impactés pour 973 minutes perdues), 
- le 16 : présence d'une personne aux abords des voies sur la Ligne à Grande Vitesse Atlantique (34 TGV impactés pour 1337 minutes perdues),
- le 21 : une panne d'un TGV sur la Ligne à Grande Vitesse Atlantique (17 TGV impactés pour 177 minutes perdues), 
- le 25 : une restitution tardive de travaux entre Couëron et Chantenay (6 TGV impactés pour 308 minutes perdues), 
-  le 28 : le heurt d'un chevreuil sur la Ligne à Grande Vitesse Atlantique (51 TGV impactés pour  2160 minutes perdues) et  une absence d'alimentation électrique entre Rennes et La Brohinière  (9 TGV impactés pour 1166 minutes perdues).";46;46.59185185;25;12;17.0;34.0;33.0;11.0;1.0;4.0
2019-06;National;VALENCE ALIXAN TGV;PARIS LYON;133;308;0;;269;9.916914498;8.628517316;;61;53.08934426;9.847727273;Heurt d'une personne à Paris Bercy, limitation vitesse 6909 sur LN1, dérangement vers Montanay accès LN1, heurt de personne à Maisons Alfort, Dérangement d'installation vers Macon;52;60.03237179;28;15;24.59016393;31.14754098;22.95081967;13.1147541;6.557377049;1.639344262
2019-06;National;POITIERS;PARIS MONTPARNASSE;99;423;0;;263;18.24695817;11.18829787;;127;36.14553806;11.71599685;"Ce mois ci, la destination a été marquée par les incidents suivants : 
- le 7 : sur l'ensemble des régions les conséquences du passage de la tempête Miguel (arbres sur les voies, limitations de vitesse...) (110 TGV impactés pour 10230 minutes perdues), 
- le 9 : un bagage oublié dans un TGV nécessite un arrêt exceptionnel à Massy TGV (11 TGV impactés pour 316 minutes perdues),
- le 10 : un bagage oublié en gare de Bordeaux (23 TGV impactés pour 967 minutes perdues),
- le 11 : un incident éléctrique vers Vendôme sur la Ligne à Grande Vitesse Atlantique perturbe l'ensemble des circulations TGV (127 TGV impactés pour 11356 minutes perdues) et un heurt de  chevreuil sur la Ligne à Grande Vitesse Atlantique (8 TGV impactés pour 431 minutes perdues),
- le 12 : un dérangement d'installation sur la Ligne à Grande Vitesse Atlantique (39 TGV impactés pour 1164 minutes perdues), 
- le 13 : une panne d'un OUIGO à la sortie de Paris-Montparnasse  (20 TGV impactés pour 309 minutes perdues), 
- le 14 : un heurt de cerf sur la Ligne à Grande Vitesse Atlantique (17 TGV impactés pour 630 minutes perdues), 
- le 16 : présence d'une personne aux abords des voies sur la Ligne à Grande Vitesse Atlantique (34 TGV impactés pour 1337 minutes perdues),
- le 21 : une panne d'un TGV sur la Ligne à Grande Vitesse Atlantique (17 TGV impactés pour 177 minutes perdues), 
- le 25 : une incendie aux abords des voies vers Monts (14 TGV impactés pour  655 minutes perdues), 
- le 26 : un dérangement d'installation vers St-Pierre-des-Corps dû aux fortes chaleurs (27 TGV impactés pour 450 minutes perdues),
- le 27 : un incident électrique au nord de St-Pierre-des-Corps (16 TGV pour 459 minutes perdues),
- le 28 : le heurt d'un chevreuil sur la Ligne à Grande Vitesse Atlantique (51 TGV impactés pour  2160 minutes perdues).";68;59.05906863;33;15;18.34862385;47.70642202;18.34862385;8.256880734;0.917431193;6.422018349
2019-06;National;NICE VILLE;PARIS LYON;356;192;22;;135;3.441481481;2.680294118;;29;37.97816092;7.709313725;;29;37.97816092;15;5;21.42857143;32.14285714;17.85714286;17.85714286;7.142857143;3.571428571
2019-06;International;ITALIE;PARIS LYON;445;66;0;;66;3.78030303;3.78030303;;20;38.91916667;13.11186869;;20;38.91916667;10;3;25.0;15.0;35.0;20.0;5.0;0.0
2019-06;National;TOURS;PARIS MONTPARNASSE;81;178;4;;87;8.531992337;4.118869732;;52;33.99807692;10.84051724;"Ce mois ci, la destination a été marquée par les incidents suivants : 
- le 7 : sur l'ensemble des régions les conséquences du passage de la tempête Miguel (arbres sur les voies, limitations de vitesse...) (110 TGV impactés pour 10230 minutes perdues), 
- le 9 : un bagage oublié dans un TGV nécessite un arrêt exceptionnel à Massy TGV (11 TGV impactés pour 316 minutes perdues),
- le 10 : un bagage oublié en gare de Bordeaux (23 TGV impactés pour 967 minutes perdues),
- le 11 : un incident éléctrique vers Vendôme sur la Ligne à Grande Vitesse Atlantique perturbe l'ensemble des circulations TGV (127 TGV impactés pour 11356 minutes perdues) et un heurt de  chevreuil sur la Ligne à Grande Vitesse Atlantique (8 TGV impactés pour 431 minutes perdues),
- le 12 : un dérangement d'installation sur la Ligne à Grande Vitesse Atlantique (39 TGV impactés pour 1164 minutes perdues), 
- le 13 : une panne d'un OUIGO à la sortie de Paris-Montparnasse  (20 TGV impactés pour 309 minutes perdues), 
- le 14 : un heurt de cerf sur la Ligne à Grande Vitesse Atlantique (17 TGV impactés pour 630 minutes perdues), 
- le 16 : présence d'une personne aux abords des voies sur la Ligne à Grande Vitesse Atlantique (34 TGV impactés pour 1337 minutes perdues),
- le 21 : une panne d'un TGV sur la Ligne à Grande Vitesse Atlantique (17 TGV impactés pour 177 minutes perdues), 
- le 25 : une incendie aux abords des voies vers Monts (14 TGV impactés pour  655 minutes perdues), 
- le 26 : un dérangement d'installation vers St-Pierre-des-Corps dû aux fortes chaleurs (27 TGV impactés pour 450 minutes perdues),
- le 27 : un incident électrique au nord de St-Pierre-des-Corps (16 TGV pour 459 minutes perdues),
- le 28 : le heurt d'un chevreuil sur la Ligne à Grande Vitesse Atlantique (51 TGV impactés pour  2160 minutes perdues).";24;63.38333333;15;7;18.18181818;31.81818182;20.45454545;6.818181818;4.545454545;18.18181818
2019-06;National;PARIS MONTPARNASSE;TOULOUSE MATABIAU;264;141;3;;88;4.514015152;2.696859903;;34;39.84803922;11.04565217;"Ce mois ci, la destination a été marquée par les incidents suivants : 
- le 7 : sur l'ensemble des régions les conséquences du passage de la tempête Miguel (arbres sur les voies, limitations de vitesse...) (110 TGV impactés pour 10230 minutes perdues), 
- le 9 : un bagage oublié dans un TGV nécessite un arrêt exceptionnel à Massy TGV (11 TGV impactés pour 316 minutes perdues),
- le 10 : un bagage oublié en gare de Bordeaux (23 TGV impactés pour 967 minutes perdues),
- le 11 : un incident éléctrique vers Vendôme sur la Ligne à Grande Vitesse Atlantique perturbe l'ensemble des circulations TGV (127 TGV impactés pour 11356 minutes perdues) et un heurt de  chevreuil sur la Ligne à Grande Vitesse Atlantique (8 TGV impactés pour 431 minutes perdues),
- le 12 : un dérangement d'installation sur la Ligne à Grande Vitesse Atlantique (39 TGV impactés pour 1164 minutes perdues), 
- le 13 : une panne d'un OUIGO à la sortie de Paris-Montparnasse  (20 TGV impactés pour 309 minutes perdues), 
- le 14 : un heurt de cerf sur la Ligne à Grande Vitesse Atlantique (17 TGV impactés pour 630 minutes perdues), 
- le 16 : présence d'une personne aux abords des voies sur la Ligne à Grande Vitesse Atlantique (34 TGV impactés pour 1337 minutes perdues),
- le 21 : une panne d'un TGV sur la Ligne à Grande Vitesse Atlantique (17 TGV impactés pour 177 minutes perdues), 
- le 25 : une incendie aux abords des voies vers Monts (14 TGV impactés pour  655 minutes perdues), 
- le 26 : un dérangement d'installation vers St-Pierre-des-Corps dû aux fortes chaleurs (27 TGV impactés pour 450 minutes perdues),
- le 27 : un incident électrique au nord de St-Pierre-des-Corps (16 TGV pour 459 minutes perdues),
- le 28 : le heurt d'un chevreuil sur la Ligne à Grande Vitesse Atlantique (51 TGV impactés pour  2160 minutes perdues).";34;39.84803922;14;4;21.21212121;45.45454545;18.18181818;9.090909091;3.03030303;3.03030303
2019-06;National;LILLE;MARSEILLE ST CHARLES;298;193;0;;110;6.637575758;3.566925734;;26;44.10384615;8.047063903;;26;44.10384615;14;5;19.23076923;11.53846154;23.07692308;34.61538462;7.692307692;3.846153846
2019-06;National;AIX EN PROVENCE TGV;PARIS LYON;185;410;22;;351;4.390265907;3.941408935;;37;48.92342342;5.403651203;Heurt d'une personne à Paris Bercy, limitation vitesse 6909 sur LN1, dérangement vers Montanay accès LN1, heurt de personne à Maisons Alfort, Dérangement d'installation vers Macon;37;48.92342342;22;12;22.85714286;22.85714286;20.0;25.71428571;5.714285714;2.857142857
2019-06;National;ANNECY;PARIS LYON;229;141;0;;15;4.957777778;0.525059102;;16;40.334375;5.650472813;Heurt d'une personne à Paris Bercy, limitation vitesse 6909 sur LN1, dérangement vers Montanay accès LN1, heurt de personne à Maisons Alfort, Dérangement d'installation vers Macon;16;40.334375;7;3;18.75;18.75;37.5;18.75;6.25;0.0
2019-06;National;LYON PART DIEU;MARSEILLE ST CHARLES;105;576;200;;283;8.987573616;6.713342199;;88;31.19924242;8.791932624;;66;37.30732323;29;8;16.27906977;24.41860465;23.25581395;12.79069767;10.46511628;12.79069767
2019-06;International;PARIS EST;FRANCFORT;203;162;0;;92;10.34347826;5.751028807;;25;43.11333333;10.25627572;;25;43.11333333;11;4;19.04761905;14.28571429;28.57142857;14.28571429;23.80952381;0.0
2019-06;National;QUIMPER;PARIS MONTPARNASSE;227;255;11;;127;125.1254593;65.12677596;;15;42.73888889;4.725;"Ce mois ci, la destination a été marquée par les incidents suivants : 
- le 7 : sur l'ensemble des régions les conséquences du passage de la tempête Miguel (arbres sur les voies, limitations de vitesse...) (110 TGV impactés pour 10230 minutes perdues), 
- le 9 : un bagage oublié dans un TGV nécessite un arrêt exceptionnel à Massy TGV (11 TGV impactés pour 316 minutes perdues),
- le 10 : un accident de personne sur un Intercités vers Le Mans (18 TGV impactés pour 581 minutes perdues),
- le 11 : un incident éléctrique vers Vendôme sur la Ligne à Grande Vitesse Atlantique perturbe l'ensemble des circulations TGV (127 TGV impactés pour 11356 minutes perdues), 
- le 12 : un dérangement d'installation sur la Ligne à Grande Vitesse Atlantique (39 TGV impactés pour 1164 minutes perdues), 
- le 13 : une panne d'un OUIGO à la sortie de Paris-Montparnasse  (20 TGV impactés pour 309 minutes perdues), 
- le 14 : un heurt de cerf sur la Ligne à Grande Vitesse Atlantique (17 TGV impactés pour 630 minutes perdues), 
- le 16 : la présence d'une personne aux abords des voies sur la Ligne à Grande Vitesse Atlantique (34 TGV impactés pour 1337 minutes perdues),
- le 21 : une panne d'un TGV sur la Ligne à Grande Vitesse Atlantique (17 TGV impactés pour 177 minutes perdues), 
- le 28 :  le heurt d'un chevreuil sur la Ligne à Grande Vitesse Atlantique (51 TGV impactés pour  2160 minutes perdues) et  une absence d'alimentation électrique entre Rennes et La Brohinière  (9 TGV impactés pour 1166 minutes perdues).";15;42.73888889;8;4;42.85714286;42.85714286;0.0;14.28571429;0.0;0.0
2019-06;National;GRENOBLE;PARIS LYON;185;203;0;;33;159.6580808;25.95426929;;19;38.31666667;3.889655172;;17;41.35196078;8;5;15.78947368;42.10526316;21.05263158;10.52631579;5.263157895;5.263157895
2019-06;National;PARIS LYON;NICE VILLE;352;169;0;;78;24.79380342;11.13747535;;23;46.07608696;8.667850099;Heurt d'une personne à Paris Bercy, limitation vitesse 6909 sur LN1, dérangement vers Montanay accès LN1, heurt de personne à Maisons Alfort, Dérangement d'installation vers Macon;23;46.07608696;13;5;17.39130435;21.73913043;21.73913043;21.73913043;17.39130435;0.0
2019-06;National;PARIS LYON;TOULON;244;222;0;;96;22.51440972;9.422747748;;34;40.09166667;6.01996997;Heurt d'une personne à Paris Bercy, limitation vitesse 6909 sur LN1, dérangement vers Montanay accès LN1, heurt de personne à Maisons Alfort, Dérangement d'installation vers Macon;34;40.09166667;14;5;17.64705882;23.52941176;17.64705882;29.41176471;11.76470588;0.0
2019-06;National;PARIS MONTPARNASSE;RENNES;103;635;10;;454;8.874008811;6.28992;;81;31.93292181;5.027893333;;56;40.70535714;24;11;25.97402597;20.77922078;12.98701299;32.46753247;5.194805195;2.597402597
2019-06;National;PARIS LYON;MULHOUSE VILLE;168;300;0;;93;9.89874552;2.798333333;;46;37.23550725;6.372833333;;34;45.99558824;19;7;23.91304348;17.39130435;26.08695652;30.43478261;2.173913043;0.0
2019-06;National;MARSEILLE ST CHARLES;LYON PART DIEU;102;369;8;;225;2.168296296;1.218421053;;49;21.75884354;5.35166205;;29;28.25402299;9;1;16.66666667;6.25;41.66666667;18.75;8.333333333;8.333333333
2019-06;National;MARSEILLE ST CHARLES;TOURCOING;308;24;0;;7;10.42857143;2.633333333;;6;45.5;13.20833333;;6;45.5;1;1;16.66666667;16.66666667;33.33333333;33.33333333;0.0;0.0
2019-06;National;MARSEILLE ST CHARLES;PARIS LYON;200;518;22;;195;6.995128205;2.419825269;;52;44.10448718;5.437567204;Heurt d'une personne à Paris Bercy, limitation vitesse 6909 sur LN1, dérangement vers Montanay accès LN1, heurt de personne à Maisons Alfort, Dérangement d'installation vers Macon;52;44.10448718;27;13;25.49019608;27.45098039;17.64705882;15.68627451;7.843137255;5.882352941
2019-07;National;ST PIERRE DES CORPS;PARIS MONTPARNASSE;67;427;0;;378;3.367724868;2.96245121;;93;16.82508961;4.343403591;"Ce mois ci, la destination a été marquée par les incidents suivants : 
- le 1er : la panne d'un TER à l'entrée de Paris-Montparnasse (7 TGV impactés pour 269 minutes perdues), 
- le 3 : un bagage abandonné dans un TGV impose un arrêt exceptionnel à Massy TGV pour l'intervention des équipes de déminage (26 TGV impactés pour 256 minutes perdues),
- le 8 : un incident électrique au sud de Bordeaux (26 TGV impactés pour 3352 minutes perdues),
- le 15 : un heurt de chevreuil sur la ligne à grande vitesse Atlantiqe (25 TGV impactés pour 1009 minutes perdues),
- le 19 : un heurt de chevreuil entre Angoulême et Poitiers (7 TGV impactés pour 390 minutes perdues),
- le 22 : des limitations de vitesse imposées par les fortes chaleurs en Nouvelle Aquitaine (14 TGV impactés pour 365 minutes perdues),
- le 23 : des limitations de vitesse imposées par les fortes chaleurs en Nouvelle Aquitaine (38 TGV impactés pour 1087 minutes perdues)  et plusieurs départs de feux déclanchés par un train de marchandises au sud de Bordeaux (7 TGV impactés pour 1601 minutes perdues),
- le 28 : un défaut technique sur la voie sur la ligne à grande vitesse Atlantique (45 TGV impactés pour 1217 minutes perdues).";28;35.9547619;11;2;17.94871795;15.38461538;34.61538462;11.53846154;2.564102564;17.94871795
2019-07;National;MARSEILLE ST CHARLES;MARNE LA VALLEE;213;261;7;;104;8.007051282;1.779986877;;65;33.00128205;9.9332021;;65;33.00128205;22;7;26.15384615;13.84615385;26.15384615;18.46153846;10.76923077;4.615384615
2019-07;National;NICE VILLE;PARIS LYON;357;265;0;;234;5.711111111;4.991320755;;46;39.20833333;7.592264151;;46;39.20833333;21;7;13.33333333;33.33333333;20.0;15.55555556;13.33333333;4.444444444
2019-07;National;NANTES;STRASBOURG;303;60;0;;31;36.18924731;18.57805556;;6;37.76944444;5.422222222;;6;37.76944444;2;1;16.66666667;16.66666667;33.33333333;16.66666667;16.66666667;0.0
2019-07;National;LYON PART DIEU;MONTPELLIER;114;223;0;;184;9.694021739;7.955829596;;46;34.56521739;8.91696562;;41;42.5225;20;7;13.63636364;29.54545455;13.63636364;18.18181818;11.36363636;13.63636364
2019-07;National;PARIS MONTPARNASSE;LAVAL;86;238;0;;162;8.079115226;5.319957983;;29;23.2591954;3.836554622;;12;41.02916667;6;3;33.33333333;11.11111111;33.33333333;18.51851852;3.703703704;0.0
2019-07;National;PARIS MONTPARNASSE;LE MANS;60;421;0;;303;18.87178218;13.44346793;;86;12.91143411;2.89216152;"Ce mois ci, la destination a été marquée par les incidents suivants : 
- le 1er : la panne d'un TER à l'entrée de Paris-Montparnasse (7 TGV impactés pour 269 minutes perdues), 
- le 2 : le heurt d'un animal sur la ligne à grande vitesse Bretagne Pays de la Loire (9 TGV impactés pour 170 minutes perdues),
- le 3 : un bagage abandonné dans un TGV impose un arrêt exceptionnel à Massy TGV pour l'intervention des équipes de déminage (26 TGV impactés pour 256 minutes perdues),
- le 9 : une détection de chute de pierre déclenche les systèmes de protection aux abords des voies entre Angers et Nantes (12 TGV impactés pour 886 minutes perdues),
- le 15 : un heurt de chevreuil sur la ligne à grande vitesse Atlantiqe (25 TGV impactés pour 1009 minutes perdues),
- le 25 : un incendie aux abords des voies sur la ligne à grande vitesse Bretagne Pays de la Loire (42 TGV impactés pour 1203 minutes perdues),
- le 28 : un défaut technique sur la voie sur la ligne à grande vitesse Atlantique (45 TGV impactés pour 1217 minutes perdues).";17;33.64901961;7;1;15.58441558;16.88311688;48.05194805;18.18181818;1.298701299;0.0
2019-07;National;PARIS MONTPARNASSE;RENNES;103;613;0;;430;14.57937984;10.0533714;;64;27.07786458;3.536595976;;44;34.04356061;19;6;39.68253968;12.6984127;12.6984127;28.57142857;4.761904762;1.587301587
2019-07;National;PARIS MONTPARNASSE;VANNES;155;207;0;;144;6.898726852;4.615297907;;24;28.79166667;4.584541063;;18;34.27777778;9;1;31.81818182;27.27272727;13.63636364;13.63636364;9.090909091;4.545454545
2019-07;National;METZ;PARIS EST;85;367;59;;222;5.892717718;4.195292208;;69;28.35169082;7.131006494;;40;42.24041667;15;9;18.03278689;19.67213115;29.50819672;13.1147541;6.557377049;13.1147541
2019-07;National;STRASBOURG;NANTES;292;49;0;;23;1.160869565;0.408503401;;6;22.55555556;5.415306122;;6;22.55555556;1;0;0.0;33.33333333;50.0;16.66666667;0.0;0.0
2019-07;National;PARIS LYON;TOULON;244;316;0;;151;11.16931567;5.020147679;;59;50.02372881;9.824367089;;59;50.02372881;30;15;32.20338983;22.03389831;22.03389831;16.94915254;1.694915254;5.084745763
2019-07;National;VALENCE ALIXAN TGV;PARIS LYON;133;339;16;;288;12.94560185;11.51873065;;82;38.1648374;9.399638803;;68;43.47990196;40;13;34.56790123;24.69135802;22.22222222;9.87654321;4.938271605;3.703703704
2019-07;National;LYON PART DIEU;MARSEILLE ST CHARLES;111;468;24;;381;10.41706037;8.912312312;;143;38.43636364;13.5045045;;111;45.95930931;54;30;17.85714286;20.0;25.71428571;16.42857143;10.0;10.0
2019-07;International;PARIS LYON;ITALIE;276;69;27;;19;19.27719298;8.485714286;;7;45.475;10.39761905;;7;59.77857143;5;2;44.44444444;0.0;11.11111111;33.33333333;11.11111111;0.0
2019-07;National;TOULOUSE MATABIAU;PARIS MONTPARNASSE;265;194;0;;86;5.124224806;1.714690722;;29;45.61091954;8.407474227;"Ce mois ci, la destination a été marquée par les incidents suivants : 
- le 1er : la panne d'un TER à l'entrée de Paris-Montparnasse (7 TGV impactés pour 269 minutes perdues), 
- le 3 : un bagage abandonné dans un TGV impose un arrêt exceptionnel à Massy TGV pour l'intervention des équipes de déminage (26 TGV impactés pour 256 minutes perdues),
- le 8 : un incident électrique au sud de Bordeaux (26 TGV impactés pour 3352 minutes perdues),
- le 15 : un heurt de chevreuil sur la ligne à grande vitesse Atlantiqe (25 TGV impactés pour 1009 minutes perdues),
- le 22 : des limitations de vitesse imposées par les fortes chaleurs en Nouvelle Aquitaine (14 TGV impactés pour 365 minutes perdues),
- le 23 : des limitations de vitesse imposées par les fortes chaleurs en Nouvelle Aquitaine (38 TGV impactés pour 1087 minutes perdues)  et plusieurs départs de feux déclanchés par un train de marchandises au sud de Bordeaux (7 TGV impactés pour 1601 minutes perdues),
- le 28 : un défaut technique sur la voie sur la ligne à grande vitesse Atlantique (45 TGV impactés pour 1217 minutes perdues).";29;45.61091954;13;4;37.93103448;27.5862069;6.896551724;20.68965517;3.448275862;3.448275862
2019-07;National;LYON PART DIEU;RENNES;234;97;5;;88;10.33825758;9.884963768;;34;33.39705882;15.46630435;"Ce mois ci, la destination a été marquée par les incidents suivants : 
- le 2 : le heurt d'un animal sur la ligne à grande vitesse Bretagne Pays de la Loire (9 TGV impactés pour 170 minutes perdues),
- le 3 : un bagage abandonné dans un TGV impose un arrêt exceptionnel à Massy TGV pour l'intervention des équipes de déminage (26 TGV impactés pour 256 minutes perdues),
- le 9 : une détection de chute de pierre déclenche les systèmes de protection aux abords des voies entre Angers et Nantes (12 TGV impactés pour 886 minutes perdues),
- le 15 : un heurt de chevreuil sur la ligne à grande vitesse Atlantiqe (25 TGV impactés pour 1009 minutes perdues),
- le 25 : un incendie aux abords des voies sur la ligne à grande vitesse Bretagne Pays de la Loire (42 TGV impactés pour 1203 minutes perdues),
- le 28 : un défaut technique sur la voie sur la ligne à grande vitesse Atlantique (45 TGV impactés pour 1217 minutes perdues).";34;33.39705882;15;5;8.823529412;8.823529412;38.23529412;26.47058824;5.882352941;11.76470588
2019-07;National;STRASBOURG;PARIS EST;116;634;97;;458;9.335298399;7.914276847;;92;53.03532609;10.2342334;"Impact de l‘accident de personne à CGV le 12/07 : 4 trains touchés avec un retard moyen de 160 minutes 
Plusieurs impacts de bagages abandonnés sur le 2440 : les 09, 10, 29 et 31/07 pour un retard moyen de 56 minutes
Csq de dérangements d’installations : Franchissement intempestif du 2922 en sémaphore à Gagny ? impact 2404, 2400 le 01 et 2350 le 04 pour 10 minutes de retard en moyenne + C 2444 en présentation intempestive de l'indication ""A"" ? Impact 2350 pour 14 minutes + intervalle en non libération a Vieux Lixheim le 22 ? Impact 2454 pour 16 minutes
Heurt animal à Lorraine le 18 : Retard du 2404 pour 22 minutes et du 2350 pour 17
Attente mat le 16 : réut du 5401 pour faire 2430 (21 minutes) + Attente personnel le 27 : ASCT rapatrié par TER  retardant le 2350 (33 minutes)
Espacement suite incident interface sol machine du 2580 ? 2454 retardé de 12 minutes
Incident porte sur 2474 le 28/07 : retard de 13 minutes
Csq attente documents ADC suite moteur isolé sur 9575 le 18? 2362 retardé de 10 minutes";68;67.32328431;38;25;27.27272727;14.77272727;27.27272727;21.59090909;2.272727273;6.818181818
2019-07;National;LILLE;PARIS NORD;63;617;66;;337;4.292433234;2.4961585;;99;17.49511785;3.350544465;;32;35.4421875;15;5;20.68965517;20.68965517;26.43678161;20.68965517;10.34482759;1.149425287
2019-07;National;LILLE;LYON PART DIEU;191;259;4;;189;8.204409171;6.036797386;;47;41.28191489;9.819673203;"Hausse de l’irrégularité côté « Réseau externe », soit 5,81 points avec les conséquences des incendies de Marseille le 13 et Vianges le 17 ( 7tgv retardés), avec le jet de projectile à Moussy le 15 sur le tgv 7130 (3 tgv) et suite au heurt de chevreuil le 26 à Fresnoy (3 Tgv retardés)-
Ensuite le secteur des travaux est marquant avec des LTV : LTV 120  V1-V2 avec les travaux de  Avignon/Senas ou Bonpas, des IO au quotidien du 05 au 30 juillet, 20 Tgv concernés pour des retards de 5 à 10 min environ,  LTV de Sathonay (TIV 40-V1 et V2) avec 35 tgv retardés pour des retards de 5 à 10 min, ce du 01 au 29 juillet (travaux Pôle échange Multimodal), et suite au passage de la rame IRIS sur LN3 une LTV 170 mise en place le lundi 29 et mardi 30 avec 5 tgv concernés pour des retards de 5 à 10 minutes.
En ce qui concerne les causes « Voyages hors Matériel », le secteur des Gares est dominant en cette période faste de vacances , les causes Escale Service Voyageur ou Produit train dominent, on retrouve les correspondances, les montées de groupes, l’affluence surtout et les interventions Police ou pompiers. Pour le reste il s’agit pour un point du domaine Externe avec les bagages abandonnés, et un point aussi pour les attentes Personnel (Asct, Crml ou Adc) sans récurrence dans les faits.";40;46.49041667;22;8;21.27659574;31.91489362;12.76595745;17.0212766;10.63829787;6.382978723
2019-07;National;PARIS LYON;NIMES;176;358;1;;135;13.43876543;4.558730159;;62;30.9266129;6.483800187;;50;35.3;23;5;17.74193548;14.51612903;19.35483871;37.09677419;8.064516129;3.225806452
2019-07;International;LAUSANNE;PARIS LYON;192;146;0;;114;3.232309942;0.823515982;;15;30.94230769;3.363127854;;15;33.85833333;6;1;0.0;38.46153846;38.46153846;15.38461538;0.0;7.692307692
2019-07;International;FRANCFORT;PARIS EST;229;196;25;;143;3.93018648;3.241812865;;31;67.1183908;13.53918129;;31;66.06888889;19;8;32.14285714;0.0;21.42857143;32.14285714;10.71428571;3.571428571
2019-07;International;ITALIE;PARIS LYON;256;128;69;;40;4.315833333;2.260451977;;11;48.43888889;10.12118644;;11;53.57833333;9;2;37.5;0.0;37.5;25.0;0.0;0.0
2019-07;National;BORDEAUX ST JEAN;PARIS MONTPARNASSE;147;808;9;;411;10.31759935;5.144910305;;133;37.05288221;7.45738423;;97;46.34123711;49;16;35.8778626;19.08396947;19.08396947;13.74045802;3.816793893;8.396946565
2019-07;National;AVIGNON TGV;PARIS LYON;164;513;4;;402;7.420563847;5.772364113;;92;31.67427536;6.36129666;;69;38.18743961;36;7;16.30434783;23.91304348;21.73913043;22.82608696;10.86956522;4.347826087
2019-07;National;PARIS MONTPARNASSE;ANGERS SAINT LAUD;94;411;0;;284;6.8467723;4.577372263;;61;18.85491803;4.025506894;;25;32.54933333;11;2;25.45454545;21.81818182;29.09090909;18.18181818;1.818181818;3.636363636
2019-07;National;PARIS LYON;NICE VILLE;356;259;0;;128;12.83489583;6.044851995;;45;51.57888889;11.84607465;;45;51.57888889;25;12;28.88888889;17.77777778;28.88888889;20.0;2.222222222;2.222222222
2019-07;National;PARIS LYON;LYON PART DIEU;120;549;17;;173;9.601541426;2.774874687;;64;29.92109375;4.437562657;;46;39.12703704;24;10;13.33333333;20.0;10.0;48.33333333;8.333333333;0.0
2019-07;National;BORDEAUX ST JEAN;TOURCOING;299;10;0;;6;6.613888889;3.84;;1;27.0;5.8;;1;27.0;0;0;100.0;0.0;0.0;0.0;0.0;0.0
2019-07;National;TOURCOING;BORDEAUX ST JEAN;289;12;0;;4;2.654166667;0.884722222;;0;0.0;-0.068055556;;0;0.0;0;0;0.0;0.0;0.0;0.0;0.0;0.0
2019-07;International;STUTTGART;PARIS EST;202;168;29;;136;8.092769608;7.856594724;;29;56.87013889;14.15119904;;29;66.03466667;16;11;20.83333333;16.66666667;37.5;16.66666667;0.0;8.333333333
2019-07;International;PARIS LYON;BARCELONA;319;124;1;;57;17.94064327;7.985230352;;39;57.84408602;19.55907859;;39;60.12962963;24;12;13.33333333;10.0;26.66666667;33.33333333;16.66666667;0.0
2019-07;National;PARIS NORD;DUNKERQUE;114;248;3;;136;31.76911765;17.4337415;;32;23.921875;2.883673469;;21;29.95238095;10;0;12.5;25.0;12.5;25.0;21.875;3.125
2019-07;National;MARNE LA VALLEE;MARSEILLE ST CHARLES;217;268;0;;238;10.39166667;9.198072139;;66;50.36136364;14.9960199;"Le 07 Juillet  cette journée est marquée par le décontrôle d’aiguille sur LN 1 vers Le Creusot TGV
Le 09 Juillet un dérangement de commutateur à Pasilly affecte 46 TGV .
Le 23 Juillet  c’est un incendie aux abord des voies vers Cavaillon et 2 décontroles d’aiguille à Pasilly suite à un défaut de graissage qui nous font chuter notre régularité";66;50.36136364;34;22;24.61538462;15.38461538;15.38461538;24.61538462;10.76923077;9.230769231
2019-07;National;MONTPELLIER;PARIS LYON;206;498;126;;327;11.54051988;10.11899642;;75;44.00733333;9.19171147;;75;44.00733333;44;14;32.43243243;29.72972973;20.27027027;10.81081081;4.054054054;2.702702703
2019-07;National;PARIS MONTPARNASSE;POITIERS;99;518;0;;365;10.61429224;7.314671815;;90;19.12796296;4.536068211;;42;30.49404762;17;2;16.04938272;23.45679012;32.09876543;20.98765432;4.938271605;2.469135802
2019-07;National;PARIS LYON;ANNECY;222;131;0;;46;13.86847826;4.544020356;;19;41.05263158;7.893129771;Le 02 Juillet  ce sont  les conséquences des intempéries de fin de soirée de la veille en région AURA avec fermetures de ligne SAG Chambéry, SAG Moirans, Annecy Aix et Grenoble Chambéry qui impacte fortement notre régularité.;19;41.05263158;11;3;11.11111111;16.66666667;22.22222222;38.88888889;11.11111111;0.0
2019-07;National;PARIS LYON;LE CREUSOT MONTCEAU MONTCHANIN;80;208;0;;72;10.67175926;3.355288462;;30;22.44222222;2.792467949;;14;38.98690476;7;2;13.79310345;20.68965517;3.448275862;44.82758621;13.79310345;3.448275862
2019-07;National;MULHOUSE VILLE;PARIS LYON;168;313;0;;244;5.07192623;3.892066028;;28;39.05833333;2.884984026;;23;45.06594203;10;6;17.85714286;25.0;32.14285714;10.71428571;7.142857143;7.142857143
2019-07;National;PARIS NORD;LILLE;63;554;6;;425;15.15905882;11.66061436;;87;26.03409962;4.193856448;;50;40.23469388;25;8;21.17647059;24.70588235;12.94117647;23.52941176;14.11764706;3.529411765
2019-07;National;LAVAL;PARIS MONTPARNASSE;90;219;0;;137;3.150121655;1.865144597;;27;25.7617284;4.177853881;;13;50.99583333;6;2;15.78947368;10.52631579;42.10526316;26.31578947;0.0;5.263157895
2019-07;National;PARIS MONTPARNASSE;NANTES;132;510;0;;349;5.862655205;3.85630719;;56;30.36755952;4.556601307;;33;42.98232323;16;6;26.78571429;21.42857143;25.0;25.0;1.785714286;0.0
2019-07;National;PARIS LYON;MONTPELLIER;208;360;1;;135;12.40604938;4.146425255;;54;38.70987654;6.323816156;;54;38.46242424;31;8;19.23076923;25.0;17.30769231;32.69230769;5.769230769;0.0
2019-07;National;ST MALO;PARIS MONTPARNASSE;172;114;0;;101;1.950990099;1.685672515;;15;20.61888889;3.812134503;;8;27.62083333;2;0;15.38461538;15.38461538;23.07692308;38.46153846;0.0;7.692307692
2019-07;National;PARIS NORD;ARRAS;50;287;7;;125;10.7148;4.541547619;;46;23.12898551;4.368452381;;27;33.98271605;11;4;15.55555556;15.55555556;24.44444444;17.77777778;26.66666667;0.0
2019-07;National;PARIS LYON;AVIGNON TGV;160;519;0;;188;6.681648936;2.065671162;;66;24.68636364;3.905876686;;38;33.82807018;19;2;15.15151515;16.66666667;37.87878788;19.6969697;7.575757576;3.03030303
2019-07;National;PARIS LYON;MULHOUSE VILLE;168;307;0;;112;6.053571429;1.961292074;;41;30.77235772;4.830076004;;32;36.665625;13;6;9.756097561;21.95121951;21.95121951;31.70731707;14.63414634;0.0
2019-07;National;ANNECY;PARIS LYON;231;180;44;;21;144.5984127;22.32683824;;11;36.42272727;4.003431373;;11;36.42272727;5;1;18.18181818;18.18181818;36.36363636;18.18181818;9.090909091;0.0
2019-07;National;GRENOBLE;PARIS LYON;183;162;1;;30;196.2105556;36.56097308;;13;35.50641026;3.182919255;;13;35.50641026;5;1;23.07692308;7.692307692;38.46153846;15.38461538;7.692307692;7.692307692
2019-07;National;NIMES;PARIS LYON;176;485;126;;311;11.33853162;9.798096565;;89;38.97172285;9.446703807;;74;44.34684685;44;14;32.95454545;29.54545455;19.31818182;10.22727273;4.545454545;3.409090909
2019-07;National;POITIERS;PARIS MONTPARNASSE;100;421;0;;267;25.23701623;15.83653998;;90;18.96037037;5.291765637;"Ce mois ci, la destination a été marquée par les incidents suivants : 
- le 1er : la panne d'un TER à l'entrée de Paris-Montparnasse (7 TGV impactés pour 269 minutes perdues), 
- le 3 : un bagage abandonné dans un TGV impose un arrêt exceptionnel à Massy TGV pour l'intervention des équipes de déminage (26 TGV impactés pour 256 minutes perdues),
- le 8 : un incident électrique au sud de Bordeaux (26 TGV impactés pour 3352 minutes perdues),
- le 15 : un heurt de chevreuil sur la ligne à grande vitesse Atlantiqe (25 TGV impactés pour 1009 minutes perdues),
- le 19 : un heurt de chevreuil entre Angoulême et Poitiers (7 TGV impactés pour 390 minutes perdues),
- le 22 : des limitations de vitesse imposées par les fortes chaleurs en Nouvelle Aquitaine (14 TGV impactés pour 365 minutes perdues),
- le 23 : des limitations de vitesse imposées par les fortes chaleurs en Nouvelle Aquitaine (38 TGV impactés pour 1087 minutes perdues)  et plusieurs départs de feux déclanchés par un train de marchandises au sud de Bordeaux (7 TGV impactés pour 1601 minutes perdues),
- le 28 : un défaut technique sur la voie sur la ligne à grande vitesse Atlantique (45 TGV impactés pour 1217 minutes perdues).";33;34.68181818;12;3;17.72151899;16.4556962;34.17721519;12.65822785;2.53164557;16.4556962
2019-07;National;PARIS MONTPARNASSE;ST PIERRE DES CORPS;67;404;4;;284;8.379107981;5.803125;;73;19.60844749;4.176208333;;28;37.65833333;12;3;18.46153846;12.30769231;40.0;16.92307692;7.692307692;4.615384615
2019-07;International;BARCELONA;PARIS LYON;326;123;0;;66;11.80681818;5.687127371;;40;52.24635417;16.14254743;;40;55.73666667;26;9;37.5;18.75;15.625;15.625;9.375;3.125
2019-07;National;PARIS MONTPARNASSE;LA ROCHELLE VILLE;175;242;0;;178;9.780805243;7.033608815;;47;27.08510638;6.123966942;;35;32.05714286;14;2;20.0;24.44444444;26.66666667;24.44444444;0.0;4.444444444
2019-07;National;MACON LOCHE;PARIS LYON;102;266;74;;184;8.350271739;7.989930556;;16;26.04375;4.283072917;;13;50.45833333;8;3;12.5;18.75;25.0;18.75;25.0;0.0
2019-07;National;QUIMPER;PARIS MONTPARNASSE;229;244;11;;128;85.45898438;46.94713877;;14;29.99166667;3.399284692;;14;29.99166667;5;1;21.42857143;35.71428571;14.28571429;21.42857143;0.0;7.142857143
2019-07;National;PARIS EST;REIMS;46;222;6;;190;4.985263158;4.361882716;;36;28.53935185;5.154243827;;18;47.84166667;11;5;32.35294118;14.70588235;17.64705882;23.52941176;11.76470588;0.0
2019-07;National;MARSEILLE ST CHARLES;TOURCOING;310;10;0;;2;26.275;4.928333333;;2;31.0;7.5;;2;31.0;1;0;0.0;0.0;50.0;50.0;0.0;0.0
2019-07;National;MARNE LA VALLEE;LYON PART DIEU;111;313;4;;299;10.08478261;9.754045307;;62;40.22607527;9.780204962;"Le 02 Juillet  ce sont  les conséquences des intempéries de fin de soirée de la veille en région AURA avec fermetures de ligne SAG Chambéry, SAG Moirans, Annecy Aix et Grenoble Chambéry qui impacte fortement notre régularité.   
Le 07 Juillet  cette journée est marquée par le décontrôle d’aiguille sur LN 1 vers Le Creusot TGV
Le 09 Juillet un dérangement de commutateur à Pasilly affecte 46 TGV .
Le 23 Juillet  c’est un incendie aux abord des voies vers Cavaillon et 2 décontroles d’aiguille à Pasilly suite à un défaut de graissage qui nous font chuter notre régularité";44;51.82272727;25;10;17.74193548;30.64516129;16.12903226;19.35483871;11.29032258;4.838709677
2019-07;National;PARIS EST;NANCY;96;300;0;;240;4.612222222;3.649722222;;29;52.37873563;4.963666667;"Impact de l‘accident de personne à CGV le 12/07 : 10 trains touchés, retards entre 10 et 359 minutes (moyenne de 98’)
Plusieurs dérangements d’installations : Sémaphore à Vaires : 2593 les 01 et 03, 2573 et 2593 le 08 à Gagny (2541 le 01) ; Zone à Meuse (2547 le 03), franchissement signal fermé : 2515 le 19 à Le Raincy
Csq colis suspect à PE le 06 sur 2573 et 2549 (35’ de retard moyen)
Attentes matériel : le 26 sur 2527 (réut du 2757) et le 30 sur 2593 (départ US)
Rétention csq dds suite isolement disjoncteur à la sortie de NY (2583 et 2549 le 10/07)
Raté ouverture PN : 2501 le 16 à Vandières  et 2571 le 17 à Remiremont  (11 et 7 minutes de retard)
Pb caténaire : pigeon sur la caténaire le 18/07 à PE (2521 retardé de 26’) et boule de feu provenant de la caténaire avec début incendie le 26 à Noisy (2505 prend 50’ de retard)
Csq soin matériel roulant : bloc moteur isolé du 837541 le 02 à PAM ?2541 retardé de 14’ et pb identification du cab sur 2757 le 07 ? 2595 retardé de 18’
Intervention pompier le 26 sur 2571 (14’)
Difficulté d’accroche du 2573 le 14 : trains dédoublé suite impossibilité à faire l’UM (33’)";23;63.1173913;18;6;41.37931034;20.68965517;17.24137931;6.896551724;13.79310345;0.0
2019-07;International;PARIS EST;FRANCFORT;226;170;0;;126;6.085978836;4.459803922;;32;43.0797619;14.22490196;;32;59.95287356;21;12;30.76923077;11.53846154;19.23076923;30.76923077;3.846153846;3.846153846
2019-07;National;RENNES;PARIS MONTPARNASSE;104;656;45;;438;7.389802131;5.232678669;;66;27.86767677;4.48172395;;43;40.20284553;18;3;20.68965517;22.4137931;22.4137931;25.86206897;3.448275862;5.172413793
2019-07;International;GENEVE;PARIS LYON;187;212;8;;200;5.667083333;5.409150327;;20;32.93958333;5.905800654;;20;52.78333333;9;3;18.75;43.75;25.0;6.25;0.0;6.25
2019-07;National;REIMS;PARIS EST;46;220;10;;145;3.60908046;2.441031746;;37;20.32612613;4.259047619;;13;40.73974359;6;3;21.875;18.75;31.25;18.75;9.375;0.0
2019-07;National;PARIS NORD;DOUAI;67;180;3;;63;13.86216931;4.626082863;;30;25.51388889;3.633050847;;18;35.61388889;10;3;6.666666667;26.66666667;20.0;20.0;26.66666667;0.0
2019-07;National;PARIS LYON;GRENOBLE;181;164;0;;66;5.548989899;1.951626016;;17;33.94117647;4.576219512;;17;33.94117647;8;2;46.66666667;6.666666667;20.0;26.66666667;0.0;0.0
2019-07;National;LE CREUSOT MONTCEAU MONTCHANIN;PARIS LYON;80;225;10;;202;9.921782178;9.305968992;;69;18.33478261;6.293953488;;29;31.84367816;12;4;4.347826087;33.33333333;26.08695652;14.49275362;11.5942029;10.14492754
2019-07;National;PARIS LYON;MACON LOCHE;98;213;19;;69;15.65603865;5.231013746;;21;29.60873016;3.834879725;;13;39.87179487;7;3;10.0;5.0;5.0;70.0;5.0;5.0
2019-07;National;MARSEILLE ST CHARLES;PARIS LYON;203;488;4;;226;7.27300885;3.137982094;;69;43.17729469;7.287982094;;69;43.17729469;34;12;20.28985507;27.53623188;14.49275362;26.08695652;8.695652174;2.898550725
2019-07;International;ZURICH;PARIS LYON;237;148;0;;148;1.839301802;1.839301802;;14;31.10238095;2.362274775;;13;32.55;4;2;7.142857143;28.57142857;50.0;0.0;14.28571429;0.0
2019-07;National;LA ROCHELLE VILLE;PARIS MONTPARNASSE;174;235;0;;99;6.206565657;2.611631206;;18;26.28518519;4.48070922;;12;32.96944444;4;1;17.64705882;17.64705882;41.17647059;11.76470588;0.0;11.76470588
2019-07;National;VANNES;PARIS MONTPARNASSE;158;255;11;;187;3.460427807;2.65204918;;28;22.93154762;3.765983607;;16;30.86666667;6;1;21.73913043;30.43478261;21.73913043;13.04347826;8.695652174;4.347826087
2019-07;National;NANCY;PARIS EST;96;321;12;;206;6.433333333;4.220927724;;28;36.18452381;3.927076591;;20;45.68916667;9;5;10.71428571;28.57142857;25.0;21.42857143;3.571428571;10.71428571
2019-07;National;DOUAI;PARIS NORD;77;204;11;;162;50.27726337;42.17452504;;37;16.55900901;4.084283247;;13;30.63589744;5;0;13.79310345;27.5862069;31.03448276;17.24137931;6.896551724;3.448275862
2019-07;National;AIX EN PROVENCE TGV;PARIS LYON;188;433;0;;413;5.87259887;5.589684373;;55;35.2369697;5.516743649;;55;35.2369697;26;7;24.07407407;29.62962963;11.11111111;27.77777778;3.703703704;3.703703704
2019-07;National;PARIS LYON;CHAMBERY CHALLES LES EAUX;184;136;43;;41;17.19756098;7.306630824;;16;41.86354167;8.291218638;Le 02 Juillet  ce sont  les conséquences des intempéries de fin de soirée de la veille en région AURA avec fermetures de ligne SAG Chambéry, SAG Moirans, Annecy Aix et Grenoble Chambéry qui impacte fortement notre régularité.;13;48.92692308;6;3;13.33333333;20.0;20.0;33.33333333;13.33333333;0.0
2019-07;National;PARIS MONTPARNASSE;ANGOULEME;132;299;0;;189;5.377777778;3.195707915;;60;28.59888889;7.047045708;"Ce mois ci, la destination a été marquée par les incidents suivants : 
- le 1er : la panne d'un TER à l'entrée de Paris-Montparnasse (7 TGV impactés pour 269 minutes perdues), 
- le 3 : un bagage abandonné dans un TGV impose un arrêt exceptionnel à Massy TGV pour l'intervention des équipes de déminage (26 TGV impactés pour 256 minutes perdues),
- le 8 : un incident électrique au sud de Bordeaux (26 TGV impactés pour 3352 minutes perdues),
- le 15 : un heurt de chevreuil sur la ligne à grande vitesse Atlantiqe (25 TGV impactés pour 1009 minutes perdues),
- le 19 : un heurt de chevreuil entre Angoulême et Poitiers (7 TGV impactés pour 390 minutes perdues),
- le 22 : des limitations de vitesse imposées par les fortes chaleurs en Nouvelle Aquitaine (14 TGV impactés pour 365 minutes perdues),
- le 23 : des limitations de vitesse imposées par les fortes chaleurs en Nouvelle Aquitaine (38 TGV impactés pour 1087 minutes perdues)  et plusieurs départs de feux déclanchés par un train de marchandises au sud de Bordeaux (7 TGV impactés pour 1601 minutes perdues),
- le 28 : un défaut technique sur la voie sur la ligne à grande vitesse Atlantique (45 TGV impactés pour 1217 minutes perdues).";41;36.07642276;16;4;16.66666667;20.0;30.0;26.66666667;1.666666667;5.0
2019-07;National;SAINT ETIENNE CHATEAUCREUX;PARIS LYON;168;123;7;;54;77.74228395;35.14971264;;23;28.33913043;6.454741379;;11;45.6;6;2;21.73913043;30.43478261;34.7826087;0.0;13.04347826;0.0
2019-07;National;LYON PART DIEU;PARIS LYON;121;597;41;;470;4.69677305;3.941876499;;110;25.8619697;6.519004796;;74;33.63242009;30;8;18.69158879;28.03738318;20.56074766;12.14953271;15.88785047;4.672897196
2019-07;National;LE MANS;PARIS MONTPARNASSE;62;435;5;;391;3.896973572;3.529341085;;91;18.44065934;4.430193798;"Ce mois ci, la destination a été marquée par les incidents suivants : 
- le 1er : la panne d'un TER à l'entrée de Paris-Montparnasse (7 TGV impactés pour 269 minutes perdues), 
- le 2 : le heurt d'un animal sur la ligne à grande vitesse Bretagne Pays de la Loire (9 TGV impactés pour 170 minutes perdues),
- le 3 : un bagage abandonné dans un TGV impose un arrêt exceptionnel à Massy TGV pour l'intervention des équipes de déminage (26 TGV impactés pour 256 minutes perdues),
- le 9 : une détection de chute de pierre déclenche les systèmes de protection aux abords des voies entre Angers et Nantes (12 TGV impactés pour 886 minutes perdues),
- le 15 : un heurt de chevreuil sur la ligne à grande vitesse Atlantiqe (25 TGV impactés pour 1009 minutes perdues),
- le 25 : un incendie aux abords des voies sur la ligne à grande vitesse Bretagne Pays de la Loire (42 TGV impactés pour 1203 minutes perdues),
- le 28 : un défaut technique sur la voie sur la ligne à grande vitesse Atlantique (45 TGV impactés pour 1217 minutes perdues).";30;42.36724138;13;4;16.17647059;32.35294118;26.47058824;14.70588235;2.941176471;7.352941176
2019-07;National;PARIS MONTPARNASSE;ST MALO;162;119;0;;87;14.28601533;10.26764706;;15;36.07666667;4.965966387;;12;41.70277778;8;2;40.0;20.0;0.0;26.66666667;6.666666667;6.666666667
2019-07;National;PARIS EST;METZ;85;323;0;;239;10.27845188;7.55247678;;52;37.14487179;5.523632611;;28;60.87440476;16;11;24.0;18.0;16.0;26.0;16.0;0.0
2019-07;National;PARIS LYON;AIX EN PROVENCE TGV;188;403;0;;152;6.755263158;2.214061208;;40;41.75958333;5.190363937;"Le 07 Juillet  cette journée est marquée par le décontrôle d’aiguille sur LN 1 vers Le Creusot TGV
Le 09 Juillet un dérangement de commutateur à Pasilly affecte 46 TGV .
Le 23 Juillet  c’est un incendie aux abord des voies vers Cavaillon et 2 décontroles d’aiguille à Pasilly suite à un défaut de graissage qui nous font chuter notre régularité";40;41.75958333;23;7;30.0;22.5;17.5;27.5;2.5;0.0
2019-07;National;PARIS LYON;DIJON VILLE;95;442;0;;166;6.537449799;2.19841629;;37;32.90585586;2.387443439;;24;43.97916667;16;6;13.51351351;18.91891892;13.51351351;37.83783784;16.21621622;0.0
2019-07;National;PARIS LYON;PERPIGNAN;306;201;1;;85;15.32745098;6.1805;;50;40.04866667;10.979;;50;40.04866667;27;11;24.0;18.0;22.0;26.0;10.0;0.0
2019-07;National;PERPIGNAN;PARIS LYON;306;321;126;;132;9.453409091;6.318461538;;53;47.50880503;13.18811966;;53;47.50880503;33;11;28.84615385;25.0;26.92307692;9.615384615;5.769230769;3.846153846
2019-07;National;TOULON;PARIS LYON;248;321;0;;289;5.393367935;4.821754933;;50;39.32266667;6.959916926;;50;39.32266667;23;8;16.32653061;32.65306122;20.40816327;14.28571429;12.24489796;4.081632653
2019-07;National;MARSEILLE ST CHARLES;LYON PART DIEU;105;410;5;;259;4.16956242;2.547407407;;98;25.29336735;8.547654321;;64;32.21354167;19;9;23.95833333;16.66666667;30.20833333;12.5;11.45833333;5.208333333
2019-07;National;ARRAS;PARIS NORD;51;331;23;;244;7.065642077;5.560010823;;60;16.97666667;4.134036797;;19;33.90438596;7;1;11.76470588;27.45098039;39.21568627;15.68627451;3.921568627;1.960784314
2019-07;National;PARIS LYON;SAINT ETIENNE CHATEAUCREUX;169;116;0;;35;10.69238095;2.846695402;;21;27.95634921;6.797126437;;9;47.85185185;5;3;10.0;5.0;25.0;35.0;20.0;5.0
2019-07;National;PARIS MONTPARNASSE;BORDEAUX ST JEAN;151;777;0;;471;4.69571833;2.636679537;;99;39.47946128;4.956199056;;75;48.13866667;37;15;18.36734694;27.55102041;21.42857143;30.6122449;2.040816327;0.0
2019-07;National;PARIS EST;STRASBOURG;116;557;0;;414;7.554186795;5.564452424;;59;48.97909605;5.502274087;"Impact de l‘accident de personne à CGV le 12/07 : 3 trains touchés avec un retard moyen de 108 minutes 
Plusieurs dérangements d’installations : Fermeture intempestive du signal à le Raincy le 18 ? 2377 retardé de 16’ + zone 2373 en non libération le 19 ?2409 retardé de 18’ + csq C2901 en fermeture intempestive le 19 ? 2443 impacté de 60’
Csq soin matériel roulant : pb identification du cab sur 2757 le 07 ? 2465 retardé de 11’  + Attente documents ADC suite à un moteur isolé ? 2369 le 18 retardé de 18’
Bagage abandonné voiture 6 dans 2409 à PE : 40 minutes de retard
Attente matériel à PE les 04 suite réutilisation de la rame du 2580 ? 2465 retardé de 11 minutes
Attente procédure départ à PE le 02 sur 2465 suite départ feu blanc (11’)
Rétention du 2409 suite pb pantographe sur 9558 le 12 (26 minutes de retard)
Rétention du 2443 suite arbres sur les voies le 30 (15 minutes)";47;58.3787234;31;13;40.35087719;12.28070175;8.771929825;26.31578947;12.28070175;0.0
2019-07;National;DUNKERQUE;PARIS NORD;116;240;6;;9;10.22222222;0.393162393;;19;20.94385965;2.757478632;;8;32.475;4;0;15.78947368;36.84210526;10.52631579;21.05263158;10.52631579;5.263157895
2019-07;National;LILLE;MARSEILLE ST CHARLES;300;205;0;;105;8.793809524;4.305284553;;45;48.02333333;13.38617886;"Hausse de l’irrégularité côté « Réseau externe », soit 5,81 points avec les conséquences des incendies de Marseille le 13 et Vianges le 17 ( 7tgv retardés), avec le jet de projectile à Moussy le 15 sur le tgv 7130 (3 tgv) et suite au heurt de chevreuil le 26 à Fresnoy (3 Tgv retardés)-
Ensuite le secteur des travaux est marquant avec des LTV : LTV 120  V1-V2 avec les travaux de  Avignon/Senas ou Bonpas, des IO au quotidien du 05 au 30 juillet, 20 Tgv concernés pour des retards de 5 à 10 min environ,  LTV de Sathonay (TIV 40-V1 et V2) avec 35 tgv retardés pour des retards de 5 à 10 min, ce du 01 au 29 juillet (travaux Pôle échange Multimodal), et suite au passage de la rame IRIS sur LN3 une LTV 170 mise en place le lundi 29 et mardi 30 avec 5 tgv concernés pour des retards de 5 à 10 minutes.
En ce qui concerne les causes « Voyages hors Matériel », le secteur des Gares est dominant en cette période faste de vacances , les causes Escale Service Voyageur ou Produit train dominent, on retrouve les correspondances, les montées de groupes, l’affluence surtout et les interventions Police ou pompiers. Pour le reste il s’agit pour un point du domaine Externe avec les bagages abandonnés, et un point aussi pour les attentes Personnel (Asct, Crml ou Adc) sans récurrence dans les faits.";45;48.02333333;22;16;31.81818182;18.18181818;18.18181818;15.90909091;11.36363636;4.545454545
2019-07;National;BESANCON FRANCHE COMTE TGV;PARIS LYON;131;190;0;;135;3.806296296;2.532807018;;11;48.06969697;2.358157895;"Le 02 Juillet  ce sont  les conséquences des intempéries de fin de soirée de la veille en région AURA avec fermetures de ligne SAG Chambéry, SAG Moirans, Annecy Aix et Grenoble Chambéry qui impacte fortement notre régularité.   
Le 07 Juillet  cette journée est marquée par le décontrôle d’aiguille sur LN 1 vers Le Creusot TGV
Le 09 Juillet un dérangement de commutateur à Pasilly affecte 46 TGV .
Le 23 Juillet  c’est un incendie aux abord des voies vers Cavaillon et 2 décontroles d’aiguille à Pasilly suite à un défaut de graissage qui nous font chuter notre régularité";8;61.91041667;5;4;27.27272727;36.36363636;9.090909091;18.18181818;0.0;9.090909091
2019-07;International;PARIS LYON;LAUSANNE;174;147;0;;46;6.317028986;1.683106576;;24;57.02847222;11.31360544;;14;88.75714286;7;4;14.28571429;23.80952381;19.04761905;14.28571429;19.04761905;9.523809524
2019-07;International;PARIS LYON;ZURICH;236;151;0;;59;4.700564972;1.574282561;;25;33.43933333;7.627483444;;23;35.33913043;10;2;12.5;16.66666667;41.66666667;20.83333333;8.333333333;0.0
2019-07;International;MADRID;MARSEILLE ST CHARLES;198;30;0;;14;9.930952381;3.788333333;;7;66.13095238;17.85777778;;7;66.13095238;7;5;28.57142857;0.0;42.85714286;28.57142857;0.0;0.0
2019-07;National;LYON PART DIEU;LILLE;187;287;66;;195;9.380854701;8.261915535;;94;31.20106383;15.28378582;;81;34.34259259;29;10;18.27956989;25.80645161;37.6344086;10.75268817;5.376344086;2.150537634
2019-07;National;BELLEGARDE (AIN);PARIS LYON;162;227;8;;208;6.537740385;6.072907154;;29;21.0137931;4.668493151;;19;41.56944444;8;2;27.5862069;31.03448276;31.03448276;3.448275862;0.0;6.896551724
2019-07;National;MARSEILLE ST CHARLES;LILLE;285;207;14;;88;6.729734848;1.23955095;;70;34.99285714;14.65854922;;70;34.99285714;29;9;25.71428571;15.71428571;32.85714286;15.71428571;7.142857143;2.857142857
2019-07;National;MONTPELLIER;LYON PART DIEU;112;284;66;;199;5.65921273;5.15206422;;28;44.51369048;8.041055046;;22;53.10606061;13;6;25.0;39.28571429;25.0;10.71428571;0.0;0.0
2019-07;National;PARIS MONTPARNASSE;QUIMPER;226;231;0;;163;6.621779141;4.498268398;;24;33.875;5.532467532;;24;33.875;10;2;39.13043478;30.43478261;8.695652174;13.04347826;8.695652174;0.0
2019-07;International;PARIS LYON;GENEVE;183;183;0;;79;12.9721519;5.33989071;;34;49.76519608;11.85500911;;30;54.92777778;13;4;12.12121212;39.39393939;18.18181818;18.18181818;9.090909091;3.03030303
2019-07;National;BREST;PARIS MONTPARNASSE;231;296;34;;152;34.73804825;20.15330789;;17;38.91568627;4.593002545;;17;38.91568627;7;2;29.41176471;41.17647059;5.882352941;23.52941176;0.0;0.0
2019-07;National;PARIS LYON;VALENCE ALIXAN TGV;131;313;1;;121;14.73236915;5.178685897;;55;31.62121212;6.412606838;;39;39.64487179;20;5;12.72727273;14.54545455;20.0;41.81818182;9.090909091;1.818181818
2019-07;National;ANGERS SAINT LAUD;PARIS MONTPARNASSE;96;473;15;;405;2.593580247;2.27852984;;63;19.34470899;3.683660844;;30;30.31777778;8;3;14.28571429;23.21428571;28.57142857;21.42857143;7.142857143;5.357142857
2019-07;National;PARIS MONTPARNASSE;TOULOUSE MATABIAU;266;190;0;;123;4.76598916;2.887719298;;28;47.34345238;8.422105263;"Ce mois ci, la destination a été marquée par les incidents suivants : 
- le 1er : la panne d'un TER à l'entrée de Paris-Montparnasse (7 TGV impactés pour 269 minutes perdues), 
- le 3 : un bagage abandonné dans un TGV impose un arrêt exceptionnel à Massy TGV pour l'intervention des équipes de déminage (26 TGV impactés pour 256 minutes perdues),
- le 8 : un incident électrique au sud de Bordeaux (26 TGV impactés pour 3352 minutes perdues),
- le 15 : un heurt de chevreuil sur la ligne à grande vitesse Atlantiqe (25 TGV impactés pour 1009 minutes perdues),
- le 22 : des limitations de vitesse imposées par les fortes chaleurs en Nouvelle Aquitaine (14 TGV impactés pour 365 minutes perdues),
- le 23 : des limitations de vitesse imposées par les fortes chaleurs en Nouvelle Aquitaine (38 TGV impactés pour 1087 minutes perdues)  et plusieurs départs de feux déclanchés par un train de marchandises au sud de Bordeaux (7 TGV impactés pour 1601 minutes perdues),
- le 28 : un défaut technique sur la voie sur la ligne à grande vitesse Atlantique (45 TGV impactés pour 1217 minutes perdues).";28;47.34345238;13;4;25.92592593;33.33333333;22.22222222;18.51851852;0.0;0.0
2019-07;National;PARIS LYON;BESANCON FRANCHE COMTE TGV;129;181;0;;62;7.046505376;2.177900552;;19;35.41578947;4.082965009;;16;39.746875;7;3;10.52631579;15.78947368;15.78947368;36.84210526;21.05263158;0.0
2019-07;National;ANGOULEME;PARIS MONTPARNASSE;131;247;0;;191;3.576352531;2.678272605;;41;22.92479675;5.233333333;;21;32.96587302;7;2;25.0;15.0;27.5;12.5;2.5;17.5
2019-07;National;PARIS MONTPARNASSE;BREST;227;240;0;;160;21.62083333;14.22381944;;22;35.20454545;4.9;;22;35.20454545;12;2;50.0;22.72727273;13.63636364;13.63636364;0.0;0.0
2019-07;National;RENNES;LYON PART DIEU;243;124;0;;105;28.1184127;23.79018817;;17;44.26470588;7.104569892;"Ce mois ci, la destination a été marquée par les incidents suivants : 
- le 2 : le heurt d'un animal sur la ligne à grande vitesse Bretagne Pays de la Loire (9 TGV impactés pour 170 minutes perdues),
- le 3 : un bagage abandonné dans un TGV impose un arrêt exceptionnel à Massy TGV pour l'intervention des équipes de déminage (26 TGV impactés pour 256 minutes perdues),
- le 9 : une détection de chute de pierre déclenche les systèmes de protection aux abords des voies entre Angers et Nantes (12 TGV impactés pour 886 minutes perdues),
- le 15 : un heurt de chevreuil sur la ligne à grande vitesse Atlantiqe (25 TGV impactés pour 1009 minutes perdues),
- le 25 : un incendie aux abords des voies sur la ligne à grande vitesse Bretagne Pays de la Loire (42 TGV impactés pour 1203 minutes perdues),
- le 28 : un défaut technique sur la voie sur la ligne à grande vitesse Atlantique (45 TGV impactés pour 1217 minutes perdues).";17;44.26470588;11;5;5.882352941;23.52941176;29.41176471;29.41176471;5.882352941;5.882352941
2019-07;International;PARIS EST;STUTTGART;196;139;0;;107;12.90576324;9.893165468;;35;41.33571429;14.3942446;;35;41.33571429;14;5;34.375;25.0;15.625;12.5;9.375;3.125
2019-07;International;MARSEILLE ST CHARLES;MADRID;196;31;0;;26;1.762820513;1.441397849;;5;40.37666667;7.309677419;;5;40.37666667;2;1;20.0;0.0;20.0;20.0;40.0;0.0
2019-07;National;NANTES;PARIS MONTPARNASSE;136;559;15;;304;12.02269737;6.502144608;;63;25.36137566;4.257689951;;44;30.86098485;13;5;16.39344262;19.67213115;27.86885246;22.95081967;6.557377049;6.557377049
2019-07;National;TOURS;PARIS MONTPARNASSE;81;157;0;;77;0.927705628;0.316029724;;21;19.44285714;3.59670913;;8;39.28958333;4;1;6.666666667;6.666666667;53.33333333;13.33333333;6.666666667;13.33333333
2019-07;National;LYON PART DIEU;MARNE LA VALLEE;109;318;66;;219;8.637595129;7.490806878;;86;25.93972868;9.933664021;;60;31.82611111;20;6;15.29411765;21.17647059;42.35294118;12.94117647;5.882352941;2.352941176
2019-07;National;DIJON VILLE;PARIS LYON;98;441;0;;379;4.654441513;3.982123961;;42;33.73849206;2.927739985;;32;40.69583333;13;7;9.523809524;26.19047619;38.0952381;14.28571429;4.761904762;7.142857143
2019-07;National;PARIS MONTPARNASSE;TOURS;79;161;4;;122;13.78101093;10.59087049;;33;11.76161616;3.461252654;"Ce mois ci, la destination a été marquée par les incidents suivants : 
- le 1er : la panne d'un TER à l'entrée de Paris-Montparnasse (7 TGV impactés pour 269 minutes perdues), 
- le 3 : un bagage abandonné dans un TGV impose un arrêt exceptionnel à Massy TGV pour l'intervention des équipes de déminage (26 TGV impactés pour 256 minutes perdues),
- le 8 : un incident électrique au sud de Bordeaux (26 TGV impactés pour 3352 minutes perdues),
- le 15 : un heurt de chevreuil sur la ligne à grande vitesse Atlantiqe (25 TGV impactés pour 1009 minutes perdues),
- le 19 : un heurt de chevreuil entre Angoulême et Poitiers (7 TGV impactés pour 390 minutes perdues),
- le 22 : des limitations de vitesse imposées par les fortes chaleurs en Nouvelle Aquitaine (14 TGV impactés pour 365 minutes perdues),
- le 23 : des limitations de vitesse imposées par les fortes chaleurs en Nouvelle Aquitaine (38 TGV impactés pour 1087 minutes perdues)  et plusieurs départs de feux déclanchés par un train de marchandises au sud de Bordeaux (7 TGV impactés pour 1601 minutes perdues),
- le 28 : un défaut technique sur la voie sur la ligne à grande vitesse Atlantique (45 TGV impactés pour 1217 minutes perdues).";6;26.96944444;2;0;16.0;8.0;60.0;4.0;8.0;4.0
2019-07;National;CHAMBERY CHALLES LES EAUX;PARIS LYON;191;254;133;;93;4.826523297;3.637052342;;16;31.61979167;4.890633609;;13;34.61547619;7;1;26.66666667;13.33333333;40.0;6.666666667;6.666666667;6.666666667
2019-07;National;PARIS LYON;BELLEGARDE (AIN);162;203;0;;85;13.46058824;5.369704433;;44;27.57992424;8.45862069;;30;34.85611111;11;3;14.28571429;35.71428571;19.04761905;19.04761905;9.523809524;2.380952381
2019-07;National;PARIS LYON;MARSEILLE ST CHARLES;202;552;0;;200;5.654416667;1.688858696;;59;45.60112994;6.808816425;;59;45.60112994;38;13;32.20338983;25.42372881;16.94915254;20.33898305;3.389830508;1.694915254
2019-08;National;PARIS MONTPARNASSE;LA ROCHELLE VILLE;175;240;0;;146;2.96586758;1.561180556;;31;31.35483871;4.566666667;;20;41.5;12;4;32.25806452;32.25806452;22.58064516;6.451612903;0.0;6.451612903
2019-08;National;PARIS MONTPARNASSE;POITIERS;99;489;5;;304;3.591008772;1.885847107;;58;20.02356322;2.806921488;;20;41.35;9;6;23.52941176;19.60784314;25.49019608;21.56862745;3.921568627;5.882352941
2019-08;National;ANNECY;PARIS LYON;231;136;0;;14;316.1880952;32.5442402;;24;27.00069444;6.383333333;;24;27.00069444;2;2;29.16666667;20.83333333;33.33333333;4.166666667;8.333333333;4.166666667
2019-08;National;DIJON VILLE;PARIS LYON;98;400;5;;321;4.73317757;3.814978903;;32;41.07135417;2.443544304;;22;53.66212121;14;7;31.25;15.625;28.125;18.75;6.25;0.0
2019-08;National;PARIS NORD;DUNKERQUE;116;233;0;;119;28.37408964;14.26437768;;18;31.30555556;2.060085837;;15;35.03333333;8;2;33.33333333;22.22222222;16.66666667;16.66666667;11.11111111;0.0
2019-08;National;PARIS MONTPARNASSE;NANTES;132;461;0;;292;3.232191781;1.845878525;;38;43.5245614;4.515979754;;29;53.19425287;22;9;29.72972973;45.94594595;10.81081081;10.81081081;0.0;2.702702703
2019-08;National;QUIMPER;PARIS MONTPARNASSE;229;229;6;;134;63.09614428;37.91427504;;9;36.3537037;2.995440957;;9;36.3537037;3;1;11.11111111;33.33333333;11.11111111;33.33333333;0.0;11.11111111
2019-08;National;PARIS LYON;ANNECY;222;125;0;;31;3.421505376;0.4756;;6;43.83333333;3.768;;6;43.83333333;3;1;16.66666667;16.66666667;16.66666667;33.33333333;16.66666667;0.0
2019-08;National;PARIS LYON;MULHOUSE VILLE;168;263;0;;92;6.364311594;1.930291508;;25;31.89266667;3.509442332;;20;36.59833333;11;1;4.0;20.0;16.0;44.0;8.0;8.0
2019-08;National;LYON PART DIEU;MONTPELLIER;114;237;20;;160;5.044479167;3.662903226;;51;21.86372549;5.540860215;;37;25.56531532;9;0;19.60784314;21.56862745;33.33333333;9.803921569;5.882352941;9.803921569
2019-08;International;PARIS LYON;GENEVE;188;147;0;;39;10.67606838;2.454081633;;18;45.22962963;9.246371882;;18;43.88421053;11;5;33.33333333;0.0;11.11111111;33.33333333;22.22222222;0.0
2019-08;National;LA ROCHELLE VILLE;PARIS MONTPARNASSE;175;230;0;;91;4.515750916;1.785;;26;31.90384615;4.956884058;;20;37.865;9;5;19.23076923;34.61538462;3.846153846;19.23076923;3.846153846;19.23076923
2019-08;National;MARNE LA VALLEE;LYON PART DIEU;111;295;8;;276;5.004649758;4.810278746;;31;21.8811828;3.504703833;;20;27.15333333;4;1;35.48387097;12.90322581;22.58064516;16.12903226;9.677419355;3.225806452
2019-08;National;PARIS LYON;MARSEILLE ST CHARLES;200;530;4;;157;6.668895966;1.596958175;;55;44.39969697;6.648700887;;55;44.39969697;30;13;14.81481481;29.62962963;18.51851852;31.48148148;5.555555556;0.0
2019-08;International;MARSEILLE ST CHARLES;MADRID;220;29;0;;22;3.895454545;2.883908046;;8;80.61111111;16.50632184;;8;85.28333333;7;2;66.66666667;0.0;0.0;0.0;33.33333333;0.0
2019-08;International;PARIS LYON;ZURICH;239;145;0;;53;6.912578616;2.256365741;;20;36.6325;7.32908046;;20;36.6325;8;1;5.263157895;21.05263158;26.31578947;36.84210526;5.263157895;5.263157895
2019-08;National;ST PIERRE DES CORPS;PARIS MONTPARNASSE;67;398;0;;337;2.815182987;2.360762144;;65;13.72564103;2.778559464;;18;27.16203704;5;1;10.90909091;29.09090909;25.45454545;20.0;3.636363636;10.90909091
2019-08;National;REIMS;PARIS EST;46;198;2;;112;1.793154762;0.949829932;;15;18.70666667;2.083843537;;8;27.53541667;2;0;15.38461538;53.84615385;15.38461538;15.38461538;0.0;0.0
2019-08;National;STRASBOURG;NANTES;293;61;8;;36;2.319444444;1.481446541;;4;38.8875;5.572641509;;4;38.8875;1;1;0.0;25.0;25.0;50.0;0.0;0.0
2019-08;National;PARIS LYON;AIX EN PROVENCE TGV;188;395;0;;116;9.020114943;2.272025316;;35;39.98;4.93164557;;35;39.98;19;5;15.15151515;30.3030303;12.12121212;33.33333333;9.090909091;0.0
2019-08;National;PARIS LYON;BESANCON FRANCHE COMTE TGV;129;163;0;;47;14.0929078;3.731390593;;14;22.39880952;2.370654397;;8;30.30416667;3;0;14.28571429;14.28571429;21.42857143;35.71428571;7.142857143;7.142857143
2019-08;National;PARIS LYON;PERPIGNAN;305;212;0;;77;12.11580087;3.991509434;;47;48.42765957;12.41926101;;47;48.42765957;20;11;19.56521739;23.91304348;19.56521739;26.08695652;4.347826087;6.52173913
2019-08;International;PARIS LYON;ITALIE;414;80;0;;31;4.161290323;1.331875;;12;45.70833333;6.4875;;12;45.70833333;5;1;16.66666667;16.66666667;25.0;33.33333333;0.0;8.333333333
2019-08;National;ST MALO;PARIS MONTPARNASSE;172;111;0;;76;2.138157895;1.34009009;;10;22.34166667;2.96021021;;7;26.5452381;3;0;30.0;20.0;0.0;30.0;10.0;10.0
2019-08;National;PARIS EST;STRASBOURG;116;529;15;;372;5.167831541;3.674448768;;20;28.65166667;1.414883268;;18;35.68229167;5;2;10.0;45.0;15.0;25.0;5.0;0.0
2019-08;National;LAVAL;PARIS MONTPARNASSE;90;199;0;;106;3.360849057;1.63559464;;17;17.94607843;2.055778894;;7;29.20714286;3;0;13.33333333;26.66666667;20.0;26.66666667;6.666666667;6.666666667
2019-08;National;PARIS MONTPARNASSE;RENNES;104;561;0;;368;3.723007246;2.237373737;;27;31.7617284;1.772133096;;17;43.42058824;11;5;26.92307692;30.76923077;0.0;23.07692308;3.846153846;15.38461538
2019-08;National;RENNES;LYON PART DIEU;243;112;0;;99;46.06212121;40.69151786;;13;31.99487179;4.92202381;;13;31.99487179;5;1;7.692307692;38.46153846;30.76923077;7.692307692;7.692307692;7.692307692
2019-08;National;PARIS EST;NANCY;95;284;0;;215;1.959147287;1.42306338;;10;37.23666667;1.236561033;;10;47.67407407;7;2;30.0;0.0;20.0;30.0;20.0;0.0
2019-08;National;PARIS NORD;DOUAI;67;151;0;;47;17.01595745;4.926048565;;17;19.70882353;1.21401766;;10;28.80666667;5;0;37.5;6.25;25.0;12.5;18.75;0.0
2019-08;National;BESANCON FRANCHE COMTE TGV;PARIS LYON;132;172;0;;127;2.440944882;1.631976744;;7;33.43333333;0.530813953;;5;41.67333333;3;1;42.85714286;28.57142857;28.57142857;0.0;0.0;0.0
2019-08;National;MARSEILLE ST CHARLES;PARIS LYON;204;450;0;;193;7.486960276;2.908814815;;66;39.62979798;6.600222222;;66;39.62979798;26;13;32.30769231;21.53846154;23.07692308;15.38461538;4.615384615;3.076923077
2019-08;National;PARIS LYON;MONTPELLIER;207;330;0;;116;10.0204023;3.141616162;;39;40.76709402;5.46479798;;39;40.76709402;17;8;12.82051282;25.64102564;15.38461538;38.46153846;5.128205128;2.564102564
2019-08;National;MONTPELLIER;PARIS LYON;206;373;28;;306;10.2171024;9.042463768;;92;40.89365942;10.92932367;;92;40.89365942;43;13;31.52173913;26.08695652;16.30434783;8.695652174;13.04347826;4.347826087
2019-08;National;AIX EN PROVENCE TGV;PARIS LYON;189;407;0;;396;6.391835017;6.211466011;;60;30.52055556;5.309049959;;60;30.52055556;21;6;22.03389831;32.20338983;22.03389831;18.6440678;1.694915254;3.389830508
2019-08;National;LYON PART DIEU;PARIS LYON;121;485;9;;382;2.916186736;2.305707283;;46;23.5923913;2.513445378;;27;31.63395062;8;3;18.18181818;13.63636364;36.36363636;6.818181818;15.90909091;9.090909091
2019-08;National;PARIS LYON;NIMES;176;346;0;;125;9.5512;3.078371869;;51;31.27254902;5.666522158;;38;37.98421053;18;7;9.803921569;7.843137255;21.56862745;50.98039216;7.843137255;1.960784314
2019-08;National;PARIS LYON;VALENCE ALIXAN TGV;131;300;0;;107;9.820404984;3.138055556;;38;29.01491228;4.381666667;;24;38.92083333;11;4;5.263157895;10.52631579;21.05263158;50.0;10.52631579;2.631578947
2019-08;National;ANGOULEME;PARIS MONTPARNASSE;133;224;0;;165;3.288888889;2.325967262;;26;16.04230769;3.189657738;;12;21.20833333;1;0;16.66666667;25.0;20.83333333;12.5;8.333333333;16.66666667
2019-08;National;PARIS MONTPARNASSE;ST MALO;162;115;0;;77;6.167748918;3.886086957;;5;22.76333333;1.122608696;;3;29.40555556;1;0;60.0;20.0;0.0;20.0;0.0;0.0
2019-08;International;PARIS LYON;BARCELONA;339;119;0;;48;17.10451389;6.482633053;;31;69.092;18.99495798;;31;66.85747126;17;10;16.0;28.0;24.0;24.0;0.0;8.0
2019-08;International;FRANCFORT;PARIS EST;223;170;4;;138;3.518236715;2.893875502;;30;30.23;6.870281124;;28;31.73511905;10;2;6.666666667;30.0;43.33333333;13.33333333;3.333333333;3.333333333
2019-08;International;MADRID;MARSEILLE ST CHARLES;204;30;0;;14;18.66904762;7.811666667;;7;87.48095238;23.01888889;;7;87.48095238;4;4;14.28571429;14.28571429;42.85714286;14.28571429;14.28571429;0.0
2019-08;National;PARIS MONTPARNASSE;TOULOUSE MATABIAU;266;187;0;;99;12.31111111;6.259269162;;17;55.96568627;4.986809269;;17;55.96568627;8;4;35.29411765;17.64705882;29.41176471;11.76470588;0.0;5.882352941
2019-08;National;BORDEAUX ST JEAN;PARIS MONTPARNASSE;146;797;45;;359;7.43816156;3.209507979;;88;29.94602273;4.608843085;;62;37.66129032;21;9;38.37209302;27.90697674;13.95348837;10.46511628;2.325581395;6.976744186
2019-08;National;BREST;PARIS MONTPARNASSE;231;249;3;;136;35.93382353;19.8651084;;19;34.00964912;4.360704607;;19;34.00964912;8;1;31.57894737;26.31578947;5.263157895;31.57894737;0.0;5.263157895
2019-08;National;LYON PART DIEU;RENNES;235;80;0;;77;11.0991342;10.67916667;;22;38.9;13.81083333;;22;38.9;12;4;13.63636364;9.090909091;27.27272727;36.36363636;9.090909091;4.545454545
2019-08;National;BELLEGARDE (AIN);PARIS LYON;161;187;0;;182;5.511813187;5.354188948;;20;27.23833333;3.098752228;;15;32.10333333;6;1;5.0;10.0;55.0;15.0;5.0;10.0
2019-08;National;METZ;PARIS EST;85;284;5;;239;4.023988842;3.408900836;;54;17.81049383;4.337275986;;21;31.25555556;7;3;7.843137255;25.49019608;43.1372549;7.843137255;7.843137255;7.843137255
2019-08;National;PARIS LYON;GRENOBLE;181;147;0;;45;4.825925926;1.120294785;;16;27.875;3.323129252;;16;27.875;5;1;18.75;31.25;6.25;37.5;6.25;0.0
2019-08;National;PARIS MONTPARNASSE;LE MANS;60;375;0;;248;10.68568548;6.853333333;;44;16.84204545;1.824622222;;12;40.8625;10;1;9.756097561;34.14634146;36.58536585;9.756097561;2.43902439;7.317073171
2019-08;National;PARIS NORD;ARRAS;49;229;0;;85;11.6827451;4.041921397;;20;21.115;1.979839884;;10;33.76166667;6;1;20.0;25.0;15.0;25.0;15.0;0.0
2019-08;International;PARIS EST;STUTTGART;188;145;0;;112;10.36830357;7.961954023;;20;31.46083333;8.407126437;;19;32.305;10;1;26.31578947;31.57894737;21.05263158;21.05263158;0.0;0.0
2019-08;National;PARIS MONTPARNASSE;BORDEAUX ST JEAN;151;737;5;;420;5.673690476;2.920878871;;46;30.65072464;1.473497268;;35;36.44190476;18;4;30.43478261;26.08695652;10.86956522;30.43478261;0.0;2.173913043
2019-08;National;LILLE;LYON PART DIEU;191;251;8;;172;2.134011628;1.462139918;;26;21.4775641;3.469135802;;19;24.85526316;2;1;30.76923077;15.38461538;30.76923077;11.53846154;7.692307692;3.846153846
2019-08;International;ZURICH;PARIS LYON;208;118;0;;118;1.363559322;1.363559322;;3;55.78333333;1.160310734;;3;55.78333333;2;1;33.33333333;0.0;33.33333333;33.33333333;0.0;0.0
2019-08;National;STRASBOURG;PARIS EST;116;504;9;;393;4.971077184;3.897676768;;59;24.4980226;3.841616162;;43;29.16589147;16;2;5.263157895;19.29824561;33.33333333;15.78947368;5.263157895;21.05263158
2019-08;National;PARIS LYON;DIJON VILLE;95;411;0;;111;10.95660661;2.594849959;;30;27.34944444;1.852919708;;23;32.05217391;13;1;3.448275862;20.68965517;10.34482759;58.62068966;3.448275862;3.448275862
2019-08;National;PARIS LYON;NICE VILLE;356;269;0;;90;9.530740741;2.75755886;;40;50.5925;9.826084263;;40;50.5925;23;11;30.76923077;23.07692308;23.07692308;20.51282051;2.564102564;0.0
2019-08;National;PARIS MONTPARNASSE;ST PIERRE DES CORPS;67;378;0;;238;2.620728291;1.262301587;;42;13.79761905;1.949691358;;13;25.70641026;4;0;19.51219512;19.51219512;36.58536585;19.51219512;4.87804878;0.0
2019-08;National;PARIS MONTPARNASSE;TOURS;79;144;0;;88;3.596590909;1.979513889;;21;14.19603175;2.629861111;;5;31.51666667;3;0;14.28571429;23.80952381;42.85714286;19.04761905;0.0;0.0
2019-08;National;TOURS;PARIS MONTPARNASSE;82;146;0;;70;0.656666667;0.113812785;;19;10.98245614;2.184817352;;3;27.01111111;2;0;7.142857143;14.28571429;57.14285714;21.42857143;0.0;0.0
2019-08;National;PARIS EST;REIMS;46;207;0;;170;1.596568627;1.267552335;;15;12.63888889;1.06747182;;3;27.43888889;1;0;7.142857143;35.71428571;21.42857143;21.42857143;7.142857143;7.142857143
2019-08;National;NANTES;STRASBOURG;305;53;0;;27;29.85925926;15.04465409;;6;46.15;6.924213836;;6;46.15;3;2;16.66666667;16.66666667;33.33333333;33.33333333;0.0;0.0
2019-08;National;PARIS MONTPARNASSE;VANNES;155;203;0;;118;3.748305085;1.901149425;;14;36.71428571;2.980295567;;11;43.18181818;6;3;25.0;33.33333333;8.333333333;16.66666667;0.0;16.66666667
2019-08;National;PARIS NORD;LILLE;62;427;2;;321;21.88764278;16.43760784;;47;21.00177305;2.054980392;;25;31.586;9;3;17.39130435;15.2173913;13.04347826;45.65217391;6.52173913;2.173913043
2019-08;National;PARIS LYON;SAINT ETIENNE CHATEAUCREUX;169;110;0;;21;6.516666667;0.763181818;;12;29.81944444;5.287121212;;8;39.34791667;5;1;0.0;33.33333333;41.66666667;8.333333333;16.66666667;0.0
2019-08;National;MARSEILLE ST CHARLES;LILLE;286;208;26;;82;7.156707317;3.019505495;;45;35.22;11.16382784;;45;35.22;11;3;15.55555556;20.0;37.77777778;8.888888889;6.666666667;11.11111111
2019-08;National;PARIS MONTPARNASSE;BREST;227;228;0;;143;2.522261072;1.365643275;;15;39.2;4.050438596;;15;39.2;7;2;46.66666667;20.0;6.666666667;6.666666667;6.666666667;13.33333333
2019-08;National;TOULOUSE MATABIAU;PARIS MONTPARNASSE;265;194;0;;86;8.18875969;3.323109966;;22;37.9530303;5.781701031;;22;37.9530303;8;3;36.36363636;22.72727273;13.63636364;22.72727273;0.0;4.545454545
2019-08;National;ARRAS;PARIS NORD;50;243;2;;172;6.413953488;4.505947441;;38;15.10833333;3.176141079;;10;32.75833333;4;1;5.555555556;27.77777778;36.11111111;22.22222222;2.777777778;5.555555556
2019-08;National;PARIS LYON;CHAMBERY CHALLES LES EAUX;180;146;0;;51;3.339869281;0.883447489;;14;28.3547619;2.952625571;;10;34.74833333;5;0;7.142857143;28.57142857;21.42857143;35.71428571;7.142857143;0.0
2019-08;National;GRENOBLE;PARIS LYON;183;141;0;;33;245.0813131;57.35945626;;9;29.41666667;2.203073286;;9;29.41666667;2;1;44.44444444;11.11111111;33.33333333;0.0;11.11111111;0.0
2019-08;National;MULHOUSE VILLE;PARIS LYON;169;272;0;;213;2.675352113;2.029044118;;15;32.89888889;0.701286765;;9;45.55925926;6;2;40.0;20.0;20.0;20.0;0.0;0.0
2019-08;National;LYON PART DIEU;MARSEILLE ST CHARLES;110;427;0;;348;6.407614943;5.186846214;;106;23.75503145;7.478727557;;68;30.19338235;23;9;17.30769231;15.38461538;42.30769231;7.692307692;5.769230769;11.53846154
2019-08;International;PARIS LYON;LAUSANNE;176;135;0;;23;10.01666667;1.258518519;;15;41.28846154;6.521851852;;9;47.71818182;6;4;16.66666667;25.0;16.66666667;33.33333333;0.0;8.333333333
2019-08;National;PARIS LYON;LE CREUSOT MONTCEAU MONTCHANIN;80;196;0;;45;1.698518519;0.021938776;;17;22.05490196;1.295663265;;5;50.94333333;2;1;18.75;18.75;37.5;12.5;12.5;0.0
2019-08;National;LE CREUSOT MONTCEAU MONTCHANIN;PARIS LYON;81;209;9;;170;4.94745098;4.15825;;38;12.15175439;1.94025;;9;21.74259259;1;0;8.108108108;5.405405405;56.75675676;5.405405405;18.91891892;5.405405405
2019-08;National;LILLE;MARSEILLE ST CHARLES;297;194;0;;96;5.328125;2.414347079;;25;43.70533333;8.853178694;;25;43.70533333;11;5;36.0;20.0;28.0;16.0;0.0;0.0
2019-08;National;PARIS EST;METZ;84;300;0;;226;6.356489676;4.732166667;;26;20.7025641;1.210555556;;12;33.36388889;3;2;15.38461538;23.07692308;11.53846154;42.30769231;7.692307692;0.0
2019-08;International;PARIS EST;FRANCFORT;220;182;15;;101;1.089273927;0.555489022;;24;26.49375;7.266866267;;24;26.49375;6;1;14.28571429;0.0;64.28571429;21.42857143;0.0;0.0
2019-08;National;NIMES;PARIS LYON;176;374;28;;308;11.53051948;10.24662813;;102;38.08496732;10.89523121;;92;40.89365942;43;13;29.41176471;27.45098039;16.66666667;9.803921569;12.74509804;3.921568627
2019-08;National;PERPIGNAN;PARIS LYON;306;208;12;;130;9.822179487;6.420833333;;57;43.18421053;12.74710884;;57;43.18421053;26;7;36.84210526;22.80701754;15.78947368;5.263157895;15.78947368;3.50877193
2019-08;National;SAINT ETIENNE CHATEAUCREUX;PARIS LYON;168;111;0;;44;56.72689394;21.06861862;;5;47.43;1.851351351;;5;47.43;2;2;20.0;20.0;40.0;20.0;0.0;0.0
2019-08;National;MARSEILLE ST CHARLES;LYON PART DIEU;105;413;26;;255;2.958431373;1.843195521;;88;26.98541667;8.7333764;;53;36.66320755;23;6;14.77272727;20.45454545;35.22727273;11.36363636;4.545454545;13.63636364
2019-08;National;TOURCOING;BORDEAUX ST JEAN;289;4;0;;2;28.5;14.25;;1;56.48333333;13.20833333;;1;56.48333333;1;0;0.0;0.0;0.0;100.0;0.0;0.0
2019-08;National;NICE VILLE;PARIS LYON;357;261;0;;227;3.231277533;2.778033206;;50;40.75566667;9.257279693;;50;40.75566667;23;9;30.6122449;44.89795918;14.28571429;8.163265306;0.0;2.040816327
2019-08;International;GENEVE;PARIS LYON;187;173;0;;173;3.121001927;3.121001927;;17;31.05294118;3.997687861;;16;32.33020833;7;1;5.882352941;11.76470588;47.05882353;17.64705882;5.882352941;11.76470588
2019-08;National;PARIS MONTPARNASSE;ANGOULEME;132;289;5;;172;3.208430233;1.452230047;;29;26.59022989;3.957981221;;17;37.02941176;9;3;31.03448276;10.34482759;17.24137931;24.13793103;10.34482759;6.896551724
2019-08;National;LE MANS;PARIS MONTPARNASSE;62;380;0;;308;3.115422078;2.495307018;;49;16.31292517;2.110350877;;15;33.54111111;5;1;15.90909091;27.27272727;18.18181818;27.27272727;2.272727273;9.090909091
2019-08;National;PARIS LYON;MACON LOCHE;96;180;0;;39;3.132478632;0.291111111;;11;26.14242424;1.653148148;;8;31.62916667;2;1;27.27272727;9.090909091;9.090909091;27.27272727;27.27272727;0.0
2019-08;International;ITALIE;PARIS LYON;432;84;5;;77;4.519480519;4.405063291;;26;32.31089744;12.60126582;;26;32.31089744;7;2;26.92307692;7.692307692;50.0;7.692307692;3.846153846;3.846153846
2019-08;National;NANCY;PARIS EST;96;296;4;;178;2.086985019;1.19109589;;14;26.5;2.302568493;;14;33.42692308;4;2;21.42857143;28.57142857;14.28571429;28.57142857;7.142857143;0.0
2019-08;National;PARIS LYON;AVIGNON TGV;160;519;0;;152;6.784100877;1.593673732;;62;28.64704301;4.083269107;;41;36.87886179;19;4;6.666666667;18.33333333;35.0;30.0;8.333333333;1.666666667
2019-08;National;CHAMBERY CHALLES LES EAUX;PARIS LYON;189;156;5;;122;11.01448087;8.83200883;;34;32.48970588;8.679690949;;32;33.72239583;8;3;23.52941176;17.64705882;44.11764706;8.823529412;5.882352941;0.0
2019-08;National;TOULON;PARIS LYON;248;312;0;;267;8.068102372;6.863621795;;62;40.9938172;9.381143162;;62;40.9938172;29;12;27.86885246;42.62295082;19.67213115;8.196721311;0.0;1.639344262
2019-08;National;PARIS MONTPARNASSE;ANGERS SAINT LAUD;94;380;0;;253;4.018906456;2.476184211;;41;33.42317073;3.901403509;;23;52.21521739;15;6;23.07692308;33.33333333;15.38461538;15.38461538;7.692307692;5.128205128
2019-08;National;DUNKERQUE;PARIS NORD;121;214;2;;17;5.294117647;0.424528302;;15;18.79888889;2.519418239;;8;24.77708333;1;0;13.33333333;46.66666667;20.0;20.0;0.0;0.0
2019-08;National;AVIGNON TGV;PARIS LYON;164;491;0;;425;7.432666667;6.389646979;;100;27.55116667;5.875050916;;66;35.42045455;30;11;26.53061224;24.48979592;24.48979592;13.26530612;5.102040816;6.12244898
2019-08;National;PARIS LYON;TOULON;245;328;4;;108;8.902314815;2.56095679;;56;40.93422619;9.547016461;;56;40.93422619;23;10;20.0;29.09090909;27.27272727;16.36363636;7.272727273;0.0
2019-08;National;LILLE;PARIS NORD;64;422;8;;245;3.322585034;1.840660225;;52;15.51282051;2.116908213;;15;33.95;6;2;5.882352941;31.37254902;27.45098039;15.68627451;13.7254902;5.882352941
2019-08;National;MONTPELLIER;LYON PART DIEU;112;204;0;;185;5.908918919;5.345424837;;48;26.89791667;8.155964052;;30;35.73611111;10;5;12.76595745;25.53191489;23.40425532;12.76595745;14.89361702;10.63829787
2019-08;International;LAUSANNE;PARIS LYON;191;143;5;;98;5.118707483;3.530676329;;15;67.07179487;6.127536232;;15;66.70238095;11;6;46.15384615;7.692307692;23.07692308;15.38461538;7.692307692;0.0
2019-08;National;MARNE LA VALLEE;MARSEILLE ST CHARLES;216;252;0;;215;6.233100775;5.287367725;;37;38.65585586;8.507671958;;37;38.65585586;15;5;29.72972973;13.51351351;24.32432432;21.62162162;5.405405405;5.405405405
2019-08;National;BORDEAUX ST JEAN;TOURCOING;299;5;0;;1;0.1;-0.226666667;;0;0.0;2.4;;0;0.0;0;0;0.0;0.0;0.0;0.0;0.0;0.0
2019-08;National;PARIS MONTPARNASSE;QUIMPER;225;218;0;;131;5.535750636;3.067966361;;13;38.0;3.110091743;;13;38.0;6;2;16.66666667;41.66666667;8.333333333;16.66666667;0.0;16.66666667
2019-08;National;LYON PART DIEU;MARNE LA VALLEE;109;271;26;;207;7.740177134;6.512108844;;61;24.74644809;6.388367347;;45;28.90407407;10;4;9.836065574;27.86885246;36.06557377;9.836065574;4.918032787;11.47540984
2019-08;National;MARSEILLE ST CHARLES;MARNE LA VALLEE;213;268;26;;103;9.322815534;3.719352617;;52;39.78205128;9.923484848;;52;39.78205128;18;7;21.15384615;15.38461538;32.69230769;15.38461538;5.769230769;9.615384615
2019-08;National;VANNES;PARIS MONTPARNASSE;158;233;6;;179;3.465083799;2.732378855;;20;24.89333333;3.191189427;;11;35.44242424;4;1;11.11111111;27.77777778;16.66666667;27.77777778;0.0;16.66666667
2019-08;National;ANGERS SAINT LAUD;PARIS MONTPARNASSE;96;435;5;;389;4.098800343;3.694689922;;49;36.60680272;4.355193798;;31;51.73387097;19;8;6.25;50.0;8.333333333;18.75;4.166666667;12.5
2019-08;National;PARIS MONTPARNASSE;LAVAL;86;223;0;;153;4.804030501;3.104857997;;20;27.44416667;3.193049327;;13;37.14102564;6;3;21.05263158;26.31578947;10.52631579;26.31578947;0.0;15.78947368
2019-08;National;NANTES;PARIS MONTPARNASSE;136;506;10;;284;16.20751174;9.057594086;;52;38.27339744;4.385517473;;38;47.83421053;22;8;9.803921569;50.98039216;11.76470588;17.64705882;1.960784314;7.843137255
2019-08;National;DOUAI;PARIS NORD;77;151;0;;124;37.48763441;30.75596026;;21;13.31666667;2.790728477;;5;26.03666667;1;0;5.0;25.0;45.0;20.0;0.0;5.0
2019-08;National;LYON PART DIEU;LILLE;187;237;26;;179;8.622625698;7.288388626;;65;27.26641026;10.76619273;;53;30.81320755;14;4;15.38461538;23.07692308;36.92307692;6.153846154;7.692307692;10.76923077
2019-08;National;MARSEILLE ST CHARLES;TOURCOING;301;6;0;;3;22.67777778;11.01944444;;2;54.0;18.66666667;;2;54.0;1;1;50.0;0.0;0.0;50.0;0.0;0.0
2019-08;National;PARIS LYON;LYON PART DIEU;120;447;0;;108;2.73904321;0.259433259;;31;27.9016129;2.024310216;;18;39.72407407;8;2;19.35483871;19.35483871;38.70967742;9.677419355;12.90322581;0.0
2019-08;National;PARIS LYON;BELLEGARDE (AIN);162;166;0;;44;7.894318182;1.720080321;;28;29.1797619;7.252208835;;17;40.79803922;9;4;21.42857143;3.571428571;39.28571429;21.42857143;14.28571429;0.0
2019-08;National;MACON LOCHE;PARIS LYON;99;174;5;;162;8.81399177;8.437672584;;32;30.903125;5.59112426;;21;40.7968254;6;4;28.125;3.125;46.875;15.625;6.25;0.0
2019-08;National;VALENCE ALIXAN TGV;PARIS LYON;133;339;28;;282;14.24048463;12.88874598;;99;34.77255892;10.65326902;;88;37.58503788;39;10;31.31313131;25.25252525;19.19191919;8.080808081;11.11111111;5.050505051
2019-08;International;BARCELONA;PARIS LYON;334;119;0;;83;10.02791165;6.403361345;;44;45.31868687;20.57478992;;44;60.27833333;23;10;39.39393939;18.18181818;18.18181818;6.060606061;15.15151515;3.03030303
2019-08;National;POITIERS;PARIS MONTPARNASSE;99;386;0;;230;24.90608696;14.63216753;;65;18.44282051;4.088385147;;28;30.49702381;8;4;16.66666667;26.66666667;26.66666667;10.0;3.333333333;16.66666667
2019-08;International;STUTTGART;PARIS EST;191;146;0;;145;5.308390805;5.057990868;;24;25.53611111;5.565068493;;22;26.77424242;7;1;0.0;8.695652174;39.13043478;21.73913043;0.0;30.43478261
2019-08;National;RENNES;PARIS MONTPARNASSE;104;571;9;;406;4.114039409;2.909311981;;49;25.48945578;3.242941874;;34;31.4754902;13;2;19.56521739;19.56521739;13.04347826;34.7826087;2.173913043;10.86956522
2019-09;National;PARIS NORD;ARRAS;49;304;12;;114;15.88991228;5.904223744;;34;28.73382353;3.571575342;;16;52.26979167;10;4;36.36363636;3.03030303;15.15151515;24.24242424;18.18181818;3.03030303
2019-09;National;LILLE;LYON PART DIEU;190;249;3;;173;4.473988439;3.096747967;;22;41.57045455;4.10298103;;18;47.84907407;10;6;19.04761905;19.04761905;14.28571429;23.80952381;14.28571429;9.523809524
2019-09;National;PARIS LYON;GRENOBLE;181;207;2;;61;13.41857923;3.60398374;;13;45.15384615;4.536585366;;13;45.15384615;8;2;30.76923077;7.692307692;7.692307692;53.84615385;0.0;0.0
2019-09;National;ST MALO;PARIS MONTPARNASSE;164;91;3;;73;1.471461187;1.160795455;;6;44.725;3.076893939;;5;51.58666667;2;2;16.66666667;33.33333333;0.0;33.33333333;16.66666667;0.0
2019-09;National;PARIS MONTPARNASSE;TOULOUSE MATABIAU;267;180;0;;121;7.132093664;4.623240741;;13;50.07307692;4.517407407;;13;50.07307692;9;3;61.53846154;7.692307692;15.38461538;0.0;7.692307692;7.692307692
2019-09;National;CHAMBERY CHALLES LES EAUX;PARIS LYON;189;151;1;;125;9.0376;7.466777778;;39;28.59444444;9.844;;34;31.11617647;11;1;30.76923077;30.76923077;30.76923077;0.0;2.564102564;5.128205128
2019-09;National;PARIS LYON;SAINT ETIENNE CHATEAUCREUX;169;107;3;;25;4.487333333;0.625320513;;10;30.78833333;5.610897436;;8;35.41666667;4;1;30.0;0.0;20.0;50.0;0.0;0.0
2019-09;National;ANGOULEME;PARIS MONTPARNASSE;129;278;1;;214;4.361915888;3.257400722;;39;33.39529915;5.295487365;;27;42.64691358;11;5;24.32432432;35.13513514;16.21621622;21.62162162;0.0;2.702702703
2019-09;National;LAVAL;PARIS MONTPARNASSE;89;223;4;;123;2.288482385;1.109741248;;14;38.41309524;2.572754947;;9;54.50740741;5;4;23.07692308;15.38461538;23.07692308;38.46153846;0.0;0.0
2019-09;National;PARIS MONTPARNASSE;TOURS;79;181;0;;130;6.82974359;4.708471455;;22;12.21212121;2.309392265;;4;29.34583333;2;0;22.22222222;5.555555556;61.11111111;0.0;11.11111111;0.0
2019-09;National;PARIS EST;METZ;85;316;3;;243;7.243004115;5.578168264;;36;23.56851852;2.323908413;;17;40.02058824;9;2;26.47058824;23.52941176;20.58823529;23.52941176;2.941176471;2.941176471
2019-09;National;PARIS LYON;AVIGNON TGV;161;436;6;;126;5.767460317;1.326162791;;34;26.09754902;2.179302326;;22;33.57045455;8;3;18.18181818;21.21212121;21.21212121;24.24242424;12.12121212;3.03030303
2019-09;International;PARIS LYON;ITALIE;439;92;1;;32;36.72864583;12.53681319;;13;62.16666667;6.576923077;;13;68.15;8;3;37.5;12.5;12.5;25.0;0.0;12.5
2019-09;National;DUNKERQUE;PARIS NORD;117;233;5;;9;22.11111111;0.872807018;;24;26.35069444;3.754020468;;15;34.84888889;7;1;21.73913043;30.43478261;34.7826087;4.347826087;4.347826087;4.347826087
2019-09;National;MARSEILLE ST CHARLES;MARNE LA VALLEE;215;228;2;;96;6.682291667;2.558923304;;43;32.29390244;7.912758112;;43;36.61626984;14;8;21.95121951;26.82926829;24.3902439;14.63414634;9.756097561;2.43902439
2019-09;National;PARIS LYON;BELLEGARDE (AIN);162;206;2;;73;4.632648402;1.359885621;;29;31.85114943;6.428513072;;23;36.88478261;13;2;31.03448276;13.79310345;20.68965517;27.5862069;6.896551724;0.0
2019-09;National;PARIS LYON;BESANCON FRANCHE COMTE TGV;129;179;1;;62;3.63655914;1.012640449;;18;33.5962963;4.253651685;;12;44.175;5;2;17.64705882;0.0;11.76470588;64.70588235;5.882352941;0.0
2019-09;National;NICE VILLE;PARIS LYON;359;201;3;;148;3.907207207;2.8503367;;32;31.355;7.626010101;;32;31.66397849;12;3;6.666666667;43.33333333;23.33333333;16.66666667;10.0;0.0
2019-09;National;MONTPELLIER;PARIS LYON;209;269;0;;250;9.063866667;8.407992565;;25;43.838;5.717472119;;25;43.838;15;4;16.0;40.0;4.0;24.0;12.0;4.0
2019-09;International;PARIS LYON;ZURICH;236;144;0;;38;4.530263158;0.896990741;;18;61.41296296;9.817708333;;18;61.41296296;8;4;27.77777778;5.555555556;27.77777778;27.77777778;11.11111111;0.0
2019-09;National;ST PIERRE DES CORPS;PARIS MONTPARNASSE;68;401;0;;334;2.878992016;2.368911056;;70;16.98190476;2.863507897;;24;33.6;8;3;13.79310345;37.93103448;29.31034483;15.51724138;0.0;3.448275862
2019-09;National;LYON PART DIEU;RENNES;235;91;0;;77;5.43030303;4.561721612;;10;35.96833333;7.946520147;;10;35.96833333;5;1;60.0;10.0;10.0;20.0;0.0;0.0
2019-09;National;PARIS MONTPARNASSE;VANNES;157;223;3;;160;10.89260417;7.759621212;;27;25.14814815;3.85;;14;36.85714286;7;2;18.51851852;40.74074074;22.22222222;11.11111111;0.0;7.407407407
2019-09;National;METZ;PARIS EST;85;305;1;;254;4.275656168;3.541063596;;56;23.06458333;4.89747807;;23;42.73623188;11;6;16.98113208;20.75471698;45.28301887;9.433962264;5.660377358;1.886792453
2019-09;National;NANCY;PARIS EST;96;290;1;;186;4.501612903;2.828143022;;18;38.59351852;2.923356401;;14;46.04285714;7;2;38.88888889;11.11111111;16.66666667;33.33333333;0.0;0.0
2019-09;National;PARIS EST;STRASBOURG;116;515;5;;374;4.320543672;3.107385621;;35;31.54857143;2.717875817;;28;36.36666667;13;4;28.57142857;20.0;17.14285714;22.85714286;5.714285714;5.714285714
2019-09;National;PARIS LYON;CHAMBERY CHALLES LES EAUX;180;161;2;;47;30.71453901;8.676100629;;24;26.05347222;4.512893082;;17;31.78431373;4;2;4.166666667;62.5;8.333333333;16.66666667;4.166666667;4.166666667
2019-09;National;MARSEILLE ST CHARLES;PARIS LYON;205;439;5;;209;8.602472089;3.905913978;;52;27.68733333;6.276843318;;52;32.4751634;13;5;22.0;42.0;18.0;12.0;2.0;4.0
2019-09;International;PARIS LYON;LAUSANNE;177;135;1;;31;3.120967742;0.323756219;;11;34.00909091;5.297761194;;11;44.4;4;1;18.18181818;18.18181818;36.36363636;27.27272727;0.0;0.0
2019-09;National;PARIS MONTPARNASSE;BORDEAUX ST JEAN;151;806;4;;562;5.489175563;3.692892768;;61;27.25628415;1.334538653;;39;35.73247863;20;3;29.50819672;26.2295082;24.59016393;14.75409836;3.278688525;1.639344262
2019-09;National;VANNES;PARIS MONTPARNASSE;160;235;3;;175;3.146285714;2.373275862;;28;22.54880952;3.385344828;;13;34.00128205;5;1;18.51851852;37.03703704;11.11111111;18.51851852;7.407407407;7.407407407
2019-09;National;AVIGNON TGV;PARIS LYON;165;444;5;;383;6.088076588;5.25508732;;79;24.32299578;6.275626424;;52;30.65608974;16;4;16.66666667;37.17948718;17.94871795;16.66666667;6.41025641;5.128205128
2019-09;National;TOULON;PARIS LYON;249;259;4;;213;5.431220657;4.489411765;;47;33.3429078;8.576013072;;47;33.3429078;19;5;8.510638298;48.93617021;14.89361702;21.27659574;6.382978723;0.0
2019-09;National;VALENCE ALIXAN TGV;PARIS LYON;134;273;1;;241;8.052973721;7.106066176;;43;31.52093023;6.070098039;;27;42.6537037;13;4;23.25581395;34.88372093;18.60465116;13.95348837;6.976744186;2.325581395
2019-09;National;LYON PART DIEU;MARSEILLE ST CHARLES;109;372;7;;273;6.847680098;5.054794521;;72;29.07847222;7.350319635;;54;34.74135802;23;6;15.49295775;25.35211268;29.57746479;12.67605634;7.042253521;9.85915493
2019-09;National;ANGERS SAINT LAUD;PARIS MONTPARNASSE;97;421;1;;377;2.096551724;1.86531746;;31;29.65967742;2.010992063;;18;43.77314815;10;3;26.66666667;16.66666667;30.0;26.66666667;0.0;0.0
2019-09;National;PARIS MONTPARNASSE;ST PIERRE DES CORPS;67;399;1;;287;7.356620209;5.130360134;;49;16.97210884;2.371105528;;16;36.52395833;7;2;19.56521739;10.86956522;43.47826087;19.56521739;4.347826087;2.173913043
2019-09;National;MARNE LA VALLEE;MARSEILLE ST CHARLES;216;243;1;;212;7.922641509;6.918732782;;31;51.57419355;9.359710744;;31;51.57419355;14;9;32.25806452;9.677419355;12.90322581;22.58064516;12.90322581;9.677419355
2019-09;National;PARIS MONTPARNASSE;LAVAL;86;241;4;;166;10.6689759;7.289592124;;18;28.99259259;2.835724332;;10;42.995;6;2;35.29411765;29.41176471;5.882352941;11.76470588;11.76470588;5.882352941
2019-09;National;NIMES;PARIS LYON;176;270;0;;193;7.866407599;5.569012346;;35;34.87380952;5.671111111;;25;43.838;15;4;11.42857143;42.85714286;17.14285714;17.14285714;8.571428571;2.857142857
2019-09;National;PARIS LYON;DIJON VILLE;96;419;2;;122;4.790846995;1.093205436;;42;31.72460317;3.163709033;;25;44.62066667;7;2;19.51219512;9.756097561;14.63414634;51.2195122;4.87804878;0.0
2019-09;National;GRENOBLE;PARIS LYON;183;202;0;;32;145.3859375;23.03143564;;9;20.98148148;2.604950495;;8;22.1;1;0;14.28571429;28.57142857;14.28571429;28.57142857;0.0;14.28571429
2019-09;International;PARIS LYON;GENEVE;191;200;2;;68;4.278431373;1.164225589;;28;35.08035714;6.448905724;;27;35.91358025;15;3;35.71428571;7.142857143;28.57142857;25.0;3.571428571;0.0
2019-09;National;DOUAI;PARIS NORD;77;206;4;;166;37.59638554;30.79488449;;33;22.59191919;4.783250825;;15;38.77444444;5;2;13.79310345;13.79310345;44.82758621;6.896551724;20.68965517;0.0
2019-09;National;PARIS LYON;TOULON;247;262;7;;71;10.65258216;2.540980392;;38;33.70833333;7.936993464;;38;33.70833333;13;5;10.52631579;39.47368421;18.42105263;15.78947368;10.52631579;5.263157895
2019-09;National;MARSEILLE ST CHARLES;LYON PART DIEU;106;343;4;;207;5.127455717;3.011307768;;57;24.21374269;7.464405113;;38;36.37162162;11;6;12.28070175;21.05263158;45.61403509;7.01754386;5.263157895;8.771929825
2019-09;National;LILLE;PARIS NORD;63;569;4;;312;5.118215812;2.684542773;;76;25.79276316;3.35879056;;30;52.31944444;16;8;23.88059701;28.35820896;11.94029851;13.43283582;19.40298507;2.985074627
2019-09;National;PARIS LYON;VALENCE ALIXAN TGV;131;284;1;;84;5.127777778;1.155889282;;19;21.89736842;1.940341578;;9;32.60925926;4;0;26.31578947;10.52631579;21.05263158;26.31578947;10.52631579;5.263157895
2019-09;National;PARIS MONTPARNASSE;LA ROCHELLE VILLE;174;215;0;;159;2.593710692;1.784573643;;16;23.3125;2.437209302;;10;29.0;3;0;31.25;43.75;25.0;0.0;0.0;0.0
2019-09;National;LE MANS;PARIS MONTPARNASSE;62;427;3;;368;4.833469203;4.174174528;;55;19.58454545;2.230856918;;20;40.20083333;9;5;18.0;24.0;28.0;24.0;6.0;0.0
2019-09;National;PARIS MONTPARNASSE;NANTES;132;539;4;;387;2.577433247;1.738660436;;50;24.994;3.974299065;;28;34.93869048;15;1;34.69387755;14.28571429;30.6122449;14.28571429;6.12244898;0.0
2019-09;National;QUIMPER;PARIS MONTPARNASSE;226;224;3;;140;36.04714286;22.83529412;;10;37.23333333;3.143665158;;10;37.23333333;5;1;44.44444444;0.0;11.11111111;22.22222222;11.11111111;11.11111111
2019-09;National;TOURS;PARIS MONTPARNASSE;82;177;0;;83;1.008634538;0.35047081;;23;18.01884058;2.483615819;;9;33.85925926;4;2;16.66666667;27.77777778;38.88888889;16.66666667;0.0;0.0
2019-09;National;PARIS NORD;DOUAI;67;198;5;;67;23.13681592;7.662694301;;20;29.53916667;1.910189983;;10;50.24166667;8;4;35.0;5.0;10.0;25.0;20.0;5.0
2019-09;National;LYON PART DIEU;MARNE LA VALLEE;110;237;5;;193;7.510880829;6.223994253;;41;22.61747967;4.891235632;;31;33.13111111;6;4;9.756097561;31.70731707;26.82926829;14.63414634;12.19512195;4.87804878
2019-09;National;PARIS LYON;MONTPELLIER;208;246;1;;72;5.777546296;1.336530612;;23;30.56811594;2.934353741;;23;30.56811594;9;2;30.43478261;30.43478261;13.04347826;17.39130435;8.695652174;0.0
2019-09;National;PARIS LYON;LYON PART DIEU;119;613;7;;174;9.643773946;2.344774477;;36;21.58657407;0.519334433;;24;25.86666667;5;0;30.55555556;13.88888889;8.333333333;41.66666667;5.555555556;0.0
2019-09;National;MONTPELLIER;LYON PART DIEU;115;199;3;;167;3.443413174;2.912670068;;23;24.7826087;5.009693878;;18;28.33796296;3;2;0.0;47.82608696;21.73913043;17.39130435;8.695652174;4.347826087
2019-09;National;RENNES;LYON PART DIEU;256;95;1;;63;13.78703704;9.156914894;;7;44.89285714;3.055851064;;7;44.89285714;6;2;28.57142857;28.57142857;14.28571429;28.57142857;0.0;0.0
2019-09;National;TOURCOING;BORDEAUX ST JEAN;289;19;0;;6;1.75;0.552631579;;3;81.29444444;13.75526316;;3;81.29444444;2;1;0.0;33.33333333;33.33333333;33.33333333;0.0;0.0
2019-09;National;PARIS LYON;LE CREUSOT MONTCEAU MONTCHANIN;80;198;1;;57;4.104385965;0.804737733;;16;15.41145833;0.808037225;;7;23.92857143;2;0;18.75;18.75;12.5;37.5;6.25;6.25
2019-09;National;PARIS MONTPARNASSE;ANGOULEME;132;285;2;;191;6.670942408;4.326383981;;30;24.80111111;3.585689046;;14;39.14404762;6;2;27.5862069;20.68965517;24.13793103;20.68965517;0.0;6.896551724
2019-09;National;BREST;PARIS MONTPARNASSE;231;267;0;;147;31.41950113;17.29737828;;10;30.23166667;2.651310861;;10;30.23166667;4;0;22.22222222;33.33333333;22.22222222;11.11111111;0.0;11.11111111
2019-09;National;LA ROCHELLE VILLE;PARIS MONTPARNASSE;169;208;0;;69;1.382125604;0.449599359;;11;47.77272727;3.66474359;;9;55.58148148;5;3;22.22222222;33.33333333;22.22222222;22.22222222;0.0;0.0
2019-09;National;TOULOUSE MATABIAU;PARIS MONTPARNASSE;267;187;0;;83;13.65140562;5.75855615;;23;35.39637681;5.399108734;;23;35.39637681;7;4;52.17391304;21.73913043;17.39130435;8.695652174;0.0;0.0
2019-09;National;AIX EN PROVENCE TGV;PARIS LYON;190;417;5;;404;7.447566007;7.30052589;;51;31.49693878;6.975;;51;36.30433333;19;5;16.32653061;40.81632653;14.28571429;22.44897959;2.040816327;4.081632653
2019-09;National;PARIS LYON;NICE VILLE;355;196;4;;48;7.638541667;1.461371528;;24;45.18402778;8.398871528;;24;45.18402778;14;5;20.83333333;45.83333333;16.66666667;12.5;4.166666667;0.0
2019-09;National;PERPIGNAN;PARIS LYON;304;160;0;;114;4.419005848;2.892083333;;13;47.23846154;4.732291667;;13;47.23846154;10;4;15.38461538;53.84615385;7.692307692;23.07692308;0.0;0.0
2019-09;National;MARNE LA VALLEE;LYON PART DIEU;110;287;4;;274;7.060766423;6.832744405;;28;40.13452381;4.163839812;;19;52.96403509;10;7;18.51851852;18.51851852;14.81481481;22.22222222;18.51851852;7.407407407
2019-09;National;LE CREUSOT MONTCEAU MONTCHANIN;PARIS LYON;82;207;2;;174;4.554214559;3.815365854;;45;13.19074074;3.523252033;;13;26.59358974;3;0;10.0;25.0;32.5;15.0;10.0;7.5
2019-09;National;PARIS LYON;MULHOUSE VILLE;168;294;1;;95;3.985789474;1.0278157;;32;42.10520833;5.23589306;;22;55.44469697;10;2;25.0;0.0;18.75;43.75;12.5;0.0
2019-09;National;LYON PART DIEU;MONTPELLIER;115;207;3;;142;7.125469484;4.88374183;;35;31.7747619;5.303431373;;27;36.83630952;10;4;17.14285714;22.85714286;11.42857143;14.28571429;22.85714286;11.42857143
2019-09;International;ZURICH;PARIS LYON;239;143;0;;143;1.23997669;1.23997669;;10;32.40333333;4.363286713;;8;36.96041667;6;1;10.0;30.0;20.0;30.0;10.0;0.0
2019-09;National;PARIS LYON;AIX EN PROVENCE TGV;189;393;3;;119;6.074929972;1.515299145;;26;32.41666667;3.500555556;;26;32.41666667;7;4;19.23076923;23.07692308;26.92307692;23.07692308;7.692307692;0.0
2019-09;National;PARIS MONTPARNASSE;QUIMPER;226;245;3;;175;7.816952381;5.494628099;;16;34.125;2.97107438;;16;34.125;7;2;37.5;31.25;18.75;0.0;0.0;12.5
2019-09;National;PARIS EST;NANCY;95;284;0;;206;4.920307443;3.500410798;;21;26.58492063;2.208157277;;13;35.63333333;6;2;23.80952381;33.33333333;19.04761905;23.80952381;0.0;0.0
2019-09;National;ANNECY;PARIS LYON;229;141;1;;13;3.220512821;0.289404762;;29;26.9408046;8.10952381;;29;26.9408046;10;1;24.13793103;24.13793103;37.93103448;3.448275862;3.448275862;6.896551724
2019-09;National;PARIS MONTPARNASSE;ANGERS SAINT LAUD;95;424;3;;302;6.438576159;4.477909739;;40;28.46666667;3.164568488;;26;38.37179487;13;4;30.0;15.0;27.5;20.0;7.5;0.0
2019-09;National;BORDEAUX ST JEAN;PARIS MONTPARNASSE;147;841;2;;390;5.771538462;2.45597934;;100;34.3185;4.509574891;;76;41.36008772;31;14;28.125;28.125;19.79166667;21.875;0.0;2.083333333
2019-09;National;PARIS MONTPARNASSE;BREST;226;245;0;;179;1.832216015;1.174013605;;7;27.21428571;1.404081633;;7;27.21428571;2;0;28.57142857;14.28571429;42.85714286;14.28571429;0.0;0.0
2019-09;National;PARIS MONTPARNASSE;POITIERS;98;505;1;;347;5.33117195;3.500760582;;49;19.7244898;2.525529101;;23;30.86086957;8;1;25.53191489;27.65957447;29.78723404;8.510638298;2.127659574;6.382978723
2019-09;National;STRASBOURG;PARIS EST;116;513;5;;428;5.197040498;4.336942257;;72;32.60300926;5.630807087;;51;40.98104575;25;10;22.22222222;13.88888889;36.11111111;13.88888889;5.555555556;8.333333333
2019-09;International;MARSEILLE ST CHARLES;MADRID;199;30;0;;21;0.904761905;0.596666667;;6;38.71944444;8.983333333;;5;43.46333333;3;1;16.66666667;50.0;33.33333333;0.0;0.0;0.0
2019-09;National;BESANCON FRANCHE COMTE TGV;PARIS LYON;132;181;0;;126;2.074603175;1.245211786;;17;21.98137255;3.224217311;;12;25.95138889;4;0;11.76470588;29.41176471;35.29411765;5.882352941;5.882352941;11.76470588
2019-09;National;LYON PART DIEU;LILLE;186;207;4;;176;8.221212121;7.107799672;;52;26.89871795;10.56600985;;40;37.05641026;12;6;11.53846154;23.07692308;36.53846154;11.53846154;9.615384615;7.692307692
2019-09;National;LILLE;MARSEILLE ST CHARLES;298;185;0;;82;7.527235772;3.10990991;;22;59.51136364;10.08378378;;22;59.51136364;11;8;31.81818182;4.545454545;18.18181818;27.27272727;13.63636364;4.545454545
2019-09;International;FRANCFORT;PARIS EST;224;172;5;;142;2.57629108;2.161477046;;21;35.91984127;5.424251497;;21;35.91984127;8;3;23.80952381;28.57142857;9.523809524;19.04761905;14.28571429;4.761904762
2019-09;International;PARIS EST;STUTTGART;183;145;2;;111;7.837237237;6.026689977;;25;22.65763889;8.856177156;;25;26.72430556;7;0;16.66666667;16.66666667;25.0;33.33333333;4.166666667;4.166666667
2019-09;National;LYON PART DIEU;PARIS LYON;121;601;5;;482;3.691770401;2.953579418;;68;23.74019608;4.699356823;;44;30.35681818;16;2;22.3880597;17.91044776;26.86567164;11.94029851;16.41791045;4.47761194
2019-09;National;NANTES;PARIS MONTPARNASSE;135;537;3;;260;6.075448718;2.693383271;;38;32.91666667;2.357833958;;25;43.882;13;6;22.22222222;30.55555556;22.22222222;25.0;0.0;0.0
2019-09;National;PARIS MONTPARNASSE;ST MALO;161;93;3;;66;14.04217172;10.11444444;;7;24.79047619;2.487407407;;6;27.02777778;2;0;0.0;50.0;33.33333333;0.0;16.66666667;0.0
2019-09;National;PARIS EST;REIMS;46;207;1;;174;2.485153257;2.06092233;;23;22.89057971;3.153964401;;10;42.34333333;6;3;28.57142857;33.33333333;23.80952381;14.28571429;0.0;0.0
2019-09;National;PARIS LYON;ANNECY;223;143;1;;43;9.965503876;2.676173709;;11;38.95454545;5.334507042;;11;38.95454545;5;1;18.18181818;27.27272727;0.0;54.54545455;0.0;0.0
2019-09;National;PARIS LYON;NIMES;177;267;1;;82;5.47195122;1.329511278;;28;22.36011905;3.420238095;;14;32.16547619;8;0;28.57142857;7.142857143;32.14285714;21.42857143;10.71428571;0.0
2019-09;National;REIMS;PARIS EST;46;200;0;;132;4.526515152;2.922;;28;20.64583333;3.521833333;;12;36.93333333;5;2;12.0;24.0;36.0;12.0;16.0;0.0
2019-09;National;STRASBOURG;NANTES;293;41;0;;25;2.373333333;1.273170732;;3;30.15;5.202845528;;3;30.15;2;0;66.66666667;0.0;33.33333333;0.0;0.0;0.0
2019-09;National;MULHOUSE VILLE;PARIS LYON;170;302;2;;228;3.371564327;2.492;;33;23.09393939;4.039;;22;28.86969697;10;1;18.75;21.875;34.375;15.625;6.25;3.125
2019-09;National;MARSEILLE ST CHARLES;TOURCOING;301;19;0;;4;20.69583333;3.957894737;;4;35.75;9.526315789;;4;35.75;2;0;50.0;25.0;0.0;25.0;0.0;0.0
2019-09;National;PARIS MONTPARNASSE;LE MANS;60;452;4;;332;10.32078313;7.514657738;;68;15.68186275;2.599702381;;15;40.03111111;10;2;17.64705882;19.11764706;42.64705882;11.76470588;8.823529412;0.0
2019-09;National;POITIERS;PARIS MONTPARNASSE;100;419;2;;231;23.84386724;13.03749001;;59;23.01892655;3.488129496;;25;41.844;11;6;18.0;26.0;28.0;20.0;0.0;8.0
2019-09;National;DIJON VILLE;PARIS LYON;99;408;0;;345;4.886811594;4.109068627;;46;28.60036232;4.466584967;;31;36.42150538;14;4;15.55555556;37.77777778;31.11111111;6.666666667;4.444444444;4.444444444
2019-09;National;MACON LOCHE;PARIS LYON;100;189;3;;178;8.38511236;8.016577061;;36;29.0162037;7.19202509;;24;37.56666667;10;2;25.0;13.88888889;36.11111111;16.66666667;2.777777778;5.555555556
2019-09;National;PARIS LYON;PERPIGNAN;308;172;0;;54;5.191666667;1.262306202;;26;39.13269231;6.531686047;;26;39.13269231;11;5;26.92307692;34.61538462;19.23076923;11.53846154;3.846153846;3.846153846
2019-09;National;SAINT ETIENNE CHATEAUCREUX;PARIS LYON;169;104;3;;61;54.99562842;33.12062706;;10;22.21333333;4.774917492;;6;30.02222222;3;0;0.0;33.33333333;33.33333333;0.0;22.22222222;11.11111111
2019-09;International;PARIS EST;FRANCFORT;215;170;5;;106;4.679874214;2.909393939;;24;41.87083333;9.876464646;;22;45.08333333;12;7;18.18181818;9.090909091;22.72727273;36.36363636;4.545454545;9.090909091
2019-09;International;LAUSANNE;PARIS LYON;193;132;0;;94;2.675177305;1.780808081;;13;54.73888889;5.703914141;;13;53.23787879;5;3;25.0;37.5;25.0;12.5;0.0;0.0
2019-09;International;BARCELONA;PARIS LYON;335;60;0;;29;4.326436782;1.253333333;;12;42.58888889;10.78694444;;12;70.95925926;12;5;16.66666667;83.33333333;0.0;0.0;0.0;0.0
2019-09;National;ARRAS;PARIS NORD;50;318;11;;232;10.89238506;8.180238871;;53;24.21823899;5.034201954;;22;45.13106061;8;4;14.89361702;21.27659574;29.78723404;10.63829787;21.27659574;2.127659574
2019-09;National;PARIS NORD;LILLE;62;604;12;;456;14.85716374;11.35591216;;68;28.51348039;3.208952703;;32;50.64270833;17;8;34.92063492;11.11111111;14.28571429;17.46031746;20.63492063;1.587301587
2019-09;National;MARSEILLE ST CHARLES;LILLE;286;175;2;;81;5.383950617;2.290655106;;42;32.33166667;11.43169557;;42;36.63739837;14;6;15.0;25.0;37.5;12.5;10.0;0.0
2019-09;International;STUTTGART;PARIS EST;183;147;2;;144;4.963541667;4.928045977;;26;34.14038462;8.282413793;;25;35.22733333;13;3;15.38461538;11.53846154;42.30769231;19.23076923;3.846153846;7.692307692
2019-09;International;GENEVE;PARIS LYON;188;222;1;;220;2.760378788;2.739215686;;22;30.85454545;4.81780303;;19;34.55614035;11;0;40.90909091;13.63636364;27.27272727;9.090909091;4.545454545;4.545454545
2019-09;International;ITALIE;PARIS LYON;436;94;1;;89;3.680524345;3.468458781;;28;30.97797619;12.38064516;;27;31.71049383;6;1;35.71428571;17.85714286;42.85714286;0.0;3.571428571;0.0
2019-09;National;RENNES;PARIS MONTPARNASSE;104;595;9;;368;9.49673913;5.848037543;;49;27.95918367;2.700028441;;27;40.43765432;11;5;14.58333333;39.58333333;10.41666667;25.0;6.25;4.166666667
2019-09;National;NANTES;STRASBOURG;304;41;0;;29;0.985632184;0.611382114;;5;20.62666667;4.627235772;;5;20.62666667;0;0;20.0;0.0;60.0;20.0;0.0;0.0
2019-09;National;BORDEAUX ST JEAN;TOURCOING;301;20;0;;10;4.72;2.220833333;;20;0.0;3.1;;0;0.0;0;0;0.0;0.0;0.0;0.0;0.0;0.0
2019-09;National;BELLEGARDE (AIN);PARIS LYON;163;220;1;;212;4.454716981;4.30456621;;30;26.16833333;4.763394216;;19;34.55614035;11;0;33.33333333;23.33333333;23.33333333;6.666666667;6.666666667;6.666666667
2019-09;National;PARIS MONTPARNASSE;RENNES;103;628;8;;443;8.839390519;6.14905914;;39;22.11666667;1.677419355;;18;34.66296296;9;2;18.42105263;31.57894737;36.84210526;7.894736842;5.263157895;0.0
2019-09;National;PARIS LYON;MACON LOCHE;97;201;1;;58;9.15;2.254833333;;15;30.00555556;2.468583333;;10;38.29166667;6;1;20.0;20.0;6.666666667;53.33333333;0.0;0.0
2019-09;International;MADRID;MARSEILLE ST CHARLES;205;26;0;;18;6.898148148;4.278205128;;11;30.41481481;17.21858974;;11;36.61;5;1;33.33333333;22.22222222;33.33333333;0.0;11.11111111;0.0
2019-09;International;PARIS LYON;BARCELONA;330;60;0;;22;12.33636364;4.187777778;;15;39.17424242;12.1725;;15;48.0375;7;2;27.27272727;36.36363636;27.27272727;0.0;0.0;9.090909091
2019-09;National;PARIS NORD;DUNKERQUE;114;237;5;;125;31.84546667;16.91875;;21;48.0952381;4.581896552;;18;53.94444444;10;6;66.66666667;9.523809524;0.0;19.04761905;4.761904762;0.0
2019-09;National;PARIS LYON;MARSEILLE ST CHARLES;201;495;8;;134;4.934328358;0.97926078;;27;30.94259259;3.412422998;;27;30.94259259;8;3;22.22222222;22.22222222;14.81481481;33.33333333;7.407407407;0.0
2019-10;National;MARSEILLE ST CHARLES;TOURCOING;301;24;1;;9;2.983333333;0.900724638;;5;33.4;9.956521739;;5;33.4;3;0;40.0;20.0;20.0;0.0;20.0;0.0
2019-10;National;PERPIGNAN;PARIS LYON;304;119;8;;73;9.65913242;6.289489489;;23;60.60797101;14.63123123;;23;60.60797101;17;10;40.90909091;27.27272727;22.72727273;0.0;0.0;9.090909091
2019-10;National;ST MALO;PARIS MONTPARNASSE;159;84;3;;72;1.553935185;1.349588477;;8;29.73958333;4.733333333;;3;60.96666667;3;1;50.0;12.5;37.5;0.0;0.0;0.0
2019-10;National;PARIS LYON;DIJON VILLE;96;424;9;;129;5.644186047;1.433815261;;26;27.13269231;1.808835341;;17;34.79117647;8;2;15.38461538;19.23076923;11.53846154;34.61538462;19.23076923;0.0
2019-10;National;PARIS MONTPARNASSE;TOULOUSE MATABIAU;268;178;5;;139;6.857074341;5.423121387;;26;62.89358974;10.24017341;;26;62.89358974;18;8;48.0;32.0;16.0;4.0;0.0;0.0
2019-10;National;CHAMBERY CHALLES LES EAUX;PARIS LYON;190;148;2;;121;9.640633609;7.952853881;;44;25.725;9.279109589;;40;26.83666667;12;0;20.45454545;11.36363636;61.36363636;4.545454545;2.272727273;0.0
2019-10;National;ANGOULEME;PARIS MONTPARNASSE;126;255;13;;175;5.29647619;3.736225895;;49;22.90816327;5.682231405;;31;29.33387097;8;2;20.83333333;39.58333333;22.91666667;8.333333333;2.083333333;6.25
2019-10;National;MARSEILLE ST CHARLES;LILLE;285;178;4;;97;4.599656357;2.356800766;;46;41.88623188;14.36676245;;46;41.88623188;16;5;21.73913043;36.95652174;13.04347826;17.39130435;6.52173913;4.347826087
2019-10;National;MARNE LA VALLEE;LYON PART DIEU;111;289;5;;270;7.39;7.000176056;;34;36.43382353;4.557335681;;20;53.56416667;10;6;23.52941176;17.64705882;23.52941176;14.70588235;14.70588235;5.882352941
2019-10;National;PARIS LYON;AVIGNON TGV;161;456;9;;145;9.062528736;2.622744221;;62;35.02849462;5.53956003;;46;43.00036232;24;8;29.50819672;18.03278689;18.03278689;21.31147541;9.836065574;3.278688525
2019-10;National;RENNES;PARIS MONTPARNASSE;101;599;38;;387;14.41102498;9.854337493;;122;28.54617486;7.53989899;;72;42.14121622;38;15;23.00884956;29.20353982;20.3539823;18.5840708;5.309734513;3.539823009
2019-10;National;PARIS EST;REIMS;46;215;7;;172;2.85746124;2.297596154;;31;16.59139785;3.04911859;;9;35.20185185;5;1;14.28571429;21.42857143;25.0;28.57142857;10.71428571;0.0
2019-10;National;LILLE;MARSEILLE ST CHARLES;298;182;3;;89;12.05805243;5.798882682;;35;50.60190476;13.18715084;;35;50.60190476;15;7;31.42857143;14.28571429;25.71428571;11.42857143;11.42857143;5.714285714
2019-10;National;LAVAL;PARIS MONTPARNASSE;86;209;10;;120;4.826111111;2.770686767;;50;19.95833333;5.760552764;;19;40.4622807;11;4;27.77777778;22.22222222;22.22222222;16.66666667;5.555555556;5.555555556
2019-10;International;ZURICH;PARIS LYON;222;141;1;;140;1.9575;1.9575;;17;35.56176471;6.044166667;;14;40.96904762;6;2;0.0;35.29411765;17.64705882;11.76470588;17.64705882;17.64705882
2019-10;National;PARIS MONTPARNASSE;POITIERS;97;500;25;;342;4.353557505;2.94;;77;25.79588745;4.755192982;;45;38.75795455;25;7;38.66666667;17.33333333;24.0;17.33333333;2.666666667;0.0
2019-10;National;STRASBOURG;PARIS EST;116;529;7;;452;5.315744838;4.572828863;;72;25.6412037;4.967369093;;59;28.59830508;17;3;16.90140845;18.30985915;33.8028169;15.49295775;7.042253521;8.450704225
2019-10;National;PARIS NORD;ARRAS;49;300;4;;110;8.899090909;3.027646396;;47;18.97730496;3.491722973;;17;38.01666667;8;4;29.78723404;21.27659574;17.0212766;21.27659574;10.63829787;0.0
2019-10;National;LE CREUSOT MONTCEAU MONTCHANIN;PARIS LYON;82;213;5;;187;6.092245989;5.452083333;;62;14.00833333;5.221554487;;18;34.59411765;7;2;14.28571429;8.928571429;48.21428571;7.142857143;12.5;8.928571429
2019-10;National;TOULON;PARIS LYON;250;238;7;;182;2.638003663;2.02034632;;55;28.17151515;9.357792208;;55;28.17151515;17;3;20.0;47.27272727;16.36363636;9.090909091;3.636363636;3.636363636
2019-10;National;LYON PART DIEU;RENNES;234;77;5;;58;6.869827586;5.500925926;;16;42.146875;11.90833333;;16;42.146875;10;4;6.25;18.75;37.5;18.75;12.5;6.25
2019-10;National;PARIS MONTPARNASSE;ANGOULEME;131;266;15;;187;6.725846702;4.810491368;;45;32.66481481;6.80690571;;29;43.99482759;15;3;35.55555556;17.77777778;15.55555556;22.22222222;6.666666667;2.222222222
2019-10;National;PARIS MONTPARNASSE;ST PIERRE DES CORPS;65;406;24;;286;5.271270396;3.747993019;;71;24.52441315;4.778359511;;32;44.0171875;18;4;32.30769231;12.30769231;35.38461538;15.38461538;4.615384615;0.0
2019-10;National;TOURS;PARIS MONTPARNASSE;77;165;9;;70;1.566428571;0.535363248;;34;15.03529412;3.434935897;;9;32.93518519;3;1;29.16666667;20.83333333;37.5;4.166666667;0.0;8.333333333
2019-10;National;NANTES;STRASBOURG;302;41;2;;29;7.422988506;5.444871795;;10;55.18166667;16.7465812;;10;55.18166667;5;2;50.0;20.0;20.0;10.0;0.0;0.0
2019-10;National;PARIS LYON;BESANCON FRANCHE COMTE TGV;129;182;1;;58;5.262931034;1.398895028;;12;37.70416667;3.432688766;;9;46.08703704;5;2;16.66666667;58.33333333;8.333333333;8.333333333;8.333333333;0.0
2019-10;National;BESANCON FRANCHE COMTE TGV;PARIS LYON;132;188;2;;147;7.663605442;5.925089606;;24;30.52777778;4.587903226;;18;36.88888889;7;4;22.72727273;22.72727273;31.81818182;13.63636364;9.090909091;0.0
2019-10;National;DIJON VILLE;PARIS LYON;98;418;5;;373;4.852323503;4.368280872;;46;27.2442029;4.518401937;;34;37.30959596;15;6;18.60465116;23.25581395;34.88372093;11.62790698;6.976744186;4.651162791
2019-10;National;PARIS LYON;MACON LOCHE;96;212;2;;68;6.308333333;1.703888889;;17;25.27843137;2.374206349;;12;31.00972222;4;0;23.52941176;11.76470588;0.0;47.05882353;17.64705882;0.0
2019-10;National;PARIS MONTPARNASSE;NANTES;130;519;27;;364;7.044459707;5.086111111;;89;40.44756554;9.738685637;;68;48.99803922;38;14;45.34883721;16.27906977;17.44186047;13.95348837;6.976744186;0.0
2019-10;National;PARIS MONTPARNASSE;ST MALO;158;91;3;;53;3.175786164;1.707007576;;11;29.41212121;5.127083333;;9;32.9962963;5;0;50.0;30.0;0.0;10.0;10.0;0.0
2019-10;National;LYON PART DIEU;LILLE;186;212;4;;184;9.295289855;8.200320513;;70;28.78452381;12.16907051;;49;35.62108844;15;5;15.94202899;39.13043478;14.49275362;14.49275362;10.14492754;5.797101449
2019-10;National;PARIS LYON;VALENCE ALIXAN TGV;131;289;20;;102;5.979575163;1.952973978;;33;33.42727273;4.871561338;;21;45.66349206;11;3;22.58064516;16.12903226;32.25806452;19.35483871;3.225806452;6.451612903
2019-10;National;PARIS MONTPARNASSE;LE MANS;56;442;22;;300;6.097944444;4.207936508;;83;22.95060241;4.932222222;;39;40.01410256;20;6;34.61538462;15.38461538;35.8974359;8.974358974;3.846153846;1.282051282
2019-10;National;PARIS MONTPARNASSE;QUIMPER;223;231;11;;163;8.686809816;6.268863636;;35;50.91428571;8.895454545;;35;50.91428571;18;9;63.63636364;27.27272727;0.0;6.060606061;3.03030303;0.0
2019-10;National;NANCY;PARIS EST;96;307;4;;215;3.758914729;2.611716172;;20;36.75333333;3.311771177;;15;44.69;9;4;20.0;0.0;35.0;35.0;5.0;5.0
2019-10;National;PARIS NORD;LILLE;61;629;8;;454;19.07114537;13.83878154;;86;23.33449612;3.636178207;;37;42.65045045;17;8;34.93975904;16.86746988;14.45783133;20.48192771;13.25301205;0.0
2019-10;National;TOURCOING;BORDEAUX ST JEAN;289;28;1;;7;2.257142857;0.585185185;;1;32.96666667;1.52962963;;1;32.96666667;1;0;0.0;100.0;0.0;0.0;0.0;0.0
2019-10;National;MARSEILLE ST CHARLES;MARNE LA VALLEE;214;233;6;;115;4.580869565;2.075624082;;49;31.51326531;8.820998532;;49;31.51326531;16;5;16.32653061;36.73469388;12.24489796;20.40816327;6.12244898;8.163265306
2019-10;National;PARIS LYON;GRENOBLE;181;204;2;;63;4.324867725;0.991254125;;18;30.33333333;4.349009901;;18;30.33333333;7;1;38.88888889;16.66666667;27.77777778;16.66666667;0.0;0.0
2019-10;International;FRANCFORT;PARIS EST;211;177;2;;147;4.232086168;3.514;;32;29.34731183;7.695019157;;32;30.32580645;9;1;9.677419355;19.35483871;35.48387097;16.12903226;9.677419355;9.677419355
2019-10;National;POITIERS;PARIS MONTPARNASSE;95;412;18;;254;18.05984252;11.50139594;;91;21.5970696;6.023096447;;49;31.9452381;15;5;25.58139535;34.88372093;19.76744186;8.139534884;4.651162791;6.976744186
2019-10;International;PARIS EST;FRANCFORT;207;175;1;;122;8.451229508;5.851819923;;26;53.65833333;11.65929119;;26;53.65833333;8;3;9.523809524;23.80952381;38.0952381;23.80952381;4.761904762;0.0
2019-10;International;BARCELONA;PARIS LYON;303;54;2;;36;17.05185185;10.92692308;;11;72.88125;17.93461538;;11;90.24;11;7;42.85714286;0.0;28.57142857;0.0;14.28571429;14.28571429
2019-10;National;PARIS MONTPARNASSE;TOURS;78;165;7;;109;3.322477064;2.072151899;;27;14.95308642;3.279219409;;9;29.14814815;4;0;25.0;4.166666667;45.83333333;20.83333333;4.166666667;0.0
2019-10;National;REIMS;PARIS EST;46;209;4;;119;3.497759104;1.964796748;;37;13.82432432;3.422601626;;10;29.425;3;0;16.12903226;16.12903226;22.58064516;22.58064516;16.12903226;6.451612903
2019-10;National;DUNKERQUE;PARIS NORD;116;232;3;;16;7.0;0.489082969;;27;24.89691358;3.940247453;;17;32.63627451;4;3;34.61538462;30.76923077;19.23076923;7.692307692;7.692307692;0.0
2019-10;National;BORDEAUX ST JEAN;TOURCOING;301;27;1;;12;6.366666667;2.786538462;;5;45.4;10.76923077;;5;45.4;4;1;80.0;0.0;0.0;0.0;20.0;0.0
2019-10;International;PARIS LYON;GENEVE;185;209;2;;57;3.412280702;0.582286634;;22;22.91136364;5.263043478;;22;23.03402778;4;0;13.63636364;13.63636364;50.0;22.72727273;0.0;0.0
2019-10;International;PARIS LYON;BARCELONA;301;56;2;;26;7.273717949;3.250308642;;9;43.01904762;16.54968553;;9;80.42962963;5;4;0.0;60.0;40.0;0.0;0.0;0.0
2019-10;International;LAUSANNE;PARIS LYON;193;139;1;;116;3.062068966;2.509661836;;9;29.22037037;3.62173913;;9;27.89545455;4;0;22.22222222;22.22222222;33.33333333;11.11111111;11.11111111;0.0
2019-10;National;PARIS MONTPARNASSE;BREST;224;223;12;;164;5.57195122;4.190126382;;30;34.76666667;6.220379147;;30;34.76666667;16;5;51.72413793;20.68965517;10.34482759;10.34482759;6.896551724;0.0
2019-10;National;PARIS MONTPARNASSE;VANNES;153;229;12;;160;9.5565625;6.871198157;;39;38.8974359;7.852534562;;35;41.74285714;21;7;63.15789474;21.05263158;5.263157895;5.263157895;2.631578947;2.631578947
2019-10;International;MARSEILLE ST CHARLES;MADRID;193;21;1;;13;4.276923077;2.729166667;;5;48.13888889;14.125;;5;57.94583333;4;1;66.66666667;0.0;33.33333333;0.0;0.0;0.0
2019-10;National;ANGERS SAINT LAUD;PARIS MONTPARNASSE;97;416;23;;370;7.457162162;7.009457167;;90;33.9537037;8.284648007;;62;46.66775956;35;12;35.22727273;32.95454545;13.63636364;10.22727273;4.545454545;3.409090909
2019-10;National;LILLE;PARIS NORD;63;601;7;;327;3.603211009;1.832210999;;86;23.0003876;3.637065095;;39;39.99401709;17;7;23.37662338;12.98701299;27.27272727;19.48051948;15.58441558;1.298701299
2019-10;National;AIX EN PROVENCE TGV;PARIS LYON;189;424;6;;409;6.743765281;6.595773525;;73;33.13424658;8.116706539;;73;33.13424658;26;8;19.44444444;36.11111111;18.05555556;12.5;4.166666667;9.722222222
2019-10;National;ANNECY;PARIS LYON;229;137;2;;11;6.425757576;0.523580247;;33;24.78787879;7.790493827;;33;24.78787879;9;0;18.18181818;12.12121212;63.63636364;6.060606061;0.0;0.0
2019-10;International;GENEVE;PARIS LYON;185;229;4;;224;3.40014881;3.366222222;;17;25.60784314;3.524814815;;15;30.40222222;5;1;25.0;6.25;50.0;12.5;6.25;0.0
2019-10;National;RENNES;LYON PART DIEU;240;92;4;;67;34.42810945;26.13977273;;15;57.75111111;10.76837121;;15;57.75111111;10;5;33.33333333;20.0;6.666666667;33.33333333;0.0;6.666666667
2019-10;National;PARIS LYON;MULHOUSE VILLE;168;296;4;;100;6.0845;1.793550228;;31;33.5155914;4.289840183;;24;39.82708333;9;5;19.35483871;25.80645161;22.58064516;16.12903226;16.12903226;0.0
2019-10;National;PARIS LYON;MARSEILLE ST CHARLES;202;536;15;;168;9.321031746;2.671273193;;58;41.13809524;6.890371081;;58;41.92865497;28;10;23.63636364;34.54545455;9.090909091;18.18181818;9.090909091;5.454545455
2019-10;National;PARIS LYON;NIMES;177;268;17;;95;6.097192982;1.99063745;;38;37.34605263;7.131739708;;27;47.72839506;13;5;30.55555556;25.0;22.22222222;13.88888889;5.555555556;2.777777778
2019-10;International;PARIS EST;STUTTGART;178;150;0;;121;3.734710744;2.963333333;;24;32.40833333;9.518333333;;24;32.40833333;11;1;26.08695652;13.04347826;13.04347826;39.13043478;4.347826087;4.347826087
2019-10;International;PARIS LYON;LAUSANNE;175;147;1;;35;2.897142857;0.318493151;;12;17.675;4.523059361;;9;26.87407407;4;0;16.66666667;16.66666667;33.33333333;8.333333333;16.66666667;8.333333333
2019-10;National;PARIS LYON;NICE VILLE;356;186;8;;60;9.632222222;2.852153558;;38;51.11973684;12.70992509;;38;51.11973684;20;13;28.94736842;23.68421053;21.05263158;23.68421053;2.631578947;0.0
2019-10;National;PARIS LYON;SAINT ETIENNE CHATEAUCREUX;169;111;3;;34;5.269607843;1.231018519;;22;20.33863636;7.714506173;;13;26.23333333;3;1;18.18181818;27.27272727;9.090909091;22.72727273;9.090909091;13.63636364
2019-10;National;PARIS MONTPARNASSE;LAVAL;83;237;11;;142;3.354929577;1.924262537;;39;18.81410256;3.846976401;;20;27.77833333;7;1;18.18181818;21.21212121;24.24242424;24.24242424;6.060606061;6.060606061
2019-10;National;VANNES;PARIS MONTPARNASSE;155;235;10;;185;4.778468468;3.928962963;;55;37.30909091;10.46992593;;37;49.1972973;20;9;21.15384615;42.30769231;19.23076923;15.38461538;1.923076923;0.0
2019-10;National;ARRAS;PARIS NORD;51;323;7;;240;8.485486111;6.384229958;;75;20.05133333;5.461656118;;34;33.81764706;9;5;14.49275362;21.73913043;33.33333333;14.49275362;14.49275362;1.449275362
2019-10;International;STUTTGART;PARIS EST;181;151;0;;151;5.459602649;5.459602649;;27;24.19506173;6.471633554;;21;27.64090909;6;1;11.11111111;18.51851852;44.44444444;14.81481481;3.703703704;7.407407407
2019-10;International;PARIS LYON;ITALIE;432;95;1;;41;3.844308943;1.362943262;;16;38.90625;6.069148936;;16;38.90625;6;5;33.33333333;8.333333333;25.0;16.66666667;16.66666667;0.0
2019-10;National;LE MANS;PARIS MONTPARNASSE;60;417;21;;362;10.11708103;9.228577441;;119;28.14719888;8.976178451;;59;50.27627119;39;15;33.01886792;31.13207547;19.81132075;11.32075472;1.886792453;2.830188679
2019-10;National;QUIMPER;PARIS MONTPARNASSE;224;224;9;;150;53.20455556;37.11945736;;36;48.35694444;10.24069767;;36;48.35694444;19;8;24.24242424;39.39393939;12.12121212;21.21212121;3.03030303;0.0
2019-10;National;MARSEILLE ST CHARLES;LYON PART DIEU;106;353;11;;230;2.972971014;1.878508772;;72;22.54143519;7.580604288;;43;31.73015873;16;5;11.11111111;48.61111111;25.0;6.944444444;2.777777778;5.555555556
2019-10;National;DOUAI;PARIS NORD;77;212;3;;166;65.48192771;51.91754386;;58;16.6454023;5.308373206;;20;32.0225;5;2;7.547169811;22.64150943;37.73584906;15.09433962;16.98113208;0.0
2019-10;National;PARIS LYON;AIX EN PROVENCE TGV;189;409;8;;131;9.741475827;2.874896093;;41;50.56709402;7.608811305;;41;51.61125;26;11;25.64102564;30.76923077;10.25641026;25.64102564;5.128205128;2.564102564
2019-10;National;LA ROCHELLE VILLE;PARIS MONTPARNASSE;166;204;7;;71;2.40915493;0.864213198;;26;23.66666667;4.749153976;;16;31.46458333;5;1;32.0;32.0;12.0;16.0;0.0;8.0
2019-10;National;PARIS LYON;LE CREUSOT MONTCEAU MONTCHANIN;80;205;4;;69;4.645652174;1.250082919;;23;17.73478261;1.649170813;;11;27.67878788;4;0;34.7826087;8.695652174;13.04347826;4.347826087;39.13043478;0.0
2019-10;National;MARSEILLE ST CHARLES;PARIS LYON;204;458;7;;235;9.362056738;4.664708056;;72;38.8349537;8.717960089;;72;38.8349537;29;9;29.57746479;32.3943662;14.08450704;11.26760563;2.816901408;9.85915493
2019-10;National;LILLE;LYON PART DIEU;191;250;3;;182;3.982234432;2.897840756;;26;28.06987179;3.872132254;;19;34.14122807;7;2;19.23076923;23.07692308;26.92307692;11.53846154;15.38461538;3.846153846
2019-10;International;MADRID;MARSEILLE ST CHARLES;224;16;1;;12;9.002777778;6.866666667;;10;29.83333333;25.82333333;;10;42.80416667;7;0;33.33333333;16.66666667;33.33333333;0.0;16.66666667;0.0
2019-10;National;BORDEAUX ST JEAN;PARIS MONTPARNASSE;144;828;41;;407;10.06719902;5.005929691;;162;31.33014403;7.768720881;;119;39.88432203;47;22;28.20512821;37.82051282;10.8974359;14.1025641;2.564102564;6.41025641
2019-10;National;PARIS EST;METZ;85;327;7;;249;6.629384203;5.111197917;;43;22.17868217;2.875729167;;24;33.66736111;13;1;9.302325581;18.60465116;27.90697674;34.88372093;9.302325581;0.0
2019-10;National;METZ;PARIS EST;85;316;7;;232;4.215876437;3.121574973;;63;15.85687831;3.964670982;;26;25.17435897;7;0;3.389830508;23.72881356;49.15254237;10.16949153;6.779661017;6.779661017
2019-10;National;MARNE LA VALLEE;MARSEILLE ST CHARLES;216;243;4;;210;11.41722222;10.00906555;;50;56.20566667;14.71603905;;50;56.20566667;23;12;36.0;10.0;18.0;14.0;14.0;8.0
2019-10;National;NIMES;PARIS LYON;182;266;12;;203;11.03809524;-92.76830709;;70;17.23357143;-90.6308399;;51;46.83594771;31;14;26.08695652;43.47826087;21.73913043;4.347826087;1.449275362;2.898550725
2019-10;National;STRASBOURG;NANTES;294;38;1;;31;4.379569892;3.618918919;;6;53.84444444;12.90945946;;6;53.84444444;5;1;50.0;16.66666667;16.66666667;16.66666667;0.0;0.0
2019-10;National;AVIGNON TGV;PARIS LYON;164;432;7;;346;7.565847784;6.073607843;;85;33.78313725;8.609803922;;65;40.40384615;26;11;21.42857143;34.52380952;19.04761905;10.71428571;5.952380952;8.333333333
2019-10;National;BELLEGARDE (AIN);PARIS LYON;162;225;4;;211;4.931753555;4.699321267;;23;23.0884058;3.309577677;;14;29.83809524;5;1;18.18181818;9.090909091;54.54545455;13.63636364;4.545454545;0.0
2019-10;National;VALENCE ALIXAN TGV;PARIS LYON;137;265;11;;221;12.70444947;-67.95374016;;68;35.32647059;-68.92808399;;46;46.2634058;28;12;25.37313433;41.79104478;22.3880597;4.47761194;2.985074627;2.985074627
2019-10;National;LYON PART DIEU;MARSEILLE ST CHARLES;109;368;11;;276;8.853019324;6.797058824;;100;31.324;10.41998133;;73;38.2086758;30;10;20.0;28.0;23.0;4.0;13.0;12.0
2019-10;International;PARIS LYON;ZURICH;229;143;2;;51;6.920261438;2.174586288;;29;49.87183908;12.32092199;;27;52.69074074;13;6;7.692307692;19.23076923;38.46153846;19.23076923;15.38461538;0.0
2019-10;National;PARIS NORD;DUNKERQUE;115;252;4;;131;25.52124682;13.24260753;;17;29.76470588;2.625;;12;36.58333333;9;1;29.41176471;17.64705882;29.41176471;17.64705882;5.882352941;0.0
2019-10;National;NANTES;PARIS MONTPARNASSE;135;527;29;;317;26.23748686;16.50609103;;105;39.06015873;8.936579652;;79;49.66153846;43;17;38.23529412;32.35294118;14.70588235;8.823529412;2.941176471;2.941176471
2019-10;National;PARIS EST;NANCY;95;297;4;;222;3.467492492;2.440216155;;27;29.77654321;3.101934016;;18;38.17037037;11;3;25.92592593;7.407407407;22.22222222;29.62962963;11.11111111;3.703703704
2019-10;National;SAINT ETIENNE CHATEAUCREUX;PARIS LYON;169;106;4;;50;50.76633333;24.49689542;;13;25.3525641;5.83872549;;7;36.31428571;4;1;16.66666667;8.333333333;58.33333333;0.0;16.66666667;0.0
2019-10;National;LYON PART DIEU;MONTPELLIER;117;180;8;;120;8.030833333;5.531395349;;37;40.42657658;9.528100775;;27;50.52530864;14;5;35.13513514;5.405405405;16.21621622;13.51351351;16.21621622;13.51351351
2019-10;National;NICE VILLE;PARIS LYON;358;182;6;;134;2.625995025;1.928125;;39;27.6508547;9.138068182;;39;27.6508547;12;1;23.07692308;43.58974359;17.94871795;10.25641026;2.564102564;2.564102564
2019-10;National;ST PIERRE DES CORPS;PARIS MONTPARNASSE;63;398;23;;309;4.00188781;3.209377778;;86;18.07790698;4.5448;;31;34.54569892;11;3;19.71830986;29.57746479;32.3943662;2.816901408;4.225352113;11.26760563
2019-10;National;PARIS LYON;CHAMBERY CHALLES LES EAUX;180;169;1;;62;5.951344086;1.850694444;;17;27.15588235;3.588789683;;11;34.96818182;5;1;17.64705882;29.41176471;17.64705882;35.29411765;0.0;0.0
2019-10;National;PARIS LYON;MONTPELLIER;210;256;18;;87;5.358045977;1.637254902;;36;44.57592593;8.386484594;;36;44.57592593;20;7;26.47058824;29.41176471;20.58823529;8.823529412;5.882352941;8.823529412
2019-10;National;PARIS MONTPARNASSE;ANGERS SAINT LAUD;93;407;19;;281;8.31109134;5.875085911;;57;31.80380117;5.047551546;;40;40.40083333;22;6;49.12280702;12.28070175;17.54385965;12.28070175;8.771929825;0.0
2019-10;National;PARIS MONTPARNASSE;BORDEAUX ST JEAN;149;784;41;;591;5.795431472;4.484970839;;85;28.59843137;2.270637057;;62;34.42526882;30;4;44.04761905;22.61904762;13.0952381;13.0952381;7.142857143;0.0
2019-10;National;PARIS MONTPARNASSE;RENNES;101;631;40;;421;8.400514648;5.823886069;;89;24.95786517;4.246136492;;58;32.88583333;23;7;36.14457831;25.30120482;15.6626506;13.25301205;6.024096386;3.614457831
2019-10;National;LYON PART DIEU;MARNE LA VALLEE;109;244;5;;203;9.572249589;8.105090656;;63;26.79920635;7.899372385;;51;30.04379085;16;5;12.90322581;40.32258065;17.74193548;16.12903226;8.064516129;4.838709677
2019-10;National;GRENOBLE;PARIS LYON;183;209;1;;27;211.662963;27.47548077;;20;35.89916667;4.321153846;;20;35.89916667;9;2;35.0;20.0;25.0;10.0;5.0;5.0
2019-10;National;MULHOUSE VILLE;PARIS LYON;170;305;4;;252;4.705357143;3.88200443;;44;26.3094697;4.899889258;;31;32.5188172;11;3;11.9047619;26.19047619;33.33333333;9.523809524;11.9047619;7.142857143
2019-10;National;PARIS LYON;PERPIGNAN;308;136;10;;52;5.474358974;1.963756614;;24;52.17708333;10.82592593;;24;52.17708333;14;7;16.66666667;25.0;33.33333333;12.5;4.166666667;8.333333333
2019-10;National;BREST;PARIS MONTPARNASSE;227;257;13;;160;21.6103125;14.17069672;;43;40.96511628;9.306625683;;43;40.96511628;20;8;21.05263158;28.94736842;13.15789474;26.31578947;7.894736842;2.631578947
2019-10;National;TOULOUSE MATABIAU;PARIS MONTPARNASSE;263;182;5;;102;11.36062092;6.317231638;;43;43.29612403;12.46949153;;43;43.29612403;18;10;33.33333333;35.71428571;7.142857143;19.04761905;2.380952381;2.380952381
2019-10;National;PARIS EST;STRASBOURG;115;534;7;;384;5.615364583;4.031688805;;49;27.52278912;2.991967109;;36;33.27731481;17;3;23.91304348;19.56521739;19.56521739;26.08695652;10.86956522;0.0
2019-10;National;PARIS NORD;DOUAI;67;205;1;;66;11.77853535;3.471977124;;25;22.63333333;2.148937908;;12;37.13194444;6;3;24.0;16.0;16.0;32.0;12.0;0.0
2019-10;National;MONTPELLIER;PARIS LYON;308;263;12;;228;7.736330409;7.012749004;;49;45.92142857;-80.85511288;;49;45.92142857;29;13;27.08333333;39.58333333;20.83333333;6.25;2.083333333;4.166666667
2019-10;International;ITALIE;PARIS LYON;433;94;1;;90;2.894444444;2.79265233;;40;26.00701754;13.19946237;;40;27.04273504;12;0;18.42105263;7.894736842;68.42105263;2.631578947;2.631578947;0.0
2019-10;National;PARIS LYON;ANNECY;223;151;1;;47;6.365248227;1.653888889;;10;34.55;4.24;;10;34.55;4;1;10.0;30.0;20.0;30.0;10.0;0.0
2019-10;National;PARIS LYON;LYON PART DIEU;119;638;14;;213;6.780516432;1.933627137;;57;28.03099415;1.98795406;;38;35.93201754;15;3;35.71428571;10.71428571;7.142857143;33.92857143;10.71428571;1.785714286
2019-10;National;MACON LOCHE;PARIS LYON;100;191;5;;180;9.205;8.898476703;;44;25.67537879;7.834318996;;38;27.80394737;13;2;16.27906977;9.302325581;62.79069767;9.302325581;2.325581395;0.0
2019-10;National;MONTPELLIER;LYON PART DIEU;116;188;7;;157;5.982908705;5.169244936;;37;29.74279279;8.316206262;;28;35.61488095;16;1;21.62162162;27.02702703;18.91891892;18.91891892;8.108108108;5.405405405
2019-10;National;PARIS MONTPARNASSE;LA ROCHELLE VILLE;173;205;7;;138;3.930917874;2.596548822;;22;34.59090909;4.409090909;;21;35.71428571;8;4;54.54545455;22.72727273;4.545454545;13.63636364;0.0;4.545454545
2019-10;National;PARIS LYON;BELLEGARDE (AIN);162;208;2;;57;3.451754386;0.60881877;;35;17.90904762;5.201456311;;16;24.33854167;4;0;14.28571429;11.42857143;54.28571429;14.28571429;2.857142857;2.857142857
2019-10;National;LYON PART DIEU;PARIS LYON;121;622;15;;503;4.560934394;3.749148819;;78;29.63269231;5.981521142;;53;39.50641026;25;8;26.31578947;11.84210526;28.94736842;15.78947368;11.84210526;5.263157895
2019-10;National;PARIS LYON;TOULON;248;245;12;;80;8.008958333;2.378397711;;75;39.83866667;16.71630901;;75;39.83866667;28;13;16.0;38.66666667;18.66666667;17.33333333;8.0;1.333333333
2019-11;National;PARIS LYON;AIX EN PROVENCE TGV;188;380;4;;94;7.424468085;1.499512411;;30;40.27333333;2.29858156;;30;40.27333333;14;5;33.33333333;16.66666667;6.666666667;30.0;6.666666667;6.666666667
2019-11;National;NANCY;PARIS EST;96;294;11;;189;2.327160494;1.492873969;;15;25.53888889;2.069552415;;11;30.28636364;4;1;33.33333333;20.0;20.0;26.66666667;0.0;0.0
2019-11;National;AIX EN PROVENCE TGV;PARIS LYON;188;404;5;;389;8.920565553;8.690726817;;48;47.27881944;7.155513784;;48;47.27881944;25;10;41.66666667;22.91666667;12.5;14.58333333;8.333333333;0.0
2019-11;National;LILLE;PARIS NORD;64;533;16;;295;4.160564972;2.226563507;;85;15.02686275;2.777756286;;31;27.96888889;9;0;21.79487179;14.1025641;23.07692308;20.51282051;16.66666667;3.846153846
2019-11;National;MARNE LA VALLEE;MARSEILLE ST CHARLES;216;238;3;;194;6.899570447;5.647446809;;36;37.9087963;7.67822695;;36;37.9087963;15;5;52.77777778;13.88888889;5.555555556;8.333333333;11.11111111;8.333333333
2019-11;National;ANNECY;PARIS LYON;229;135;1;;14;6.926190476;0.721766169;;18;26.45;6.06318408;;18;26.45;5;1;27.77777778;22.22222222;38.88888889;5.555555556;5.555555556;0.0
2019-11;National;LAVAL;PARIS MONTPARNASSE;85;216;5;;129;5.21498708;3.046761453;;56;16.19107143;5.2328594;;14;39.13690476;7;2;14.28571429;26.53061224;32.65306122;14.28571429;6.12244898;6.12244898
2019-11;National;PARIS MONTPARNASSE;TOULOUSE MATABIAU;264;149;3;;128;12.21601563;10.64178082;;26;69.50192308;13.45239726;;26;69.50192308;17;9;30.76923077;19.23076923;11.53846154;19.23076923;15.38461538;3.846153846
2019-11;National;DUNKERQUE;PARIS NORD;117;185;12;;2;3.5;0.040462428;;15;20.49444444;3.270038536;;6;31.23055556;2;0;20.0;26.66666667;6.666666667;13.33333333;26.66666667;6.666666667
2019-11;International;GENEVE;PARIS LYON;184;220;3;;215;3.867829457;3.819585253;;21;33.33809524;4.35453149;;18;36.14298246;7;3;19.04761905;14.28571429;38.0952381;23.80952381;0.0;4.761904762
2019-11;National;ST PIERRE DES CORPS;PARIS MONTPARNASSE;61;399;9;;334;5.95;5.073717949;;108;19.72530864;6.183376068;;45;35.92185185;21;4;10.41666667;29.16666667;40.625;8.333333333;8.333333333;3.125
2019-11;National;TOURS;PARIS MONTPARNASSE;75;158;2;;88;2.401704545;1.266239316;;36;15.475;4.492628205;;9;39.92592593;6;1;10.71428571;10.71428571;50.0;21.42857143;3.571428571;3.571428571
2019-11;National;PARIS EST;NANCY;95;285;7;;204;2.536437908;1.790647482;;19;33.19561404;2.634532374;;14;41.14761905;7;2;31.57894737;31.57894737;5.263157895;26.31578947;5.263157895;0.0
2019-11;National;PARIS EST;REIMS;46;208;6;;161;2.765217391;2.152640264;;31;19.13709677;3.718481848;;13;33.28333333;5;2;25.0;35.71428571;14.28571429;17.85714286;7.142857143;0.0
2019-11;National;MARNE LA VALLEE;LYON PART DIEU;111;292;5;;273;6.041758242;5.737340302;;39;25.9008547;4.332984901;;27;31.90493827;11;2;28.20512821;15.38461538;20.51282051;20.51282051;15.38461538;0.0
2019-11;National;PARIS LYON;DIJON VILLE;95;441;2;;128;9.142838542;2.351708428;;43;41.23682171;4.469969628;;33;50.14494949;22;10;13.95348837;27.90697674;11.62790698;32.55813953;11.62790698;2.325581395
2019-11;National;SAINT ETIENNE CHATEAUCREUX;PARIS LYON;168;109;4;;69;107.5830918;70.34365079;;16;25.45104167;5.25031746;;9;35.43333333;4;1;25.0;12.5;31.25;12.5;6.25;12.5
2019-11;National;PARIS LYON;VALENCE ALIXAN TGV;131;175;14;;53;7.271069182;2.019461698;;21;29.99285714;4.411801242;;15;36.89555556;10;2;42.85714286;0.0;19.04761905;28.57142857;9.523809524;0.0
2019-11;National;PARIS MONTPARNASSE;BREST;221;213;6;;137;2.501946472;1.418921095;;20;38.825;4.980676329;;20;38.825;9;3;15.0;35.0;15.0;25.0;0.0;10.0
2019-11;National;POITIERS;PARIS MONTPARNASSE;94;412;10;;264;7.728409091;4.870605307;;107;20.98894081;6.604643449;;48;35.43541667;21;5;12.12121212;44.44444444;27.27272727;6.060606061;7.070707071;3.03030303
2019-11;National;PARIS NORD;ARRAS;51;270;15;;113;5.575368732;2.219607843;;46;15.88442029;3.655163399;;17;35.009375;7;2;20.93023256;18.60465116;13.95348837;16.27906977;27.90697674;2.325581395
2019-11;National;MARSEILLE ST CHARLES;LILLE;284;171;2;;73;3.955022831;1.471005917;;46;30.75688406;10.94023669;;46;30.75688406;14;2;43.47826087;10.86956522;19.56521739;17.39130435;8.695652174;0.0
2019-11;National;MONTPELLIER;LYON PART DIEU;116;166;7;;144;3.11099537;2.799266247;;43;21.51899225;8.437631027;;29;27.76369048;7;1;27.90697674;37.20930233;13.95348837;16.27906977;4.651162791;0.0
2019-11;International;PARIS EST;FRANCFORT;115;172;4;;98;1.867346939;0.937301587;;13;45.29;5.551686508;;13;45.99722222;7;1;11.11111111;33.33333333;11.11111111;44.44444444;0.0;0.0
2019-11;International;PARIS LYON;ZURICH;222;146;2;;40;8.226666667;1.965046296;;19;44.35877193;8.166666667;;18;46.21388889;12;6;5.555555556;33.33333333;16.66666667;38.88888889;5.555555556;0.0
2019-11;National;PARIS EST;STRASBOURG;115;525;10;;361;3.389981533;2.310032362;;53;28.17924528;3.464822006;;38;34.21282051;14;4;23.07692308;26.92307692;7.692307692;28.84615385;9.615384615;3.846153846
2019-11;National;PARIS LYON;LE CREUSOT MONTCEAU MONTCHANIN;80;200;3;;57;5.524853801;1.200423012;;20;19.43083333;1.646362098;;7;40.00238095;4;1;35.0;5.0;30.0;20.0;10.0;0.0
2019-11;National;MARSEILLE ST CHARLES;LYON PART DIEU;106;328;5;;197;5.591624365;3.289731682;;70;27.45619048;8.641692466;;40;38.85;14;5;48.57142857;20.0;17.14285714;5.714285714;4.285714286;4.285714286
2019-11;International;PARIS LYON;BARCELONA;241;25;2;;6;1.694444444;0.051449275;;4;21.65;5.546376812;;4;32.38888889;0;0;0.0;0.0;0.0;0.0;0.0;0.0
2019-11;National;BORDEAUX ST JEAN;PARIS MONTPARNASSE;143;792;27;;379;18.01055409;7.907581699;;163;41.1892638;12.80420479;;135;59.75989975;76;28;28.30188679;30.18867925;19.49685535;13.20754717;6.289308176;2.51572327
2019-11;National;MARSEILLE ST CHARLES;MARNE LA VALLEE;213;228;3;;84;6.24047619;2.025703704;;46;32.66376812;8.267259259;;46;32.66376812;15;2;43.47826087;10.86956522;17.39130435;19.56521739;8.695652174;0.0
2019-11;National;LYON PART DIEU;PARIS LYON;120;595;4;;443;3.916403311;2.889509306;;54;23.66018519;2.926677947;;35;29.94333333;11;2;25.92592593;7.407407407;24.07407407;22.22222222;9.259259259;11.11111111
2019-11;National;VALENCE ALIXAN TGV;PARIS LYON;135;233;11;;195;9.356324786;-69.83828829;;51;27.17254902;-71.52882883;;35;33.84571429;13;3;44.0;24.0;16.0;12.0;4.0;0.0
2019-11;National;REIMS;PARIS EST;46;194;4;;115;4.575652174;2.693333333;;29;24.7137931;4.803421053;;8;67.11666667;3;3;8.695652174;34.7826087;34.7826087;8.695652174;8.695652174;4.347826087
2019-11;National;ARRAS;PARIS NORD;54;311;17;;232;2.476077586;1.903117914;;55;12.53878788;3.47755102;;12;26.78666667;4;0;15.38461538;25.0;40.38461538;3.846153846;11.53846154;3.846153846
2019-11;National;MONTPELLIER;PARIS LYON;380;227;11;;189;4.910405644;4.277469136;;44;-30.5125;-150.5621142;;44;34.67738095;18;3;52.27272727;13.63636364;15.90909091;15.90909091;2.272727273;0.0
2019-11;International;BARCELONA;PARIS LYON;35;20;2;;6;4.466666667;-229.2694444;;3;122.9277778;11.76111111;;3;122.9277778;3;2;66.66666667;0.0;33.33333333;0.0;0.0;0.0
2019-11;National;LYON PART DIEU;LILLE;186;195;6;;162;9.969547325;8.522222222;;59;27.79858757;11.43624339;;50;30.38104575;15;3;35.59322034;15.25423729;22.03389831;20.33898305;6.779661017;0.0
2019-11;National;LYON PART DIEU;MONTPELLIER;117;162;5;;114;7.864035088;5.647452229;;41;30.12642276;9.391825902;;27;39.23395062;15;6;23.68421053;21.05263158;26.31578947;7.894736842;10.52631579;10.52631579
2019-11;National;LA ROCHELLE VILLE;PARIS MONTPARNASSE;165;193;2;;80;2.421666667;1.013350785;;44;21.39772727;7.132024433;;29;26.27413793;9;1;14.28571429;64.28571429;11.9047619;2.380952381;4.761904762;2.380952381
2019-11;National;PARIS LYON;PERPIGNAN;309;48;11;;10;12.25666667;2.881081081;;3;39.46666667;1.834684685;;3;39.46666667;2;0;0.0;33.33333333;0.0;33.33333333;33.33333333;0.0
2019-11;National;VANNES;PARIS MONTPARNASSE;154;222;8;;171;5.117641326;4.089330218;;46;29.37572464;8.248364486;;34;35.5872549;15;5;31.81818182;31.81818182;6.818181818;22.72727273;4.545454545;2.272727273
2019-11;National;ANGERS SAINT LAUD;PARIS MONTPARNASSE;94;403;4;;369;4.389205059;4.049707602;;107;18.40046729;5.941687552;;35;37.76428571;11;5;13.82978723;40.42553191;22.34042553;14.89361702;3.191489362;5.319148936
2019-11;National;TOULOUSE MATABIAU;PARIS MONTPARNASSE;262;153;3;;89;15.79363296;9.159;;39;59.67222222;18.161;;39;59.67222222;24;10;47.22222222;22.22222222;8.333333333;19.44444444;0.0;2.777777778
2019-11;National;TOULON;PARIS LYON;249;215;8;;173;10.7327553;8.914331723;;50;54.185;14.51714976;;50;54.185;24;11;32.0;42.0;12.0;8.0;4.0;2.0
2019-11;National;PARIS LYON;SAINT ETIENNE CHATEAUCREUX;169;113;4;;24;4.209027778;0.405810398;;22;18.16439394;6.970642202;;11;24.01212121;2;0;19.04761905;0.0;57.14285714;4.761904762;14.28571429;4.761904762
2019-11;National;PARIS LYON;TOULON;248;221;7;;57;12.48421053;2.907242991;;56;41.05922619;15.25607477;;56;41.05922619;25;12;25.45454545;34.54545455;16.36363636;16.36363636;3.636363636;3.636363636
2019-11;National;MACON LOCHE;PARIS LYON;99;191;3;;182;9.815567766;9.496187943;;34;31.29411765;6.591046099;;24;38.86111111;11;6;26.47058824;17.64705882;29.41176471;23.52941176;2.941176471;0.0
2019-11;National;LYON PART DIEU;RENNES;233;80;4;;66;5.565151515;4.811184211;;19;30.88070175;10.61578947;;19;30.88070175;7;2;42.10526316;10.52631579;31.57894737;5.263157895;5.263157895;5.263157895
2019-11;National;PARIS NORD;LILLE;62;577;17;;384;13.56289063;9.163214286;;106;18.57610063;3.618958333;;50;29.31258503;17;3;22.85714286;27.61904762;10.47619048;24.76190476;11.42857143;2.857142857
2019-11;National;LILLE;LYON PART DIEU;190;246;4;;170;3.760098039;2.59600551;;28;28.62678571;4.729614325;;25;30.782;9;2;32.14285714;17.85714286;10.71428571;21.42857143;17.85714286;0.0
2019-11;National;AVIGNON TGV;PARIS LYON;163;418;4;;158;8.989135021;3.111876006;;59;31.31920904;5.178864734;;38;41.82368421;17;6;48.27586207;18.96551724;12.06896552;10.34482759;5.172413793;5.172413793
2019-11;National;BESANCON FRANCHE COMTE TGV;PARIS LYON;131;191;2;;135;3.80691358;2.561992945;;19;49.04649123;6.588888889;;16;55.89270833;9;5;21.05263158;42.10526316;15.78947368;21.05263158;0.0;0.0
2019-11;National;PARIS LYON;MULHOUSE VILLE;167;305;3;;90;8.209074074;2.165728477;;29;44.04022989;5.329470199;;24;50.87083333;19;7;10.34482759;31.03448276;13.79310345;37.93103448;6.896551724;0.0
2019-11;National;LE MANS;PARIS MONTPARNASSE;57;420;7;;379;5.864951627;5.36448749;;122;17.67008197;5.766424536;;33;41.83787879;14;7;14.81481481;40.74074074;20.37037037;12.96296296;5.555555556;5.555555556
2019-11;National;NANTES;PARIS MONTPARNASSE;132;495;7;;315;8.14021164;5.087704918;;78;25.60876068;6.138831967;;44;35.73977273;13;6;15.78947368;43.42105263;17.10526316;14.47368421;5.263157895;3.947368421
2019-11;National;PARIS MONTPARNASSE;POITIERS;92;490;12;;316;4.38185654;2.706764296;;64;23.39036458;3.943096234;;28;41.2827381;13;5;12.6984127;25.3968254;34.92063492;14.28571429;6.349206349;6.349206349
2019-11;National;NANTES;STRASBOURG;305;35;0;;22;1.214393939;0.64;;4;20.90416667;5.47;;4;20.90416667;0;0;0.0;50.0;50.0;0.0;0.0;0.0
2019-11;National;TOURCOING;BORDEAUX ST JEAN;289;24;0;;6;3.272222222;0.818055556;;1;18.53333333;3.724305556;;1;18.53333333;0;0;0.0;0.0;0.0;0.0;100.0;0.0
2019-11;National;NICE VILLE;PARIS LYON;357;163;7;;118;6.541242938;1.893696581;;36;60.03333333;15.13707265;;36;60.03333333;19;8;30.55555556;41.66666667;16.66666667;2.777777778;5.555555556;2.777777778
2019-11;International;LAUSANNE;PARIS LYON;194;134;1;;118;3.171045198;2.772305764;;22;31.07424242;7.417669173;;22;46.19333333;8;1;9.090909091;0.0;72.72727273;18.18181818;0.0;0.0
2019-11;National;PARIS LYON;BESANCON FRANCHE COMTE TGV;129;181;1;;57;7.590350877;2.145185185;;21;36.46349206;5.138148148;;12;54.63888889;9;5;14.28571429;23.80952381;28.57142857;19.04761905;9.523809524;4.761904762
2019-11;National;LE CREUSOT MONTCEAU MONTCHANIN;PARIS LYON;81;208;0;;176;5.407291667;4.521955128;;35;15.14;2.501762821;;10;30.435;3;1;5.882352941;5.882352941;32.35294118;23.52941176;17.64705882;14.70588235
2019-11;National;PARIS LYON;LYON PART DIEU;119;600;6;;154;6.252056277;1.177609428;;38;29.06929825;1.523877666;;29;34.2954023;13;3;39.47368421;0.0;10.52631579;36.84210526;13.15789474;0.0
2019-11;National;PARIS MONTPARNASSE;LA ROCHELLE VILLE;169;201;4;;137;10.10961071;6.881049069;;20;31.05;3.634517766;;10;48.9;7;2;15.78947368;21.05263158;15.78947368;15.78947368;5.263157895;26.31578947
2019-11;National;PARIS MONTPARNASSE;LAVAL;81;233;4;;152;10.27938596;6.632532751;;46;21.98913043;5.198908297;;14;52.03095238;8;4;10.52631579;28.94736842;21.05263158;31.57894737;5.263157895;2.631578947
2019-11;National;PARIS MONTPARNASSE;QUIMPER;226;213;5;;143;5.794871795;3.794391026;;15;40.4;3.884615385;;15;40.4;8;2;14.28571429;50.0;21.42857143;7.142857143;7.142857143;0.0
2019-11;National;PARIS MONTPARNASSE;ST MALO;155;90;3;;65;13.55820513;9.963601533;;9;39.06481481;5.795210728;;6;52.38055556;3;2;11.11111111;33.33333333;22.22222222;33.33333333;0.0;0.0
2019-11;National;LYON PART DIEU;MARNE LA VALLEE;110;228;6;;184;9.096467391;7.513363363;;54;26.08734568;6.542942943;;43;29.39356061;14;2;29.62962963;18.51851852;22.22222222;22.22222222;7.407407407;0.0
2019-11;National;PARIS LYON;BELLEGARDE (AIN);162;203;3;;67;8.455970149;2.523166667;;41;29.47357724;8.37225;;26;39.16794872;12;2;20.0;7.5;40.0;25.0;7.5;0.0
2019-11;National;PARIS LYON;MONTPELLIER;233;138;15;;38;7.438596491;1.901355014;;19;37.22719298;-15.19254743;;19;37.22719298;8;4;42.10526316;10.52631579;10.52631579;31.57894737;5.263157895;0.0
2019-11;National;PARIS LYON;AVIGNON TGV;160;425;1;;118;5.695762712;1.251650943;;74;23.31036036;4.838482704;;46;30.08007246;16;3;40.54054054;9.459459459;18.91891892;21.62162162;4.054054054;5.405405405
2019-11;National;PARIS LYON;MACON LOCHE;96;202;2;;58;8.561781609;2.1455;;20;28.5325;3.620416667;;10;44.21166667;6;2;21.05263158;5.263157895;36.84210526;31.57894737;5.263157895;0.0
2019-11;National;MULHOUSE VILLE;PARIS LYON;169;311;4;;257;4.131193256;3.406623236;;43;34.08527132;6.488219327;;25;49.56733333;13;6;16.27906977;32.55813953;23.25581395;13.95348837;2.325581395;11.62790698
2019-11;National;PARIS MONTPARNASSE;BORDEAUX ST JEAN;145;738;29;;548;6.528527981;4.919275976;;86;34.37984496;4.213728256;;68;40.28259804;22;10;23.52941176;30.58823529;16.47058824;18.82352941;5.882352941;4.705882353
2019-11;National;METZ;PARIS EST;85;298;5;;223;4.242750374;3.178896473;;63;15.6021164;3.922753129;;26;25.74679487;7;1;14.03508772;19.29824561;42.10526316;10.52631579;8.771929825;5.263157895
2019-11;National;MARSEILLE ST CHARLES;PARIS LYON;203;459;5;;222;8.787762763;4.048237885;;46;47.94927536;5.987518355;;46;47.94927536;24;6;39.13043478;32.60869565;8.695652174;8.695652174;8.695652174;2.173913043
2019-11;International;STUTTGART;PARIS EST;165;147;1;;137;10.46411192;9.755479452;;36;34.65208333;10.34121005;;36;49.09102564;11;3;4.166666667;25.0;29.16666667;16.66666667;16.66666667;8.333333333
2019-11;National;STRASBOURG;PARIS EST;116;514;9;;431;4.770726991;4.037491749;;75;27.92622222;5.07980198;;55;33.64545455;25;5;18.05555556;20.83333333;26.38888889;19.44444444;8.333333333;6.944444444
2019-11;National;PERPIGNAN;PARIS LYON;303;41;10;;19;2.460526316;1.412365591;;4;32.44166667;3.985483871;;4;32.44166667;2;0;25.0;50.0;25.0;0.0;0.0;0.0
2019-11;International;FRANCFORT;PARIS EST;149;174;5;;140;8.523928571;6.989842209;;35;24.69809524;8.953550296;;32;46.94236111;14;3;5.882352941;14.70588235;58.82352941;14.70588235;0.0;5.882352941
2019-11;International;PARIS LYON;GENEVE;184;198;2;;67;8.836567164;2.717602041;;31;36.91451613;8.489115646;;28;39.48214286;13;2;22.58064516;9.677419355;29.03225806;32.25806452;6.451612903;0.0
2019-11;International;ITALIE;PARIS LYON;413;91;0;;85;6.470588235;5.983516484;;24;31.95666667;11.09505495;;24;33.90606061;7;2;25.0;15.0;40.0;20.0;0.0;0.0
2019-11;National;PARIS MONTPARNASSE;ANGERS SAINT LAUD;91;399;6;;279;9.030286738;6.269253605;;45;25.27592593;3.597921968;;24;38.81805556;10;4;14.63414634;21.95121951;26.82926829;29.26829268;4.87804878;2.43902439
2019-11;National;QUIMPER;PARIS MONTPARNASSE;231;218;7;;147;58.75408163;40.93293839;;30;33.02380952;8.221011058;;30;41.26321839;14;5;22.22222222;37.03703704;11.11111111;25.92592593;3.703703704;0.0
2019-11;National;LYON PART DIEU;MARSEILLE ST CHARLES;108;373;9;;280;7.837202381;5.97797619;;69;32.18864734;6.94496337;;58;35.88362069;22;7;29.41176471;25.0;25.0;2.941176471;10.29411765;7.352941176
2019-11;National;DOUAI;PARIS NORD;77;179;7;;145;31.2562069;26.32315891;;35;11.45380952;3.087015504;;5;26.98666667;2;0;15.15151515;24.24242424;36.36363636;0.0;21.21212121;3.03030303
2019-11;National;NIMES;PARIS LYON;224;226;11;;190;8.765614035;-112.2620155;;63;-40.10925926;-151.2910078;;44;34.67738095;18;3;46.77419355;17.74193548;14.51612903;12.90322581;3.225806452;4.838709677
2019-11;International;MARSEILLE ST CHARLES;MADRID;196;7;1;;5;0.146666667;0.105555556;;0;0.0;0.205555556;;0;0.0;0;0;0.0;0.0;0.0;0.0;0.0;0.0
2019-11;National;PARIS MONTPARNASSE;VANNES;151;207;5;;139;5.977218225;3.922442244;;25;30.04;4.752475248;;16;39.8125;7;2;20.83333333;33.33333333;25.0;12.5;4.166666667;4.166666667
2019-11;National;PARIS NORD;DOUAI;67;172;5;;65;5.254871795;1.757784431;;25;20.96866667;2.34001996;;9;43.17962963;7;2;16.66666667;29.16666667;4.166666667;25.0;20.83333333;4.166666667
2019-11;National;PARIS MONTPARNASSE;ST PIERRE DES CORPS;60;384;8;;239;4.791073919;2.846985816;;68;19.7879902;4.487101064;;17;55.19117647;8;6;6.557377049;22.95081967;39.3442623;14.75409836;11.47540984;4.918032787
2019-11;National;PARIS MONTPARNASSE;TOURS;72;151;4;;90;3.39462963;1.838321995;;36;12.40092593;4.073809524;;6;34.04444444;1;1;3.571428571;10.71428571;46.42857143;14.28571429;14.28571429;10.71428571
2019-11;National;PARIS LYON;MARSEILLE ST CHARLES;201;514;6;;135;5.730740741;1.162171916;;44;40.46401515;3.703838583;;44;40.46401515;24;7;39.53488372;23.25581395;4.651162791;25.58139535;4.651162791;2.325581395
2019-11;National;PARIS LYON;NIMES;177;165;14;;50;6.453333333;1.759271523;;22;28.82424242;5.454856512;;15;36.37555556;8;2;40.90909091;4.545454545;13.63636364;31.81818182;9.090909091;0.0
2019-11;International;PARIS EST;STUTTGART;135;143;1;;103;4.611326861;3.287441315;;18;30.00462963;6.911032864;;16;36.5372549;7;2;12.5;18.75;12.5;43.75;12.5;0.0
2019-11;International;MADRID;MARSEILLE ST CHARLES;198;7;1;;6;3.647222222;3.647222222;;3;19.3;12.41388889;;3;19.3;0;0;0.0;33.33333333;66.66666667;0.0;0.0;0.0
2019-11;National;PARIS EST;METZ;85;305;7;;227;3.923421439;2.931375839;;44;22.39924242;3.347315436;;24;33.16458333;9;2;19.04761905;21.42857143;2.380952381;35.71428571;19.04761905;2.380952381
2019-11;National;BORDEAUX ST JEAN;TOURCOING;301;27;0;;12;4.615277778;1.842592593;;5;46.8;10.18518519;;5;46.8;4;1;20.0;40.0;40.0;0.0;0.0;0.0
2019-11;National;BREST;PARIS MONTPARNASSE;225;227;7;;120;61.56486111;33.57727273;;24;37.06875;6.802348485;;24;37.06875;9;4;29.16666667;37.5;12.5;16.66666667;4.166666667;0.0
2019-11;National;PARIS MONTPARNASSE;ANGOULEME;126;271;8;;173;3.61849711;2.181051965;;34;27.24460784;4.954942966;;20;37.7975;8;2;15.15151515;33.33333333;27.27272727;15.15151515;3.03030303;6.060606061
2019-11;National;RENNES;PARIS MONTPARNASSE;99;577;21;;390;22.5032906;15.70002998;;131;20.90330789;6.454976019;;56;38.58779762;25;10;24.79338843;33.05785124;14.04958678;18.18181818;4.958677686;4.958677686
2019-11;National;PARIS LYON;ANNECY;223;141;0;;40;7.285833333;1.740070922;;15;33.96666667;5.546099291;;15;33.96666667;6;1;46.66666667;6.666666667;26.66666667;20.0;0.0;0.0
2019-11;National;PARIS MONTPARNASSE;LE MANS;54;437;8;;309;7.173840345;5.033527584;;78;19.4517094;4.047008547;;20;53.21416667;10;7;8.219178082;17.80821918;45.20547945;24.65753425;4.109589041;0.0
2019-11;National;STRASBOURG;NANTES;294;33;0;;25;3.009333333;2.188888889;;6;28.625;9.08030303;;6;28.625;3;0;0.0;66.66666667;0.0;16.66666667;16.66666667;0.0
2019-11;National;LILLE;MARSEILLE ST CHARLES;299;188;2;;77;3.624675325;1.222580645;;23;31.39565217;6.008960573;;23;31.39565217;8;2;56.52173913;17.39130435;4.347826087;0.0;8.695652174;13.04347826
2019-11;National;MARSEILLE ST CHARLES;TOURCOING;301;25;1;;5;35.39666667;6.90625;;3;70.33333333;11.58333333;;3;70.33333333;2;1;66.66666667;0.0;33.33333333;0.0;0.0;0.0
2019-11;National;CHAMBERY CHALLES LES EAUX;PARIS LYON;188;152;0;;127;12.02979003;10.0125;;32;28.09739583;7.636622807;;26;31.5775641;9;2;21.875;15.625;43.75;15.625;3.125;0.0
2019-11;National;DIJON VILLE;PARIS LYON;98;424;4;;377;5.347833775;4.785396825;;52;31.59262821;5.617142857;;36;40.25509259;15;6;13.46153846;30.76923077;38.46153846;13.46153846;1.923076923;1.923076923
2019-11;International;PARIS LYON;ITALIE;405;90;0;;28;2.77202381;0.485925926;;11;38.40909091;5.087265918;;11;38.40909091;6;2;20.0;10.0;30.0;30.0;10.0;0.0
2019-11;National;ANGOULEME;PARIS MONTPARNASSE;125;267;8;;208;6.261458333;4.95984556;;54;27.71790123;7.507915058;;33;37.34393939;16;4;11.32075472;41.50943396;26.41509434;7.547169811;11.32075472;1.886792453
2019-11;National;PARIS MONTPARNASSE;NANTES;127;496;8;;360;6.884722222;4.957547814;;77;33.48463203;7.686509563;;45;48.88555556;24;12;12.98701299;20.77922078;37.66233766;20.77922078;6.493506494;1.298701299
2019-11;National;PARIS MONTPARNASSE;RENNES;99;614;18;;396;6.193560606;3.914932886;;70;27.6897619;3.883193512;;31;51.53709677;17;8;17.64705882;30.88235294;20.58823529;26.47058824;1.470588235;2.941176471
2019-11;National;PARIS LYON;CHAMBERY CHALLES LES EAUX;180;170;0;;51;6.560784314;1.586372549;;27;29.9882716;5.949215686;;18;39.05833333;9;3;38.46153846;7.692307692;23.07692308;30.76923077;0.0;0.0
2019-11;National;PARIS LYON;NICE VILLE;355;164;5;;38;13.5377193;2.790356394;;36;53.94027778;13.91593291;;36;53.94027778;26;9;31.42857143;34.28571429;11.42857143;14.28571429;5.714285714;2.857142857
2019-11;National;ST MALO;PARIS MONTPARNASSE;158;79;1;;68;1.936764706;1.62457265;;15;24.23888889;6.363461538;;10;29.71166667;5;1;33.33333333;26.66666667;0.0;20.0;13.33333333;6.666666667
2019-11;National;RENNES;LYON PART DIEU;234;89;2;;69;19.92922705;15.75421456;;16;26.0125;6.486206897;;16;26.0125;4;0;6.25;31.25;25.0;12.5;12.5;12.5
2019-11;National;BELLEGARDE (AIN);PARIS LYON;162;221;3;;204;5.391013072;5.031039755;;29;25.08908046;3.748012232;;16;35.446875;5;2;13.79310345;13.79310345;51.72413793;13.79310345;0.0;6.896551724
2019-11;National;PARIS NORD;DUNKERQUE;115;201;12;;89;34.49906367;15.99188713;;27;30.92592593;4.994708995;;23;34.13043478;7;5;25.92592593;18.51851852;3.703703704;33.33333333;18.51851852;0.0
2019-11;National;PARIS LYON;GRENOBLE;181;181;1;;53;9.607861635;2.447592593;;27;38.77777778;6.525;;27;38.77777778;10;4;22.22222222;18.51851852;18.51851852;37.03703704;3.703703704;0.0
2019-11;National;GRENOBLE;PARIS LYON;182;179;0;;27;166.1685185;25.06452514;;6;37.28055556;1.727281192;;6;37.28055556;2;1;66.66666667;0.0;33.33333333;0.0;0.0;0.0
2019-11;International;PARIS LYON;LAUSANNE;176;156;1;;42;9.08531746;2.110322581;;28;28.3952381;8.572258065;;22;32.74772727;6;2;7.142857143;25.0;35.71428571;21.42857143;10.71428571;0.0
2019-11;International;ZURICH;PARIS LYON;222;145;2;;143;2.004545455;2.004545455;;10;21.7;6.381585082;;10;58.67037037;3;2;0.0;33.33333333;0.0;33.33333333;11.11111111;22.22222222
2019-12;National;STRASBOURG;PARIS EST;111;292;44;;221;6.587631976;5.843077957;;42;29.66666667;6.229905914;;34;33.67843137;18;4;17.07317073;14.63414634;34.14634146;12.19512195;14.63414634;7.317073171
2019-12;National;LILLE;MARSEILLE ST CHARLES;291;74;15;;29;5.867241379;2.658757062;;4;52.16666667;5.738700565;;4;52.16666667;2;1;25.0;25.0;0.0;50.0;0.0;0.0
2019-12;National;AVIGNON TGV;PARIS LYON;167;250;21;;121;6.337465565;3.082459971;;27;26.20617284;2.818486172;;22;36.12222222;10;2;57.69230769;0.0;19.23076923;11.53846154;3.846153846;7.692307692
2019-12;National;NANTES;STRASBOURG;301;15;4;;10;20.06666667;18.21666667;;2;102.175;21.31363636;;2;102.175;1;1;0.0;0.0;50.0;50.0;0.0;0.0
2019-12;National;LAVAL;PARIS MONTPARNASSE;86;125;17;;71;7.071830986;4.529320988;;34;26.60931373;8.971141975;;19;39.90438596;8;4;32.14285714;28.57142857;7.142857143;14.28571429;7.142857143;10.71428571
2019-12;International;PARIS LYON;LAUSANNE;191;71;10;;41;8.486585366;5.581967213;;12;40.44027778;11.6489071;;13;42.26805556;5;2;22.22222222;0.0;11.11111111;33.33333333;33.33333333;0.0
2019-12;National;ARRAS;PARIS NORD;51;138;54;;59;7.271751412;5.038492063;;21;19.34126984;5.54702381;;8;45.85238095;4;2;25.0;25.0;30.0;5.0;15.0;0.0
2019-12;National;DOUAI;PARIS NORD;76;69;18;;45;45.22925926;39.88071895;;11;23.97272727;5.239215686;;3;59.12777778;3;2;18.18181818;18.18181818;36.36363636;9.090909091;18.18181818;0.0
2019-12;National;LYON PART DIEU;LILLE;187;62;20;;34;11.21421569;9.055555556;;19;29.10087719;13.75119048;;14;35.04642857;8;2;31.57894737;21.05263158;31.57894737;10.52631579;5.263157895;0.0
2019-12;National;PARIS LYON;TOULON;246;107;15;;30;5.818333333;1.566304348;;8;32.94583333;4.905434783;;8;32.94583333;4;0;12.5;50.0;0.0;12.5;12.5;12.5
2019-12;National;MONTPELLIER;LYON PART DIEU;116;65;19;;44;2.785984848;2.654347826;;8;21.52291667;5.969202899;;5;27.05666667;1;0;25.0;25.0;37.5;12.5;0.0;0.0
2019-12;National;PARIS MONTPARNASSE;LA ROCHELLE VILLE;173;58;15;;40;4.57125;4.218604651;;10;36.05;10.3372093;;9;38.83333333;2;2;20.0;10.0;40.0;10.0;10.0;10.0
2019-12;National;LYON PART DIEU;RENNES;233;31;10;;18;9.074074074;7.752380952;;6;36.97777778;12.13095238;;6;36.97777778;3;1;16.66666667;0.0;50.0;16.66666667;16.66666667;0.0
2019-12;National;RENNES;LYON PART DIEU;235;31;10;;15;2.767777778;1.912698413;;3;52.82777778;8.491269841;;3;52.82777778;2;1;33.33333333;0.0;33.33333333;0.0;0.0;33.33333333
2019-12;National;PARIS LYON;CHAMBERY CHALLES LES EAUX;180;102;16;;38;3.696052632;1.366085271;;6;28.60277778;2.299031008;;6;28.60277778;1;0;33.33333333;16.66666667;33.33333333;16.66666667;0.0;0.0
2019-12;National;PARIS LYON;GRENOBLE;184;86;10;;26;7.623076923;2.29495614;;4;61.875;2.657894737;;4;61.875;3;1;50.0;0.0;0.0;50.0;0.0;0.0
2019-12;International;MARSEILLE ST CHARLES;MADRID;219;9;1;;3;0.933333333;0.322916667;;1;15.11666667;0.64375;;1;15.11666667;0;0;0.0;0.0;100.0;0.0;0.0;0.0
2019-12;National;PARIS MONTPARNASSE;ANGERS SAINT LAUD;92;212;31;;129;3.619121447;2.402854512;;36;25.4;5.431767956;;21;36.65793651;9;5;36.11111111;22.22222222;13.88888889;16.66666667;5.555555556;5.555555556
2019-12;National;AIX EN PROVENCE TGV;PARIS LYON;188;227;20;;192;4.73828125;4.346779388;;16;36.034375;2.135990338;;16;36.034375;7;2;73.33333333;0.0;6.666666667;13.33333333;0.0;6.666666667
2019-12;National;ANNECY;PARIS LYON;230;60;8;;8;43.20208333;6.625;;14;54.80952381;17.15416667;;14;54.80952381;9;6;38.46153846;23.07692308;15.38461538;7.692307692;15.38461538;0.0
2019-12;National;PARIS LYON;AVIGNON TGV;166;243;21;;82;8.064430894;2.436786787;;20;32.63416667;3.078303303;;20;39.14298246;10;2;50.0;5.0;5.0;35.0;5.0;0.0
2019-12;National;PARIS LYON;DIJON VILLE;96;196;34;;75;4.638222222;1.923045267;;12;24.15;1.93899177;;7;33.19285714;1;1;41.66666667;8.333333333;0.0;33.33333333;16.66666667;0.0
2019-12;National;PARIS LYON;LYON PART DIEU;124;328;29;;93;7.165770609;1.833110368;;32;23.70729167;3.266276477;;22;33.22539683;7;2;37.5;3.125;12.5;15.625;9.375;21.875
2019-12;International;STUTTGART;PARIS EST;155;83;7;;74;7.584234234;7.381359649;;21;33.26587302;10.62083333;;18;37.61481481;11;2;10.0;10.0;55.0;10.0;15.0;0.0
2019-12;National;PARIS MONTPARNASSE;RENNES;99;343;62;;199;4.504103853;2.99970344;;69;25.87222222;6.644661922;;37;39.76621622;16;9;18.75;29.6875;29.6875;18.75;1.5625;1.5625
2019-12;National;MULHOUSE VILLE;PARIS LYON;171;160;14;;125;4.363066667;3.690639269;;28;23.53035714;6.596347032;;26;28.39722222;8;0;64.28571429;3.571428571;21.42857143;0.0;3.571428571;7.142857143
2019-12;National;PERPIGNAN;PARIS LYON;314;71;14;;40;7.075416667;3.62251462;;7;45.16904762;5.253508772;;7;45.16904762;3;2;0.0;42.85714286;42.85714286;0.0;14.28571429;0.0
2019-12;International;PARIS EST;STUTTGART;150;87;6;;63;1.853968254;1.37654321;;11;38.61060606;7.901440329;;11;38.61060606;6;2;14.28571429;0.0;14.28571429;71.42857143;0.0;0.0
2019-12;International;MADRID;MARSEILLE ST CHARLES;198;4;1;;2;12.56666667;8.288888889;;1;15.41666667;6.466666667;;1;15.41666667;0;0;100.0;0.0;0.0;0.0;0.0;0.0
2019-12;National;ANGERS SAINT LAUD;PARIS MONTPARNASSE;93;202;34;;141;3.905200946;3.243353175;;35;26.13095238;6.322321429;;20;39.51833333;9;3;18.18181818;45.45454545;18.18181818;12.12121212;3.03030303;3.03030303
2019-12;National;BREST;PARIS MONTPARNASSE;228;89;16;;52;1.918910256;1.366894977;;9;43.17222222;7.485616438;;9;43.17222222;4;3;44.44444444;11.11111111;11.11111111;33.33333333;0.0;0.0
2019-12;National;LYON PART DIEU;PARIS LYON;121;350;34;;272;4.168688725;3.502320675;;63;21.83756614;5.471097046;;36;33.03809524;14;3;31.03448276;6.896551724;12.06896552;12.06896552;8.620689655;29.31034483
2019-12;National;BELLEGARDE (AIN);PARIS LYON;164;98;13;;78;5.96025641;5.437254902;;19;35.8877193;8.835490196;;16;40.35416667;10;1;73.68421053;0.0;10.52631579;10.52631579;5.263157895;0.0
2019-12;National;PARIS LYON;MONTPELLIER;222;152;25;;48;7.987847222;2.701706037;;8;35.03541667;-8.769028871;;8;35.03541667;4;1;42.85714286;0.0;0.0;57.14285714;0.0;0.0
2019-12;National;PARIS LYON;NIMES;178;155;26;;49;7.826190476;2.657235142;;12;29.81388889;4.294186047;;11;31.59090909;4;1;40.0;0.0;0.0;60.0;0.0;0.0
2019-12;National;PARIS MONTPARNASSE;TOULOUSE MATABIAU;264;70;13;;43;19.84767442;14.77953216;;8;56.3;8.076315789;;8;56.3;5;3;28.57142857;42.85714286;0.0;14.28571429;14.28571429;0.0
2019-12;National;NANCY;PARIS EST;96;129;30;;78;5.34017094;4.168013468;;17;19.59019608;3.564478114;;10;24.265;1;0;11.76470588;11.76470588;52.94117647;17.64705882;0.0;5.882352941
2019-12;National;PARIS LYON;AIX EN PROVENCE TGV;191;233;16;;72;7.413888889;1.881259601;;11;39.48484848;2.278801843;;13;44.44444444;8;2;72.72727273;0.0;0.0;27.27272727;0.0;0.0
2019-12;National;MACON LOCHE;PARIS LYON;100;126;25;;97;11.23780069;10.47442244;;19;37.74210526;7.942079208;;14;46.43690476;8;6;33.33333333;22.22222222;27.77777778;5.555555556;11.11111111;0.0
2019-12;National;MONTPELLIER;PARIS LYON;213;170;24;;128;4.5515625;3.958105023;;20;32.91916667;5.431849315;;20;32.91916667;6;2;30.0;20.0;35.0;5.0;5.0;5.0
2019-12;International;LAUSANNE;PARIS LYON;191;51;10;;36;6.075462963;5.304471545;;7;32.7;7.754471545;;7;32.7;2;1;28.57142857;14.28571429;57.14285714;0.0;0.0;0.0
2019-12;National;PARIS LYON;BESANCON FRANCHE COMTE TGV;129;100;15;;34;1.360784314;0.297254902;;4;16.87916667;1.955882353;;2;21.28333333;0;0;75.0;0.0;25.0;0.0;0.0;0.0
2019-12;National;PARIS LYON;PERPIGNAN;309;77;16;;24;9.082638889;3.273770492;;9;34.32592593;4.022404372;;9;34.32592593;5;1;22.22222222;11.11111111;22.22222222;44.44444444;0.0;0.0
2019-12;International;BARCELONA;PARIS LYON;294;41;2;;32;5.093229167;3.185897436;;2;54.375;2.767094017;;2;54.375;1;1;0.0;0.0;100.0;0.0;0.0;0.0
2019-12;National;ST MALO;PARIS MONTPARNASSE;161;21;4;;15;3.593333333;3.133333333;;3;51.05;10.83431373;;2;71.49166667;2;1;50.0;0.0;0.0;50.0;0.0;0.0
2019-12;National;TOULOUSE MATABIAU;PARIS MONTPARNASSE;265;77;12;;44;13.84962121;9.226666667;;17;81.42941176;21.67179487;;17;81.42941176;12;6;50.0;43.75;0.0;6.25;0.0;0.0
2019-12;International;GENEVE;PARIS LYON;187;86;10;;76;4.632236842;4.632236842;;15;41.62;9.616447368;;15;41.62;10;1;80.0;0.0;6.666666667;6.666666667;6.666666667;0.0
2019-12;International;PARIS LYON;ITALIE;368;41;3;;14;2.225;0.555701754;;4;19.125;2.742982456;;4;19.125;0;0;0.0;0.0;0.0;100.0;0.0;0.0
2019-12;National;LE MANS;PARIS MONTPARNASSE;57;236;31;;183;6.123861566;5.426585366;;75;20.29488889;7.89495935;;37;31.87927928;11;4;29.23076923;35.38461538;15.38461538;7.692307692;3.076923077;9.230769231
2019-12;National;PARIS MONTPARNASSE;LAVAL;82;136;19;;75;4.512666667;2.652136752;;27;24.55740741;6.688603989;;13;40.92051282;5;4;25.0;12.5;33.33333333;20.83333333;0.0;8.333333333
2019-12;National;METZ;PARIS EST;85;145;32;;92;4.775362319;-0.762979351;;30;16.845;5.216224189;;9;33.92407407;3;1;10.0;10.0;40.0;6.666666667;16.66666667;16.66666667
2019-12;National;PARIS NORD;LILLE;82;367;65;;285;12.54169591;11.81252759;;45;27.6937037;-15.0986755;;19;53.51403509;10;7;47.61904762;11.9047619;14.28571429;19.04761905;7.142857143;0.0
2019-12;National;PARIS LYON;MACON LOCHE;96;114;17;;38;11.88289474;4.326632302;;15;27.21555556;6.260996564;;9;53.675;5;3;50.0;7.142857143;14.28571429;14.28571429;14.28571429;0.0
2019-12;National;PARIS LYON;MARSEILLE ST CHARLES;204;295;21;;95;7.287368421;2.009549878;;19;33.27807018;3.196776156;;21;36.3975;10;2;47.36842105;15.78947368;5.263157895;26.31578947;5.263157895;0.0
2019-12;International;FRANCFORT;PARIS EST;196;74;9;;51;7.533660131;5.753589744;;13;31.64871795;10.50974359;;18;40.50595238;10;2;23.07692308;23.07692308;38.46153846;7.692307692;7.692307692;0.0
2019-12;National;PARIS MONTPARNASSE;BORDEAUX ST JEAN;146;366;67;;232;7.810344828;5.910200669;;82;24.77052846;7.569565217;;54;31.2537037;15;5;21.25;61.25;2.5;10.0;2.5;2.5
2019-12;National;BORDEAUX ST JEAN;PARIS MONTPARNASSE;138;395;62;;184;10.11440217;4.763713714;;86;38.43624031;11.28308308;;63;48.00873016;29;14;34.52380952;51.19047619;4.761904762;5.952380952;2.380952381;1.19047619
2019-12;National;NANTES;PARIS MONTPARNASSE;133;230;40;;103;23.00987055;12.22578947;;28;34.975;6.513859649;;23;39.86666667;11;3;22.22222222;44.44444444;14.81481481;14.81481481;3.703703704;0.0
2019-12;National;PARIS MONTPARNASSE;POITIERS;92;181;37;;105;4.067301587;2.803935185;;16;28.70104167;3.908101852;;10;39.29166667;4;2;33.33333333;20.0;20.0;6.666666667;13.33333333;6.666666667
2019-12;National;PARIS MONTPARNASSE;ST MALO;159;26;8;;11;2.565151515;1.359259259;;2;48.50833333;5.773148148;;2;48.50833333;1;1;50.0;0.0;50.0;0.0;0.0;0.0
2019-12;National;PARIS EST;NANCY;96;112;25;;68;1.767401961;1.33467433;;3;17.06666667;0.544636015;;2;19.625;0;0;0.0;33.33333333;0.0;33.33333333;33.33333333;0.0
2019-12;National;LILLE;PARIS NORD;63;341;63;;153;3.336819172;1.628177458;;42;20.24126984;3.182194245;;21;35.78916667;6;4;43.58974359;17.94871795;12.82051282;17.94871795;2.564102564;5.128205128
2019-12;National;RENNES;PARIS MONTPARNASSE;100;319;49;;174;47.99195402;30.82808642;;74;28.37387387;8.640617284;;43;42.18488372;17;9;32.85714286;30.0;7.142857143;17.14285714;2.857142857;10.0
2019-12;National;MARSEILLE ST CHARLES;LILLE;280;58;12;;16;10.83541667;3.454710145;;17;39.57843137;16.47101449;;17;39.57843137;11;3;35.29411765;17.64705882;29.41176471;17.64705882;0.0;0.0
2019-12;National;MARSEILLE ST CHARLES;MARNE LA VALLEE;210;80;14;;22;9.188636364;2.719444444;;17;37.97352941;10.94419192;;17;37.97352941;8;4;29.41176471;11.76470588;29.41176471;23.52941176;0.0;5.882352941
2019-12;National;POITIERS;PARIS MONTPARNASSE;91;161;29;;92;8.461050725;5.563005051;;53;27.95503145;12.27992424;;35;37.04333333;15;5;24.48979592;53.06122449;6.12244898;10.20408163;2.040816327;4.081632653
2019-12;National;NIMES;PARIS LYON;179;168;24;;114;5.99254386;4.668287037;;26;26.18782051;4.929976852;;18;32.575;5;2;23.07692308;26.92307692;30.76923077;3.846153846;11.53846154;3.846153846
2019-12;National;GRENOBLE;PARIS LYON;181;78;9;;14;151.5297619;30.74516908;;4;15.02083333;0.711111111;;2;18.16666667;0;0;0.0;0.0;50.0;25.0;25.0;0.0
2019-12;National;PARIS MONTPARNASSE;BREST;222;90;20;;49;2.866666667;1.829047619;;9;30.0;4.835714286;;9;30.0;2;1;22.22222222;22.22222222;33.33333333;11.11111111;11.11111111;0.0
2019-12;National;QUIMPER;PARIS MONTPARNASSE;229;72;18;;44;18.21969697;14.84567901;;11;42.8530303;11.46759259;;11;42.8530303;5;3;45.45454545;9.090909091;9.090909091;36.36363636;0.0;0.0
2019-12;National;PARIS LYON;VALENCE ALIXAN TGV;135;175;26;;59;9.166666667;3.353467562;;15;28.65777778;2.833221477;;12;42.16212121;7;0;35.71428571;14.28571429;14.28571429;35.71428571;0.0;0.0
2019-12;National;VALENCE ALIXAN TGV;PARIS LYON;135;190;29;;133;7.244611529;5.916977226;;28;25.74345238;4.152587992;;20;31.47166667;6;2;25.0;17.85714286;32.14285714;7.142857143;14.28571429;3.571428571
2019-12;National;LYON PART DIEU;MARSEILLE ST CHARLES;106;169;36;;100;6.435166667;4.781203008;;26;28.13012821;6.899498747;;17;36.96960784;7;3;46.15384615;15.38461538;15.38461538;7.692307692;7.692307692;7.692307692
2019-12;National;LYON PART DIEU;MONTPELLIER;300;75;20;;39;14.59871795;10.28848485;;15;35.88111111;-173.0769697;;11;44.23939394;6;1;28.57142857;14.28571429;21.42857143;0.0;21.42857143;14.28571429
2019-12;National;ST PIERRE DES CORPS;PARIS MONTPARNASSE;61;168;31;;119;5.769747899;4.970194647;;53;21.41509434;8.986739659;;22;40.34469697;8;4;20.40816327;36.73469388;26.53061224;4.081632653;2.040816327;10.20408163
2019-12;National;PARIS NORD;DUNKERQUE;118;65;27;;26;60.27435897;41.10701754;;10;43.9;11.86842105;;8;51.125;5;2;60.0;10.0;10.0;20.0;0.0;0.0
2019-12;National;PARIS MONTPARNASSE;ANGOULEME;129;123;20;;72;6.116898148;4.092880259;;12;42.33472222;5.792394822;;6;72.65277778;4;3;33.33333333;25.0;16.66666667;16.66666667;0.0;8.333333333
2019-12;National;TOURS;PARIS MONTPARNASSE;76;63;11;;18;2.663888889;0.694871795;;16;19.70520833;6.904807692;;6;40.15833333;2;1;6.25;37.5;31.25;0.0;0.0;25.0
2019-12;National;PARIS EST;STRASBOURG;114;283;38;;183;2.52723133;1.807278912;;23;26.52681159;3.737891156;;26;32.44855072;8;0;13.63636364;9.090909091;31.81818182;18.18181818;22.72727273;4.545454545
2019-12;National;PARIS MONTPARNASSE;ST PIERRE DES CORPS;61;203;32;;115;5.337246377;3.379239766;;33;20.65707071;4.451949318;;10;48.815;4;3;25.80645161;12.90322581;29.03225806;12.90322581;3.225806452;16.12903226
2019-12;National;STRASBOURG;NANTES;786;10;4;;6;1.244444444;1.244444444;;0;0.0;-472.6388889;;0;0.0;0;0;0.0;0.0;0.0;0.0;0.0;0.0
2019-12;National;LYON PART DIEU;MARNE LA VALLEE;108;78;23;;44;9.583333333;7.647575758;;21;22.9015873;9.862424242;;12;30.60694444;4;2;19.04761905;23.80952381;38.0952381;14.28571429;0.0;4.761904762
2019-12;National;PARIS NORD;ARRAS;51;153;55;;80;22.97145833;18.67959184;;23;32.51956522;8.072108844;;12;56.48611111;7;5;26.31578947;5.263157895;26.31578947;26.31578947;15.78947368;0.0
2019-12;National;MARNE LA VALLEE;LYON PART DIEU;110;101;29;;68;11.45122549;10.80462963;;16;42.91145833;9.96412037;;12;53.14583333;6;3;37.5;18.75;18.75;18.75;6.25;0.0
2019-12;National;PARIS MONTPARNASSE;TOURS;72;80;11;;40;3.04625;1.506521739;;14;14.55357143;3.611835749;;3;38.81666667;2;0;18.18181818;9.090909091;27.27272727;18.18181818;0.0;27.27272727
2019-12;National;VANNES;PARIS MONTPARNASSE;156;79;19;;51;8.075490196;6.857777778;;16;37.909375;12.19472222;;13;44.01538462;6;4;31.25;25.0;6.25;37.5;0.0;0.0
2019-12;National;PARIS LYON;SAINT ETIENNE CHATEAUCREUX;169;16;4;;4;12.79166667;3.890277778;;3;24.21111111;6.844444444;;3;24.21111111;0;0;0.0;33.33333333;0.0;33.33333333;33.33333333;0.0
2019-12;National;PARIS MONTPARNASSE;LE MANS;54;276;37;;161;2.885403727;1.743863319;;39;17.36752137;3.299790795;;17;27.73235294;3;2;31.57894737;21.05263158;21.05263158;10.52631579;2.631578947;13.15789474
2019-12;National;PARIS MONTPARNASSE;VANNES;151;86;22;;50;5.31;4.004947917;;13;45.03846154;9.0546875;;12;47.875;7;3;23.07692308;30.76923077;15.38461538;7.692307692;7.692307692;15.38461538
2019-12;National;PARIS NORD;DOUAI;67;70;19;;40;40.97708333;32.02941176;;11;51.68636364;11.73464052;;8;68.85;5;3;36.36363636;9.090909091;27.27272727;18.18181818;9.090909091;0.0
2019-12;National;BORDEAUX ST JEAN;TOURCOING;308;8;1;;2;7.575;1.961904762;;1;19.0;4.571428571;;1;19.0;0;0;0.0;0.0;0.0;0.0;100.0;0.0
2019-12;National;MARSEILLE ST CHARLES;TOURCOING;296;11;1;;4;6.833333333;2.381666667;;1;17.0;6.0;;1;17.0;0;0;0.0;0.0;0.0;100.0;0.0;0.0
2019-12;National;TOURCOING;BORDEAUX ST JEAN;292;8;1;;2;2.85;0.814285714;;0;0.0;0.84047619;;0;0.0;0;0;0.0;0.0;0.0;0.0;0.0;0.0
2019-12;National;PARIS LYON;ANNECY;222;57;7;;22;12.87727273;5.373;;13;50.65384615;15.77;;13;50.65384615;7;3;66.66666667;8.333333333;8.333333333;8.333333333;8.333333333;0.0
2019-12;National;PARIS LYON;BELLEGARDE (AIN);164;95;14;;44;7.951136364;4.084979424;;21;31.14285714;10.32613169;;15;38.90555556;9;1;66.66666667;0.0;14.28571429;9.523809524;9.523809524;0.0
2019-12;National;SAINT ETIENNE CHATEAUCREUX;PARIS LYON;168;23;8;;9;92.27407407;53.28444444;;2;13.49166667;3.391111111;;0;0.0;0;0;0.0;50.0;0.0;50.0;0.0;0.0
2019-12;National;MARSEILLE ST CHARLES;LYON PART DIEU;105;155;33;;67;7.221393035;3.791393443;;24;30.91666667;7.959289617;;17;38.79509804;8;5;25.0;16.66666667;20.83333333;12.5;16.66666667;8.333333333
2019-12;National;PARIS EST;METZ;84;137;22;;97;1.883161512;1.550289855;;11;12.60151515;1.285507246;;3;28.87777778;1;0;40.0;10.0;10.0;20.0;20.0;0.0
2019-12;National;REIMS;PARIS EST;46;113;23;;44;1.329924242;0.591666667;;13;12.44615385;2.878888889;;3;27.28888889;1;0;9.090909091;0.0;63.63636364;9.090909091;0.0;18.18181818
2019-12;National;BESANCON FRANCHE COMTE TGV;PARIS LYON;133;102;14;;70;3.678571429;2.804166667;;11;30.3469697;5.509280303;;7;41.02142857;3;1;54.54545455;18.18181818;9.090909091;9.090909091;9.090909091;0.0
2019-12;International;PARIS EST;FRANCFORT;179;73;7;;45;4.221481481;2.749242424;;13;26.49871795;8.336616162;;11;29.14848485;3;0;8.333333333;8.333333333;58.33333333;16.66666667;8.333333333;0.0
2019-12;International;PARIS LYON;ZURICH;139;118;7;;63;5.488359788;2.917867868;;30;24.62722222;8.933933934;;24;27.48819444;7;1;88.88888889;0.0;0.0;11.11111111;0.0;0.0
2019-12;National;MARNE LA VALLEE;MARSEILLE ST CHARLES;212;93;17;;66;6.456060606;5.58245614;;7;40.72142857;5.734649123;;7;40.72142857;2;1;28.57142857;28.57142857;0.0;28.57142857;14.28571429;0.0
2019-12;National;LE CREUSOT MONTCEAU MONTCHANIN;PARIS LYON;81;140;15;;112;5.491517857;4.874133333;;30;12.21666667;2.3056;;5;30.91666667;1;1;7.692307692;15.38461538;38.46153846;15.38461538;7.692307692;15.38461538
2019-12;National;ANGOULEME;PARIS MONTPARNASSE;124;104;17;;76;6.8375;5.92183908;;36;27.61527778;12.69233716;;26;33.70512821;9;3;29.41176471;55.88235294;8.823529412;5.882352941;0.0;0.0
2019-12;National;LA ROCHELLE VILLE;PARIS MONTPARNASSE;164;57;14;;21;1.446031746;0.70620155;;12;43.175;14.27248062;;11;46.03484848;4;3;8.333333333;75.0;8.333333333;8.333333333;0.0;0.0
2019-12;National;PARIS MONTPARNASSE;QUIMPER;223;82;19;;48;3.248611111;2.301851852;;12;50.83333333;11.25396825;;12;50.83333333;8;3;33.33333333;41.66666667;0.0;8.333333333;8.333333333;8.333333333
2019-12;National;PARIS EST;REIMS;46;88;17;;62;1.802688172;1.545539906;;10;8.31;1.965023474;;0;0.0;0;0;10.0;10.0;50.0;0.0;30.0;0.0
2019-12;National;LILLE;LYON PART DIEU;186;84;25;;44;6.085606061;4.473446328;;10;60.27333333;11.9579096;;10;60.27333333;6;3;50.0;30.0;10.0;0.0;10.0;0.0
2019-12;International;ITALIE;PARIS LYON;416;39;4;;29;5.843103448;4.67;;7;41.61428571;11.21285714;;7;38.39166667;4;2;14.28571429;14.28571429;57.14285714;14.28571429;0.0;0.0
2019-12;International;ZURICH;PARIS LYON;135;133;7;;125;2.0724;2.029761905;;22;24.80530303;6.058068783;;21;25.41190476;6;0;77.27272727;0.0;13.63636364;0.0;4.545454545;4.545454545
2019-12;National;DUNKERQUE;PARIS NORD;122;64;26;;6;11.0;1.736842105;;4;35.69166667;4.301315789;;3;43.41111111;1;1;50.0;0.0;50.0;0.0;0.0;0.0
2019-12;National;PARIS LYON;NICE VILLE;360;89;11;;23;7.513043478;1.876495726;;10;39.155;4.726282051;;10;39.155;6;1;11.11111111;55.55555556;22.22222222;0.0;11.11111111;0.0
2019-12;National;TOULON;PARIS LYON;247;92;11;;65;5.883846154;4.664609053;;11;50.07878788;5.780864198;;11;50.07878788;8;3;70.0;20.0;0.0;10.0;0.0;0.0
2019-12;International;PARIS LYON;BARCELONA;307;32;2;;13;6.485897436;2.52;;4;39.06666667;7.674444444;;4;39.06666667;2;1;0.0;25.0;25.0;50.0;0.0;0.0
2019-12;National;PARIS LYON;LE CREUSOT MONTCEAU MONTCHANIN;81;149;8;;45;8.270740741;2.244444444;;16;16.16770833;1.79964539;;7;42.13611111;3;0;18.75;0.0;25.0;25.0;18.75;12.5
2019-12;International;PARIS LYON;GENEVE;188;82;10;;40;7.084166667;3.702777778;;17;34.54705882;11.1349537;;17;34.54705882;6;1;58.82352941;0.0;11.76470588;17.64705882;11.76470588;0.0
2019-12;National;CHAMBERY CHALLES LES EAUX;PARIS LYON;195;99;17;;66;19.00176768;15.20426829;;21;43.95634921;12.34512195;;18;49.47407407;11;5;23.80952381;19.04761905;33.33333333;9.523809524;9.523809524;4.761904762
2019-12;National;DIJON VILLE;PARIS LYON;99;187;29;;151;5.812472406;5.544831224;;24;26.73680556;5.613924051;;15;35.57555556;5;2;33.33333333;29.16666667;20.83333333;4.166666667;8.333333333;4.166666667
2019-12;National;MARSEILLE ST CHARLES;PARIS LYON;203;284;21;;95;7.274561404;2.28409379;;22;40.89924242;2.666793409;;22;40.89924242;11;3;72.72727273;4.545454545;4.545454545;9.090909091;4.545454545;4.545454545
2019-12;National;PARIS MONTPARNASSE;NANTES;130;227;36;;139;2.988369305;2.010732984;;30;31.28888889;6.479057592;;20;40.69666667;9;4;43.33333333;16.66666667;20.0;10.0;6.666666667;3.333333333
2019-12;National;PARIS LYON;MULHOUSE VILLE;167;158;17;;64;4.37734375;1.750118203;;31;23.16129032;6.76678487;;23;26.96594203;6;1;74.19354839;3.225806452;9.677419355;6.451612903;0.0;6.451612903
2019-12;National;NICE VILLE;PARIS LYON;359;76;9;;54;3.968209877;1.724875622;;7;48.40714286;3.776865672;;7;48.40714286;5;2;66.66666667;16.66666667;0.0;16.66666667;0.0;0.0
2020-01;National;PARIS MONTPARNASSE;ST MALO;154;78;6;;51;3.299673203;2.198842593;;5;32.37666667;1.921296296;;5;32.37666667;2;0;40.0;20.0;0.0;20.0;20.0;0.0
2020-01;National;PARIS MONTPARNASSE;TOULOUSE MATABIAU;266;116;8;;85;2.703529412;2.021759259;;18;73.56111111;12.46358025;;18;73.56111111;12;6;16.66666667;66.66666667;0.0;16.66666667;0.0;0.0
2020-01;National;CHAMBERY CHALLES LES EAUX;PARIS LYON;190;191;10;;142;11.38004695;8.845856354;;40;28.17916667;7.228176796;;35;30.50095238;16;1;12.82051282;20.51282051;48.71794872;2.564102564;10.25641026;5.128205128
2020-01;National;PARIS LYON;LE CREUSOT MONTCEAU MONTCHANIN;80;181;4;;69;2.034299517;0.483804143;;11;12.16212121;0.491525424;;3;24.42222222;1;0;18.18181818;27.27272727;9.090909091;36.36363636;9.090909091;0.0
2020-01;National;MARSEILLE ST CHARLES;LYON PART DIEU;104;296;18;;133;2.978822055;1.232074341;;28;31.20238095;3.700539568;;15;47.45666667;5;4;32.14285714;14.28571429;28.57142857;7.142857143;10.71428571;7.142857143
2020-01;National;LAVAL;PARIS MONTPARNASSE;87;202;7;;132;4.854545455;3.180598291;;53;15.32169811;4.637008547;;15;31.98222222;4;2;13.95348837;16.27906977;18.60465116;25.58139535;9.302325581;16.27906977
2020-01;National;STRASBOURG;PARIS EST;113;455;24;;329;3.731053698;2.799419954;;44;26.03712121;3.464075793;;30;32.68;11;3;18.60465116;20.93023256;39.53488372;13.95348837;6.976744186;0.0
2020-01;National;PARIS NORD;DOUAI;71;126;7;;110;7.105757576;6.544537815;;37;15.77072072;5.356442577;;10;31.53333333;4;1;5.714285714;34.28571429;42.85714286;5.714285714;11.42857143;0.0
2020-01;National;DOUAI;PARIS NORD;78;155;9;;134;2.873258706;2.625228311;;75;18.92733333;10.12648402;;20;46.0025;9;5;4.054054054;52.7027027;21.62162162;5.405405405;12.16216216;4.054054054
2020-01;National;PARIS NORD;LILLE;66;596;25;;532;4.503258145;4.173117338;;109;17.82232416;3.785639229;;40;33.97833333;21;4;11.76470588;33.33333333;25.49019608;18.62745098;9.803921569;0.980392157
2020-01;National;MARSEILLE ST CHARLES;LILLE;281;144;7;;48;1.693402778;0.271411192;;19;42.67719298;9.170437956;;19;42.67719298;10;6;21.05263158;26.31578947;31.57894737;15.78947368;0.0;5.263157895
2020-01;National;DIJON VILLE;PARIS LYON;99;326;15;;271;4.57398524;3.963504823;;32;22.43020833;2.242550911;;14;35.33214286;4;2;38.70967742;12.90322581;32.25806452;9.677419355;3.225806452;3.225806452
2020-01;National;REIMS;PARIS EST;46;205;14;;120;1.485833333;0.868760908;;28;10.25892857;2.2495637;;4;26.96666667;2;0;4.166666667;16.66666667;50.0;12.5;8.333333333;8.333333333
2020-01;National;TOULON;PARIS LYON;247;159;7;;141;3.453900709;3.192105263;;10;32.64;2.29254386;;10;32.64;5;0;30.0;20.0;40.0;0.0;0.0;10.0
2020-01;International;PARIS LYON;BARCELONA;343;53;2;;26;4.261538462;1.916993464;;7;48.91904762;16.47058824;;7;68.82727273;7;4;28.57142857;14.28571429;28.57142857;14.28571429;14.28571429;0.0
2020-01;National;ANGERS SAINT LAUD;PARIS MONTPARNASSE;99;369;19;;283;3.405359246;2.72152381;;45;25.68185185;4.524333333;;27;35.28703704;12;4;28.57142857;28.57142857;14.28571429;21.42857143;7.142857143;0.0
2020-01;National;PARIS MONTPARNASSE;POITIERS;93;389;29;;253;2.169367589;1.366759259;;45;19.44777778;3.305694444;;20;32.58833333;8;2;24.44444444;22.22222222;26.66666667;17.77777778;4.444444444;4.444444444
2020-01;National;LILLE;PARIS NORD;71;557;24;;298;4.010794183;2.054627892;;193;17.32918826;7.375703565;;55;40.23969697;25;11;4.838709677;60.21505376;16.12903226;6.989247312;11.29032258;0.537634409
2020-01;National;LYON PART DIEU;MARNE LA VALLEE;109;196;17;;156;5.606089744;4.815642458;;30;25.22111111;4.844785847;;22;29.93409091;7;2;31.03448276;13.79310345;24.13793103;10.34482759;20.68965517;0.0
2020-01;National;RENNES;PARIS MONTPARNASSE;101;525;31;;350;18.57547619;12.23920378;;102;22.56666667;5.602462888;;43;40.37248062;19;7;15.90909091;34.09090909;12.5;21.59090909;7.954545455;7.954545455
2020-01;National;VANNES;PARIS MONTPARNASSE;163;171;11;;156;6.842521368;6.671458333;;26;26.67179487;5.856875;;15;36.96555556;8;1;20.0;52.0;8.0;12.0;4.0;4.0
2020-01;National;RENNES;LYON PART DIEU;235;58;3;;44;1.60719697;1.245151515;;2;26.35;1.708181818;;2;26.35;1;0;50.0;0.0;50.0;0.0;0.0;0.0
2020-01;National;LE CREUSOT MONTCEAU MONTCHANIN;PARIS LYON;81;195;8;;168;4.14156746;3.692156863;;24;14.40347222;1.019073084;;7;27.0452381;3;0;9.090909091;27.27272727;31.81818182;13.63636364;18.18181818;0.0
2020-01;National;MARSEILLE ST CHARLES;PARIS LYON;201;405;13;;147;5.005895692;1.573767007;;25;38.898;2.266369048;;25;38.898;16;2;36.0;32.0;12.0;8.0;8.0;4.0
2020-01;National;PARIS LYON;MULHOUSE VILLE;169;249;13;;119;6.481372549;3.091313559;;37;35.06981982;6.823446328;;29;41.41666667;14;7;16.21621622;27.02702703;18.91891892;32.43243243;2.702702703;2.702702703
2020-01;National;PARIS LYON;NIMES;180;180;7;;82;3.931300813;1.605491329;;18;47.39722222;6.542678227;;17;49.4627451;10;4;22.22222222;5.555555556;11.11111111;55.55555556;5.555555556;0.0
2020-01;International;PARIS EST;STUTTGART;169;129;5;;95;0.922105263;0.653091398;;12;34.13333333;6.205376344;;11;36.11060606;4;2;9.090909091;36.36363636;36.36363636;0.0;9.090909091;9.090909091
2020-01;International;GENEVE;PARIS LYON;189;157;8;;147;2.834013605;2.7950783;;8;43.48125;2.520357942;;7;48.35238095;4;1;62.5;25.0;0.0;12.5;0.0;0.0
2020-01;National;BESANCON FRANCHE COMTE TGV;PARIS LYON;133;154;6;;104;2.366185897;1.531081081;;17;28.30098039;2.873085586;;10;39.12666667;3;2;31.25;12.5;43.75;6.25;0.0;6.25
2020-01;National;PARIS MONTPARNASSE;ANGERS SAINT LAUD;99;367;20;;251;4.320185923;2.990874159;;32;26.903125;2.044284342;;25;31.496;8;2;34.375;12.5;18.75;21.875;12.5;0.0
2020-01;National;LILLE;MARSEILLE ST CHARLES;295;177;11;;93;6.54390681;3.476606426;;23;35.02753623;7.094779116;;23;35.02753623;9;5;21.73913043;21.73913043;26.08695652;21.73913043;4.347826087;4.347826087
2020-01;National;LYON PART DIEU;PARIS LYON;119;567;22;;395;3.899367089;2.753333333;;66;24.3739899;3.016941896;;35;35.38380952;14;3;13.84615385;23.07692308;26.15384615;18.46153846;10.76923077;7.692307692
2020-01;National;PARIS LYON;MARSEILLE ST CHARLES;201;431;11;;149;5.768008949;1.750039683;;34;42.325;4.408015873;;34;42.325;17;5;38.23529412;11.76470588;5.882352941;38.23529412;5.882352941;0.0
2020-01;National;PARIS MONTPARNASSE;ST PIERRE DES CORPS;61;366;29;;236;3.295550847;2.13189911;;51;16.36437908;2.55628091;;22;25.8780303;6;1;10.63829787;29.78723404;34.04255319;10.63829787;4.255319149;10.63829787
2020-01;National;ST PIERRE DES CORPS;PARIS MONTPARNASSE;62;327;26;;251;4.69435591;3.870598007;;92;16.01884058;5.725083056;;31;32.09569892;11;3;12.82051282;33.33333333;30.76923077;8.974358974;8.974358974;5.128205128
2020-01;National;DUNKERQUE;PARIS NORD;133;149;9;;15;8.6;0.921428571;;39;23.36538462;9.2575;;17;38.00588235;5;2;7.692307692;48.71794872;17.94871795;10.25641026;12.82051282;2.564102564
2020-01;National;ST MALO;PARIS MONTPARNASSE;157;69;3;;58;3.458045977;3.018939394;;7;29.80952381;5.076010101;;5;35.9;2;1;0.0;42.85714286;0.0;42.85714286;14.28571429;0.0
2020-01;National;PARIS MONTPARNASSE;LA ROCHELLE VILLE;170;149;12;;96;2.621527778;1.696958637;;9;30.05555556;2.594890511;;9;30.05555556;3;0;11.11111111;55.55555556;0.0;33.33333333;0.0;0.0
2020-01;National;PARIS LYON;BELLEGARDE (AIN);163;184;10;;77;5.409307359;2.201149425;;20;32.3475;5.527011494;;19;33.40263158;11;1;25.0;10.0;10.0;45.0;5.0;5.0
2020-01;National;BORDEAUX ST JEAN;PARIS MONTPARNASSE;143;660;41;;277;11.58670277;4.820759289;;131;29.6389313;8.812008616;;84;40.40502008;28;10;18.46153846;70.0;3.846153846;3.846153846;2.307692308;1.538461538
2020-01;National;NANTES;PARIS MONTPARNASSE;139;443;23;;213;21.62402191;10.71940476;;48;26.42465278;4.379960317;;31;34.39731183;14;4;26.08695652;34.7826087;13.04347826;19.56521739;6.52173913;0.0
2020-01;National;PARIS EST;NANCY;96;243;20;;177;2.168455744;1.67077728;;17;28.40196078;2.456203288;;11;36.80454545;5;2;12.5;18.75;31.25;37.5;0.0;0.0
2020-01;National;MARNE LA VALLEE;LYON PART DIEU;108;251;21;;225;10.66437037;10.42724638;;57;27.42982456;8.029927536;;34;37.6004902;16;4;16.07142857;37.5;16.07142857;19.64285714;8.928571429;1.785714286
2020-01;International;FRANCFORT;PARIS EST;218;127;8;;109;2.033944954;1.851960784;;9;41.53703704;4.213445378;;8;45.10416667;4;1;11.11111111;11.11111111;44.44444444;33.33333333;0.0;0.0
2020-01;National;QUIMPER;PARIS MONTPARNASSE;230;161;10;;106;24.31194969;17.06666667;;13;31.97051282;5.069315673;;13;31.97051282;5;1;23.07692308;53.84615385;7.692307692;15.38461538;0.0;0.0
2020-01;National;PARIS LYON;AVIGNON TGV;166;336;7;;120;5.092361111;1.566767984;;31;33.96774194;3.478571429;;22;43.11893939;12;4;25.80645161;3.225806452;12.90322581;45.16129032;12.90322581;0.0
2020-01;National;PARIS LYON;GRENOBLE;185;142;9;;50;3.466333333;1.001629073;;5;26.8;0.338345865;;5;26.8;1;0;20.0;0.0;0.0;80.0;0.0;0.0
2020-01;National;GRENOBLE;PARIS LYON;180;154;8;;40;90.79625;24.87568493;;14;20.97857143;2.698744292;;8;27.63958333;3;0;21.42857143;14.28571429;42.85714286;14.28571429;0.0;7.142857143
2020-01;National;PARIS MONTPARNASSE;BREST;222;199;14;;141;2.774113475;1.961171171;;10;25.1;2.416216216;;10;25.1;3;0;30.0;30.0;10.0;10.0;20.0;0.0
2020-01;International;PARIS EST;FRANCFORT;209;121;6;;71;3.777934272;2.197826087;;13;31.79871795;7.142173913;;13;31.79871795;5;1;10.0;30.0;0.0;40.0;20.0;0.0
2020-01;National;PARIS MONTPARNASSE;VANNES;155;152;14;;103;2.733333333;1.861956522;;12;27.375;2.539855072;;6;42.08333333;4;1;25.0;16.66666667;16.66666667;33.33333333;0.0;8.333333333
2020-01;National;PARIS LYON;MACON LOCHE;94;190;8;;85;3.459803922;1.426098901;;19;18.19385965;3.548992674;;10;29.51333333;2;1;7.142857143;28.57142857;21.42857143;42.85714286;0.0;0.0
2020-01;National;BORDEAUX ST JEAN;TOURCOING;313;19;1;;6;7.358333333;2.166666667;;3;34.0;5.277777778;;3;34.0;1;1;33.33333333;33.33333333;33.33333333;0.0;0.0;0.0
2020-01;National;MACON LOCHE;PARIS LYON;97;202;15;;177;9.670338983;9.076114082;;50;24.31033333;7.323618538;;34;30.21862745;15;1;18.75;20.83333333;41.66666667;6.25;8.333333333;4.166666667
2020-01;National;MULHOUSE VILLE;PARIS LYON;170;255;10;;203;3.541050903;2.89292517;;36;21.16759259;3.229727891;;21;27.51904762;5;1;25.0;13.88888889;41.66666667;0.0;11.11111111;8.333333333
2020-01;National;PARIS MONTPARNASSE;NANTES;137;433;23;;295;4.001638418;2.748130081;;46;24.56557971;3.531707317;;28;32.3547619;10;2;36.36363636;13.63636364;20.45454545;18.18181818;11.36363636;0.0
2020-01;National;ANNECY;PARIS LYON;228;104;5;;20;45.85333333;9.263299663;;24;30.87777778;8.948653199;;24;30.87777778;10;1;30.43478261;13.04347826;43.47826087;0.0;8.695652174;4.347826087
2020-01;International;ZURICH;PARIS LYON;206;164;6;;156;2.107264957;2.075421941;;20;24.74583333;4.730168776;;17;27.94736842;4;1;25.0;20.0;30.0;0.0;15.0;10.0
2020-01;National;PARIS MONTPARNASSE;QUIMPER;223;166;13;;119;4.657422969;3.470043573;;7;69.14285714;3.77124183;;7;69.14285714;4;3;57.14285714;14.28571429;0.0;28.57142857;0.0;0.0
2020-01;National;MARSEILLE ST CHARLES;MARNE LA VALLEE;210;201;10;;68;2.507598039;0.57547993;;24;32.50902778;5.498429319;;24;32.50902778;8;3;29.16666667;16.66666667;29.16666667;8.333333333;12.5;4.166666667
2020-01;National;MONTPELLIER;PARIS LYON;211;188;9;;149;9.84295302;8.152420857;;40;52.26125;11.85391061;;40;52.26125;20;12;32.5;25.0;12.5;22.5;5.0;2.5
2020-01;International;MARSEILLE ST CHARLES;MADRID;322;22;1;;10;4.046666667;1.913492063;;3;36.53333333;4.028571429;;3;36.53333333;2;0;100.0;0.0;0.0;0.0;0.0;0.0
2020-01;National;PARIS LYON;MONTPELLIER;210;180;7;;81;3.785596708;1.511849711;;23;44.02391304;7.276782274;;23;44.02391304;10;4;21.73913043;21.73913043;4.347826087;47.82608696;4.347826087;0.0
2020-01;National;NICE VILLE;PARIS LYON;359;132;5;;121;2.57369146;2.432545932;;8;36.68333333;2.574409449;;8;36.68333333;5;0;25.0;25.0;37.5;0.0;0.0;12.5
2020-01;International;PARIS LYON;ZURICH;199;148;7;;76;7.571491228;3.856382979;;24;42.52569444;9.922695035;;23;42.79027778;13;5;11.76470588;52.94117647;11.76470588;17.64705882;0.0;5.882352941
2020-01;National;PARIS MONTPARNASSE;LAVAL;83;211;15;;134;3.437562189;2.17797619;;32;18.73125;3.303911565;;12;36.13888889;7;2;21.42857143;17.85714286;25.0;25.0;10.71428571;0.0
2020-01;National;LILLE;LYON PART DIEU;186;211;18;;145;5.826091954;4.296804836;;40;28.2925;7.975993092;;30;33.67111111;12;3;17.94871795;38.46153846;7.692307692;20.51282051;12.82051282;2.564102564
2020-01;National;TOURCOING;BORDEAUX ST JEAN;300;15;1;;6;2.480555556;1.063095238;;4;20.05833333;10.89761905;;4;20.05833333;0;0;0.0;75.0;25.0;0.0;0.0;0.0
2020-01;National;LYON PART DIEU;MARSEILLE ST CHARLES;105;306;19;;232;5.852514368;4.681126597;;44;29.31969697;5.877584204;;32;35.76666667;14;7;25.0;18.18181818;34.09090909;11.36363636;9.090909091;2.272727273
2020-01;National;PARIS MONTPARNASSE;RENNES;98;558;43;;373;4.175737265;2.805760518;;56;22.84910714;2.566245955;;29;35.23045977;15;3;16.98113208;26.41509434;16.98113208;30.18867925;9.433962264;0.0
2020-01;National;NANCY;PARIS EST;95;268;17;;180;2.999814815;2.094621514;;21;36.35555556;3.312682603;;10;62.75833333;6;3;4.761904762;33.33333333;33.33333333;28.57142857;0.0;0.0
2020-01;International;PARIS LYON;ITALIE;401;77;4;;30;2.761666667;0.874429224;;11;50.36363636;7.726940639;;11;50.36363636;5;3;33.33333333;22.22222222;22.22222222;22.22222222;0.0;0.0
2020-01;National;PARIS MONTPARNASSE;ANGOULEME;128;251;16;;173;2.641522158;1.817163121;;26;27.10448718;3.944539007;;22;29.84318182;7;3;12.0;56.0;8.0;20.0;4.0;0.0
2020-01;National;ARRAS;PARIS NORD;56;277;26;;208;7.38349359;6.072111554;;126;17.4202381;9.7124834;;37;39.26621622;16;7;5.691056911;52.84552846;19.51219512;6.504065041;12.19512195;3.25203252
2020-01;National;MARSEILLE ST CHARLES;TOURCOING;294;28;1;;10;7.89;2.696296296;;6;38.33333333;12.18518519;;6;38.33333333;3;1;16.66666667;16.66666667;16.66666667;16.66666667;33.33333333;0.0
2020-01;National;MONTPELLIER;LYON PART DIEU;118;111;9;;97;3.45395189;3.276797386;;15;45.13333333;7.805882353;;11;56.67272727;7;4;40.0;26.66666667;13.33333333;13.33333333;6.666666667;0.0
2020-01;National;POITIERS;PARIS MONTPARNASSE;94;324;23;;209;5.614114833;3.772812846;;79;16.64683544;5.638648948;;32;27.88489583;7;2;18.42105263;48.68421053;18.42105263;7.894736842;3.947368421;2.631578947
2020-01;National;PARIS EST;REIMS;46;179;10;;140;1.573214286;1.261143984;;13;13.61282051;1.390927022;;3;26.15;1;0;15.38461538;23.07692308;30.76923077;0.0;30.76923077;0.0
2020-01;National;PARIS LYON;CHAMBERY CHALLES LES EAUX;182;185;10;;73;4.575799087;1.660190476;;18;29.39074074;3.658190476;;14;34.02380952;6;3;17.64705882;29.41176471;17.64705882;35.29411765;0.0;0.0
2020-01;National;PARIS LYON;SAINT ETIENNE CHATEAUCREUX;169;61;4;;20;5.383333333;1.539766082;;3;50.6;5.140350877;;3;50.6;3;1;0.0;33.33333333;0.0;33.33333333;33.33333333;0.0
2020-01;National;METZ;PARIS EST;86;261;16;;175;3.170761905;2.211972789;;36;21.23935185;4.054081633;;14;40.8297619;6;3;11.42857143;22.85714286;34.28571429;22.85714286;8.571428571;0.0
2020-01;National;STRASBOURG;NANTES;339;22;2;;18;2.766666667;2.474166667;;1;44.11666667;1.413333333;;1;44.11666667;1;0;0.0;0.0;100.0;0.0;0.0;0.0
2020-01;National;PARIS LYON;ANNECY;222;124;5;;48;4.826736111;1.767366947;;16;33.3125;7.037815126;;16;33.3125;6;2;20.0;40.0;13.33333333;26.66666667;0.0;0.0
2020-01;National;PARIS LYON;BESANCON FRANCHE COMTE TGV;129;139;8;;54;2.497222222;0.827480916;;14;22.5952381;3.576081425;;9;27.94074074;3;1;35.71428571;21.42857143;21.42857143;21.42857143;0.0;0.0
2020-01;International;MADRID;MARSEILLE ST CHARLES;492;12;1;;3;6.333333333;1.454545455;;1;27.2;5.910606061;;1;27.2;0;0;0.0;0.0;100.0;0.0;0.0;0.0
2020-01;National;ANGOULEME;PARIS MONTPARNASSE;124;229;12;;200;5.893416667;5.410061444;;44;23.43068182;6.647004608;;29;29.62126437;7;3;18.18181818;61.36363636;13.63636364;2.272727273;2.272727273;2.272727273
2020-01;National;PARIS MONTPARNASSE;LE MANS;55;394;24;;262;4.080597964;2.736756757;;49;19.44421769;2.863738739;;21;34.61904762;12;2;13.04347826;17.39130435;30.43478261;28.26086957;4.347826087;6.52173913
2020-01;National;BELLEGARDE (AIN);PARIS LYON;164;170;10;;126;2.863359788;2.205625;;11;34.26515152;1.9328125;;6;53.20277778;4;1;45.45454545;9.090909091;27.27272727;9.090909091;9.090909091;0.0
2020-01;National;SAINT ETIENNE CHATEAUCREUX;PARIS LYON;167;59;4;;35;56.01428571;35.58363636;;10;19.62;4.863939394;;4;31.0625;2;0;0.0;30.0;50.0;10.0;10.0;0.0
2020-01;National;PARIS LYON;TOULON;246;162;9;;49;7.588095238;2.074074074;;26;36.15384615;8.649673203;;26;36.15384615;12;2;19.23076923;30.76923077;19.23076923;26.92307692;3.846153846;0.0
2020-01;National;LYON PART DIEU;RENNES;239;58;4;;32;9.1578125;5.357098765;;5;68.85;7.765432099;;5;68.85;2;1;40.0;20.0;20.0;0.0;20.0;0.0
2020-01;National;PARIS LYON;VALENCE ALIXAN TGV;135;254;14;;119;3.860504202;1.713194444;;19;25.80526316;2.189097222;;13;32.01538462;4;2;5.263157895;10.52631579;15.78947368;57.89473684;10.52631579;0.0
2020-01;National;PARIS EST;STRASBOURG;114;444;20;;311;1.39807074;0.960220126;;15;22.85333333;0.663600629;;9;29.96111111;3;1;6.666666667;46.66666667;6.666666667;26.66666667;13.33333333;0.0
2020-01;National;PARIS MONTPARNASSE;BORDEAUX ST JEAN;147;616;48;;435;3.49467433;2.560035211;;146;24.8706621;8.833215962;;99;30.99259259;36;9;10.63829787;71.63120567;3.546099291;8.510638298;4.255319149;1.418439716
2020-01;National;TOURS;PARIS MONTPARNASSE;75;130;10;;73;2.216438356;1.236666667;;35;11.95238095;4.452638889;;6;31.175;3;0;7.407407407;7.407407407;62.96296296;7.407407407;11.11111111;3.703703704
2020-01;National;PARIS NORD;ARRAS;49;281;27;;237;5.266455696;4.894947507;;62;14.46209677;4.434448819;;19;30.83421053;7;1;12.28070175;29.8245614;31.57894737;15.78947368;10.52631579;0.0
2020-01;National;LYON PART DIEU;LILLE;191;154;13;;123;5.356504065;4.586643026;;29;26.13103448;7.412174941;;20;32.18;6;3;20.68965517;20.68965517;34.48275862;13.79310345;10.34482759;0.0
2020-01;National;PARIS LYON;PERPIGNAN;308;136;8;;69;4.353381643;2.168098958;;20;55.16666667;7.489713542;;20;55.16666667;12;5;20.0;15.0;20.0;40.0;5.0;0.0
2020-01;International;ITALIE;PARIS LYON;424;76;3;;71;3.658685446;3.551598174;;24;27.27152778;10.80981735;;24;27.27152778;9;0;0.0;20.83333333;66.66666667;4.166666667;8.333333333;0.0
2020-01;National;LE MANS;PARIS MONTPARNASSE;56;361;14;;287;5.160569106;4.16037464;;106;15.56792453;5.211479347;;28;35.91190476;12;3;11.9047619;33.33333333;29.76190476;11.9047619;3.571428571;9.523809524
2020-01;National;PARIS LYON;LYON PART DIEU;120;544;18;;199;2.962311558;0.794898606;;17;27.2627451;0.31964512;;13;31.77307692;5;2;23.52941176;29.41176471;5.882352941;23.52941176;11.76470588;5.882352941
2020-01;International;BARCELONA;PARIS LYON;339;55;2;;23;16.09855072;5.532704403;;7;92.42857143;13.74654088;;7;79.9962963;6;5;42.85714286;0.0;14.28571429;42.85714286;0.0;0.0
2020-01;National;LA ROCHELLE VILLE;PARIS MONTPARNASSE;163;152;13;;68;1.429656863;0.699160671;;17;21.38333333;4.321822542;;10;27.455;3;0;6.25;50.0;31.25;12.5;0.0;0.0
2020-01;National;PARIS EST;METZ;84;271;12;;210;6.982936508;5.617374517;;25;17.06733333;1.715830116;;9;33.14444444;5;1;8.695652174;26.08695652;39.13043478;26.08695652;0.0;0.0
2020-01;National;PERPIGNAN;PARIS LYON;312;132;7;;69;8.59057971;4.021866667;;19;61.7245614;9.561733333;;19;61.7245614;11;8;36.84210526;10.52631579;21.05263158;21.05263158;5.263157895;5.263157895
2020-01;National;BREST;PARIS MONTPARNASSE;228;215;12;;121;1.812396694;1.070032841;;19;44.55;6.413136289;;19;44.55;8;4;21.05263158;42.10526316;5.263157895;10.52631579;10.52631579;10.52631579
2020-01;National;PARIS NORD;DUNKERQUE;129;154;8;;139;4.218105516;4.000228311;;15;29.8;3.191780822;;11;36.27272727;6;1;40.0;13.33333333;20.0;20.0;6.666666667;0.0
2020-01;International;PARIS LYON;GENEVE;188;169;9;;71;6.421361502;2.657708333;;22;40.0030303;8.465729167;;22;46.43712121;13;4;22.72727273;18.18181818;9.090909091;45.45454545;4.545454545;0.0
2020-01;National;MARNE LA VALLEE;MARSEILLE ST CHARLES;212;203;12;;171;7.494736842;6.693630017;;26;38.66474359;7.206457243;;26;38.66474359;11;6;23.07692308;19.23076923;23.07692308;23.07692308;7.692307692;3.846153846
2020-01;National;PARIS LYON;AIX EN PROVENCE TGV;188;341;7;;116;4.584770115;1.297904192;;25;41.01466667;4.650548902;;25;41.01466667;12;3;52.0;4.0;4.0;28.0;8.0;4.0
2020-01;National;AVIGNON TGV;PARIS LYON;167;334;12;;164;3.543394309;1.581055901;;30;29.61611111;2.03447205;;20;38.3325;12;2;36.66666667;23.33333333;26.66666667;6.666666667;6.666666667;0.0
2020-01;National;PARIS LYON;DIJON VILLE;98;315;22;;134;3.04079602;1.197155859;;21;23.39126984;1.762571104;;15;27.81222222;5;0;14.28571429;19.04761905;9.523809524;47.61904762;9.523809524;0.0
2020-01;National;AIX EN PROVENCE TGV;PARIS LYON;188;315;11;;292;3.054052511;2.918037281;;19;32.77719298;1.546326754;;19;32.77719298;10;0;36.84210526;26.31578947;26.31578947;0.0;10.52631579;0.0
2020-01;International;LAUSANNE;PARIS LYON;201;129;4;;103;3.338511327;2.7072;;4;52.72916667;2.436;;4;52.72916667;2;1;50.0;0.0;25.0;25.0;0.0;0.0
2020-01;National;TOULOUSE MATABIAU;PARIS MONTPARNASSE;269;131;7;;71;17.23403756;9.640725806;;21;71.48730159;15.42419355;;21;71.48730159;9;5;19.04761905;71.42857143;4.761904762;4.761904762;0.0;0.0
2020-01;National;NIMES;PARIS LYON;179;186;9;;122;11.79439891;8.04952919;;43;45.2244186;10.7653484;;39;48.65470085;19;11;30.95238095;23.80952381;11.9047619;23.80952381;7.142857143;2.380952381
2020-01;National;NANTES;STRASBOURG;319;25;2;;17;2.229411765;1.573188406;;1;17.35;3.768115942;;1;17.35;0;0;0.0;0.0;0.0;100.0;0.0;0.0
2020-01;National;PARIS MONTPARNASSE;TOURS;72;141;11;;85;4.942745098;2.996410256;;23;13.85072464;3.300512821;;7;24.00714286;1;0;5.0;15.0;65.0;5.0;5.0;5.0
2020-01;National;PARIS LYON;NICE VILLE;360;133;6;;37;6.888738739;1.613648294;;12;40.41527778;4.642913386;;12;40.41527778;9;2;25.0;16.66666667;16.66666667;33.33333333;8.333333333;0.0
2020-01;National;VALENCE ALIXAN TGV;PARIS LYON;134;267;13;;206;10.55841424;8.500787402;;50;41.53733333;7.873228346;;41;48.10121951;17;9;28.0;20.0;22.0;20.0;8.0;2.0
2020-01;National;LYON PART DIEU;MONTPELLIER;126;122;11;;89;7.524344569;5.998198198;;27;23.39259259;-5.862912913;;17;29.69705882;7;1;24.0;24.0;36.0;0.0;16.0;0.0
2020-01;International;STUTTGART;PARIS EST;181;129;5;;119;5.90140056;5.420833333;;14;23.4797619;5.405510753;;14;40.70119048;5;3;14.28571429;7.142857143;50.0;7.142857143;21.42857143;0.0
2020-01;International;PARIS LYON;LAUSANNE;201;137;5;;56;5.05625;1.957070707;;20;44.58333333;8.973106061;;19;49.28055556;11;3;27.77777778;16.66666667;11.11111111;33.33333333;11.11111111;0.0
2020-02;National;PARIS LYON;MONTPELLIER;209;176;0;;75;6.246666667;2.401988636;;18;33.14722222;4.608617424;;18;33.14722222;7;3;27.77777778;22.22222222;16.66666667;22.22222222;11.11111111;0.0
2020-02;National;PARIS LYON;AVIGNON TGV;166;371;1;;154;6.639285714;2.499144144;;40;33.2375;4.016756757;;31;39.37096774;16;3;15.0;20.0;17.5;40.0;2.5;5.0
2020-02;National;NANCY;PARIS EST;95;310;4;;227;4.517400881;3.299237473;;22;32.50530303;3.187527233;;15;42.13444444;8;4;40.90909091;31.81818182;9.090909091;9.090909091;9.090909091;0.0
2020-02;National;PARIS LYON;GRENOBLE;185;213;0;;84;6.822222222;2.43114241;;22;47.56818182;4.598591549;;22;47.56818182;12;6;36.36363636;27.27272727;9.090909091;27.27272727;0.0;0.0
2020-02;National;LA ROCHELLE VILLE;PARIS MONTPARNASSE;165;196;0;;106;0.986949686;0.533503401;;9;19.10925926;2.17542517;;5;24.82333333;1;0;55.55555556;11.11111111;22.22222222;0.0;0.0;11.11111111
2020-02;National;ST MALO;PARIS MONTPARNASSE;158;85;3;;73;1.569178082;1.371747967;;10;18.33333333;3.547357724;;6;22.79166667;1;0;40.0;10.0;10.0;20.0;20.0;0.0
2020-02;National;METZ;PARIS EST;86;288;2;;207;4.801288245;3.415909091;;58;19.39885057;4.737995338;;23;35.35434783;9;1;15.09433962;20.75471698;43.39622642;13.20754717;5.660377358;1.886792453
2020-02;National;ARRAS;PARIS NORD;62;254;12;;201;3.852736318;3.15392562;;66;12.80505051;3.435950413;;18;28.06078431;7;0;13.63636364;62.12121212;13.63636364;1.515151515;6.060606061;3.03030303
2020-02;National;PARIS NORD;DOUAI;71;121;2;;116;2.270833333;2.206582633;;41;12.78170732;4.985154062;;10;29.425;1;1;9.756097561;36.58536585;26.82926829;14.63414634;9.756097561;2.43902439
2020-02;National;MARSEILLE ST CHARLES;TOURCOING;294;28;0;;8;8.897916667;2.207738095;;7;25.85714286;10.28571429;;7;25.85714286;3;0;57.14285714;14.28571429;0.0;28.57142857;0.0;0.0
2020-02;National;PARIS MONTPARNASSE;ANGOULEME;127;293;4;;209;2.535645933;1.681257209;;21;25.09761905;3.147520185;;14;31.325;4;2;14.28571429;38.0952381;33.33333333;0.0;14.28571429;0.0
2020-02;National;ANGOULEME;PARIS MONTPARNASSE;126;272;2;;227;4.929221733;4.077345679;;21;30.33253968;2.965555556;;13;41.55128205;7;2;23.80952381;28.57142857;28.57142857;14.28571429;0.0;4.761904762
2020-02;National;BORDEAUX ST JEAN;PARIS MONTPARNASSE;145;765;6;;326;7.165439673;2.792885375;;78;30.49551282;2.751273606;;52;39.6275641;24;7;23.37662338;46.75324675;14.28571429;11.68831169;1.298701299;2.597402597
2020-02;National;LAVAL;PARIS MONTPARNASSE;87;211;3;;137;5.24756691;3.352323718;;42;26.66507937;6.065464744;;20;47.31083333;10;7;38.88888889;22.22222222;16.66666667;5.555555556;13.88888889;2.777777778
2020-02;National;PARIS LYON;BELLEGARDE (AIN);163;250;3;;113;8.657817109;3.77928475;;23;36.02463768;5.29682861;;19;40.95350877;10;5;8.695652174;39.13043478;0.0;52.17391304;0.0;0.0
2020-02;International;GENEVE;PARIS LYON;186;235;3;;230;2.823405797;2.794324713;;10;37.355;2.272772989;;9;40.54259259;5;2;0.0;30.0;30.0;30.0;0.0;10.0
2020-02;National;PARIS MONTPARNASSE;BORDEAUX ST JEAN;147;716;6;;562;2.628410439;1.973075117;;56;21.6172619;2.226666667;;32;28.66197917;8;3;21.81818182;49.09090909;14.54545455;5.454545455;9.090909091;0.0
2020-02;National;MARNE LA VALLEE;LYON PART DIEU;108;317;2;;313;9.233120341;9.173227513;;90;22.8362963;7.804761905;;65;26.80307692;16;2;7.865168539;57.30337079;12.35955056;6.741573034;14.60674157;1.123595506
2020-02;National;MARSEILLE ST CHARLES;MARNE LA VALLEE;210;229;3;;83;5.310441767;1.648967552;;29;32.30229885;6.062758112;;29;32.30229885;5;3;34.48275862;3.448275862;37.93103448;20.68965517;3.448275862;0.0
2020-02;National;PARIS LYON;BESANCON FRANCHE COMTE TGV;129;155;3;;71;3.386619718;1.429057018;;12;46.62361111;4.848903509;;8;63.29166667;5;3;8.333333333;50.0;8.333333333;16.66666667;8.333333333;8.333333333
2020-02;National;MARSEILLE ST CHARLES;LYON PART DIEU;105;380;6;;191;4.135514834;1.950222816;;33;24.48737374;2.986809269;;19;33.59210526;7;3;30.3030303;6.060606061;36.36363636;24.24242424;0.0;3.03030303
2020-02;National;LILLE;LYON PART DIEU;187;262;2;;210;5.118253968;4.086794872;;71;24.24366197;8.544871795;;62;25.92446237;13;2;9.85915493;50.70422535;11.26760563;8.450704225;18.30985915;1.408450704
2020-02;National;BELLEGARDE (AIN);PARIS LYON;164;244;3;;185;2.854684685;2.127939142;;16;25.59479167;1.894190871;;8;37.70416667;4;1;6.25;25.0;25.0;12.5;18.75;12.5
2020-02;National;MULHOUSE VILLE;PARIS LYON;170;294;6;;233;3.753862661;2.988599537;;39;27.74957265;3.014756944;;22;39.95151515;11;4;35.8974359;28.20512821;23.07692308;5.128205128;7.692307692;0.0
2020-02;International;PARIS LYON;BARCELONA;333;58;0;;27;7.266049383;3.126149425;;4;52.4125;6.32183908;;4;56.88333333;4;1;25.0;25.0;0.0;50.0;0.0;0.0
2020-02;National;CHAMBERY CHALLES LES EAUX;PARIS LYON;189;252;1;;201;9.044776119;6.912549801;;65;24.91666667;7.652124834;;48;29.546875;17;3;12.30769231;18.46153846;52.30769231;6.153846154;6.153846154;4.615384615
2020-02;National;MACON LOCHE;PARIS LYON;95;203;2;;192;7.629861111;7.273134328;;50;20.858;6.280597015;;30;26.78833333;9;0;14.0;24.0;48.0;10.0;4.0;0.0
2020-02;National;MARSEILLE ST CHARLES;PARIS LYON;200;441;1;;205;6.889918699;2.955984848;;31;34.47204301;2.979469697;;31;34.47204301;15;3;29.03225806;38.70967742;12.90322581;16.12903226;0.0;3.225806452
2020-02;National;PARIS EST;STRASBOURG;117;515;12;;407;2.752211302;2.178197482;;42;41.96111111;3.832571239;;29;55.35402299;14;6;21.42857143;26.19047619;9.523809524;38.0952381;2.380952381;2.380952381
2020-02;National;STRASBOURG;NANTES;332;33;0;;27;2.534567901;1.947979798;;1;16.13333333;-1.059090909;;1;16.13333333;0;0;0.0;0.0;0.0;100.0;0.0;0.0
2020-02;National;PARIS NORD;DUNKERQUE;129;155;2;;148;1.999887387;1.923529412;;21;25.66666667;3.764705882;;14;31.85714286;6;1;28.57142857;28.57142857;23.80952381;9.523809524;9.523809524;0.0
2020-02;National;LYON PART DIEU;LILLE;190;197;2;;166;6.526807229;5.535384615;;43;22.64612403;7.503760684;;31;29.41444444;7;2;18.60465116;27.90697674;37.20930233;6.976744186;4.651162791;4.651162791
2020-02;National;PARIS LYON;MACON LOCHE;94;208;2;;105;3.041111111;1.313673139;;25;18.41066667;4.019093851;;10;33.15666667;5;1;14.28571429;33.33333333;28.57142857;23.80952381;0.0;0.0
2020-02;National;PARIS LYON;TOULON;246;205;1;;94;6.206028369;2.625898693;;32;35.04583333;8.227859477;;32;35.04583333;16;4;12.5;21.875;21.875;34.375;6.25;3.125
2020-02;International;MADRID;MARSEILLE ST CHARLES;429;29;0;;5;1.996666667;-0.070689655;;2;26.875;4.402298851;;2;26.875;1;0;0.0;0.0;50.0;50.0;0.0;0.0
2020-02;National;PARIS LYON;PERPIGNAN;308;178;0;;96;4.168229167;2.072659176;;12;35.52083333;0.23164794;;12;35.52083333;8;1;16.66666667;33.33333333;16.66666667;33.33333333;0.0;0.0
2020-02;National;MONTPELLIER;LYON PART DIEU;114;168;3;;151;5.261037528;4.796262626;;22;33.95757576;5.688686869;;17;40.58529412;8;3;45.45454545;9.090909091;36.36363636;9.090909091;0.0;0.0
2020-02;International;PARIS LYON;GENEVE;186;237;3;;110;9.778787879;4.419871795;;24;41.85763889;6.364814815;;23;43.02898551;13;4;12.5;29.16666667;4.166666667;54.16666667;0.0;0.0
2020-02;National;PARIS MONTPARNASSE;LAVAL;83;226;2;;151;3.938300221;2.493675595;;34;25.28823529;4.389657738;;11;60.78636364;9;4;19.35483871;16.12903226;38.70967742;19.35483871;3.225806452;3.225806452
2020-02;National;STRASBOURG;PARIS EST;116;488;12;;391;6.014620631;4.902170868;;66;34.43737374;5.832212885;;41;47.90121951;16;8;34.84848485;16.66666667;25.75757576;16.66666667;4.545454545;1.515151515
2020-02;International;PARIS EST;STUTTGART;174;143;5;;119;2.43907563;2.065821256;;19;38.99649123;8.832729469;;17;42.23627451;8;2;17.64705882;35.29411765;5.882352941;23.52941176;11.76470588;5.882352941
2020-02;National;PARIS EST;REIMS;46;206;3;;184;2.062952899;1.85270936;;16;19.9125;1.934811166;;7;34.0047619;4;0;20.0;20.0;20.0;26.66666667;13.33333333;0.0
2020-02;National;TOURCOING;BORDEAUX ST JEAN;300;26;0;;10;0.868333333;-0.281410256;;6;67.02222222;17.98846154;;6;67.02222222;3;2;33.33333333;33.33333333;16.66666667;16.66666667;0.0;0.0
2020-02;International;LAUSANNE;PARIS LYON;210;174;5;;149;5.593847875;4.872386588;;12;65.24583333;5.82504931;;12;57.65888889;6;2;16.66666667;16.66666667;25.0;41.66666667;0.0;0.0
2020-02;International;ZURICH;PARIS LYON;223;190;4;;185;2.853963964;2.83655914;;16;34.86875;4.79265233;;16;37.64242424;8;3;31.25;12.5;25.0;18.75;6.25;6.25
2020-02;National;AVIGNON TGV;PARIS LYON;167;367;1;;191;3.572600349;1.663888889;;33;27.74949495;2.6893898;;22;35.50681818;11;2;15.15151515;30.3030303;30.3030303;18.18181818;0.0;6.060606061
2020-02;National;LYON PART DIEU;RENNES;236;79;1;;52;7.138782051;4.711538462;;14;43.57142857;10.25961538;;14;43.57142857;7;3;14.28571429;42.85714286;14.28571429;21.42857143;0.0;7.142857143
2020-02;National;ANGERS SAINT LAUD;PARIS MONTPARNASSE;100;412;5;;338;2.855128205;2.338533989;;31;37.23602151;3.871007371;;24;44.41944444;13;4;29.03225806;48.38709677;9.677419355;12.90322581;0.0;0.0
2020-02;National;BREST;PARIS MONTPARNASSE;226;256;4;;159;3.038679245;1.916402116;;20;45.75166667;5.791997354;;20;45.75166667;10;5;55.0;20.0;20.0;5.0;0.0;0.0
2020-02;National;PARIS MONTPARNASSE;LA ROCHELLE VILLE;170;201;0;;142;2.566666667;1.674378109;;8;39.875;2.281094527;;6;49.16666667;5;1;37.5;12.5;25.0;12.5;0.0;12.5
2020-02;National;LE MANS;PARIS MONTPARNASSE;56;400;5;;323;5.075283798;4.112953586;;81;21.27489712;5.038270042;;30;44.70222222;16;8;25.37313433;23.88059701;25.37313433;13.43283582;5.970149254;5.970149254
2020-02;National;DOUAI;PARIS NORD;85;123;5;;109;2.108256881;1.854237288;;22;11.19242424;1.982344633;;4;26.17916667;2;0;9.090909091;54.54545455;13.63636364;4.545454545;9.090909091;9.090909091
2020-02;National;PARIS LYON;ANNECY;223;155;2;;69;4.531642512;1.806535948;;21;39.9047619;8.297385621;;21;39.9047619;10;4;9.523809524;14.28571429;38.0952381;38.0952381;0.0;0.0
2020-02;National;LYON PART DIEU;MARSEILLE ST CHARLES;105;397;5;;312;6.791720085;5.370535714;;55;34.91212121;6.235501701;;41;42.74349593;17;7;18.51851852;37.03703704;20.37037037;9.259259259;11.11111111;3.703703704
2020-02;International;FRANCFORT;PARIS EST;214;161;6;;143;2.172843823;1.988602151;;16;40.5625;6.59311828;;13;45.16428571;6;3;18.75;12.5;43.75;25.0;0.0;0.0
2020-02;International;MARSEILLE ST CHARLES;MADRID;391;29;0;;22;0.440909091;0.317241379;;2;29.5;2.291954023;;2;29.5;1;0;100.0;0.0;0.0;0.0;0.0;0.0
2020-02;National;PARIS MONTPARNASSE;QUIMPER;223;216;2;;182;3.173443223;2.600545171;;16;91.3125;7.691588785;;16;91.3125;11;7;62.5;18.75;6.25;0.0;12.5;0.0
2020-02;National;PARIS NORD;ARRAS;48;256;7;;239;2.156136681;2.05729585;;61;10.71229508;3.74832664;;10;25.92166667;3;0;18.96551724;34.48275862;25.86206897;10.34482759;8.620689655;1.724137931
2020-02;National;PARIS LYON;CHAMBERY CHALLES LES EAUX;188;279;1;;114;6.029824561;2.178177458;;34;34.74068627;5.360551559;;25;42.90733333;13;5;17.64705882;20.58823529;17.64705882;38.23529412;5.882352941;0.0
2020-02;National;PARIS MONTPARNASSE;NANTES;137;511;5;;385;2.571515152;1.838142292;;37;41.32702703;3.45171278;;32;45.878125;17;6;29.72972973;37.83783784;16.21621622;13.51351351;2.702702703;0.0
2020-02;National;PARIS LYON;NICE VILLE;360;163;1;;77;6.348051948;2.785288066;;22;36.13106061;6.777160494;;22;36.13106061;11;2;22.72727273;27.27272727;13.63636364;31.81818182;4.545454545;0.0
2020-02;National;PARIS LYON;VALENCE ALIXAN TGV;135;296;0;;153;3.857734205;1.812556306;;25;27.43666667;2.971114865;;16;35.74166667;8;2;16.0;32.0;4.0;36.0;4.0;8.0
2020-02;National;MARSEILLE ST CHARLES;LILLE;282;170;2;;69;3.576328502;1.197420635;;27;28.47407407;8.343353175;;27;28.47407407;6;2;22.22222222;11.11111111;48.14814815;11.11111111;7.407407407;0.0
2020-02;International;STUTTGART;PARIS EST;173;143;6;;133;6.43245614;6.218004866;;16;35.59583333;6.959002433;;16;41.64814815;10;3;18.75;12.5;43.75;25.0;0.0;0.0
2020-02;National;PARIS LYON;MARSEILLE ST CHARLES;200;503;1;;209;6.13676236;2.294621514;;45;37.82888889;4.739143426;;45;37.82888889;24;3;20.0;28.88888889;4.444444444;40.0;0.0;6.666666667
2020-02;National;PARIS LYON;LYON PART DIEU;120;595;2;;241;4.023098202;1.341146712;;41;30.19390244;1.973046655;;27;39.31604938;13;4;26.82926829;34.14634146;7.317073171;26.82926829;2.43902439;2.43902439
2020-02;International;BARCELONA;PARIS LYON;338;54;0;;14;5.84047619;-1.083333333;;5;35.82666667;6.039814815;;5;41.88888889;5;0;20.0;60.0;0.0;20.0;0.0;0.0
2020-02;National;LYON PART DIEU;MONTPELLIER;112;191;2;;153;9.051851852;7.289065256;;41;31.80934959;7.357671958;;30;39.05833333;9;4;7.5;27.5;32.5;12.5;17.5;2.5
2020-02;National;POITIERS;PARIS MONTPARNASSE;96;367;2;;201;3.752072968;1.886986301;;54;12.07592593;2.697945205;;10;29.80833333;5;0;22.91666667;31.25;37.5;8.333333333;0.0;0.0
2020-02;National;ST PIERRE DES CORPS;PARIS MONTPARNASSE;62;386;1;;327;2.522426096;2.113852814;;57;11.80818713;2.172424242;;6;45.69444444;2;1;4.081632653;22.44897959;57.14285714;8.163265306;2.040816327;6.12244898
2020-02;National;MONTPELLIER;PARIS LYON;208;192;0;;160;5.414791667;4.48203125;;26;33.84871795;5.784027778;;26;33.84871795;12;2;19.23076923;38.46153846;11.53846154;19.23076923;7.692307692;3.846153846
2020-02;National;TOURS;PARIS MONTPARNASSE;76;171;1;;88;0.878598485;0.34872549;;30;7.851666667;2.366078431;;0;0.0;0;0;0.0;17.39130435;73.91304348;8.695652174;0.0;0.0
2020-02;National;PARIS EST;METZ;84;303;4;;240;8.962777778;6.990523969;;28;19.57619048;1.866332219;;12;33.58333333;6;1;14.28571429;10.71428571;32.14285714;28.57142857;14.28571429;0.0
2020-02;National;PARIS LYON;MULHOUSE VILLE;168;294;7;;136;5.538602941;2.457375145;;27;50.57407407;5.507084785;;21;61.50952381;15;8;29.62962963;37.03703704;11.11111111;18.51851852;3.703703704;0.0
2020-02;National;NIMES;PARIS LYON;180;193;0;;164;5.873678862;4.962521589;;30;31.00888889;5.818221071;;26;33.84871795;12;2;16.66666667;43.33333333;10.0;20.0;6.666666667;3.333333333
2020-02;National;QUIMPER;PARIS MONTPARNASSE;230;224;4;;169;3.26617357;2.509015152;;18;49.95925926;6.329015152;;18;49.95925926;9;6;50.0;5.555555556;27.77777778;11.11111111;5.555555556;0.0
2020-02;National;VANNES;PARIS MONTPARNASSE;162;241;4;;203;3.958866995;3.390506329;;30;34.69277778;5.955133615;;18;49.95925926;9;6;43.33333333;13.33333333;20.0;16.66666667;6.666666667;0.0
2020-02;National;BORDEAUX ST JEAN;TOURCOING;315;26;0;;4;4.166666667;0.345512821;;5;41.6;8.384615385;;5;41.6;3;1;0.0;80.0;0.0;20.0;0.0;0.0
2020-02;National;AIX EN PROVENCE TGV;PARIS LYON;188;352;2;;337;3.740108803;3.590190476;;21;45.97460317;3.206;;21;45.97460317;12;4;19.04761905;42.85714286;14.28571429;19.04761905;4.761904762;0.0
2020-02;National;DIJON VILLE;PARIS LYON;99;385;7;;319;6.834482759;5.741269841;;42;39.88095238;4.208465608;;28;53.71130952;16;6;28.57142857;23.80952381;28.57142857;14.28571429;4.761904762;0.0
2020-02;National;GRENOBLE;PARIS LYON;180;203;0;;33;6.535858586;1.062479475;;22;35.46515152;4.681116585;;13;51.30897436;9;4;22.72727273;27.27272727;22.72727273;18.18181818;9.090909091;0.0
2020-02;National;PARIS LYON;NIMES;180;178;0;;76;6.167763158;2.374906367;;16;29.534375;4.713670412;;12;35.32916667;6;2;37.5;25.0;0.0;25.0;6.25;6.25
2020-02;National;LYON PART DIEU;PARIS LYON;120;601;4;;450;4.358925926;3.13771636;;75;24.54666667;3.394221106;;50;32.023;19;4;25.33333333;29.33333333;29.33333333;10.66666667;0.0;5.333333333
2020-02;National;SAINT ETIENNE CHATEAUCREUX;PARIS LYON;167;91;1;;54;0.500308642;0.233148148;;8;23.52708333;3.46;;3;40.83333333;1;1;12.5;50.0;37.5;0.0;0.0;0.0
2020-02;National;PARIS MONTPARNASSE;ANGERS SAINT LAUD;99;416;5;;317;2.756940063;2.011962693;;27;29.96604938;0.781224655;;21;35.85238095;9;3;29.62962963;29.62962963;18.51851852;18.51851852;3.703703704;0.0
2020-02;National;PARIS MONTPARNASSE;LE MANS;55;443;4;;331;4.482578046;3.256492027;;50;22.25733333;2.822703113;;17;50.36568627;10;4;15.2173913;21.73913043;39.13043478;21.73913043;2.173913043;0.0
2020-02;National;PARIS MONTPARNASSE;ST MALO;154;93;3;;64;1.864583333;1.203703704;;14;26.00119048;3.547222222;;9;33.57962963;4;1;21.42857143;35.71428571;28.57142857;7.142857143;7.142857143;0.0
2020-02;National;PARIS MONTPARNASSE;ST PIERRE DES CORPS;61;420;3;;285;2.113333333;1.236970424;;55;12.16818182;1.869944045;;12;27.54444444;2;1;14.0;24.0;40.0;12.0;10.0;0.0
2020-02;National;TOULOUSE MATABIAU;PARIS MONTPARNASSE;271;168;2;;95;4.343859649;2.277710843;;23;45.45724638;6.530823293;;23;45.45724638;14;4;34.7826087;34.7826087;4.347826087;21.73913043;0.0;4.347826087
2020-02;National;PARIS MONTPARNASSE;TOURS;72;171;1;;108;2.209876543;1.109411765;;27;11.66666667;2.565490196;;6;25.90277778;1;0;4.545454545;27.27272727;31.81818182;27.27272727;9.090909091;0.0
2020-02;National;NANTES;STRASBOURG;308;38;0;;23;0.855072464;0.375877193;;8;72.68958333;16.82105263;;8;72.68958333;5;2;37.5;25.0;37.5;0.0;0.0;0.0
2020-02;National;DUNKERQUE;PARIS NORD;139;143;1;;9;7.333333333;0.464788732;;14;22.05952381;4.194483568;;10;26.13166667;3;0;28.57142857;42.85714286;21.42857143;7.142857143;0.0;0.0
2020-02;National;ANNECY;PARIS LYON;228;144;1;;37;9.650900901;2.494755245;;26;25.21153846;7.025291375;;26;25.21153846;8;0;15.38461538;19.23076923;57.69230769;7.692307692;0.0;0.0
2020-02;National;LE CREUSOT MONTCEAU MONTCHANIN;PARIS LYON;81;201;2;;166;5.051606426;4.164572864;;32;18.30833333;1.836683417;;12;33.95416667;6;0;18.75;34.375;21.875;15.625;0.0;9.375
2020-02;National;PARIS LYON;SAINT ETIENNE CHATEAUCREUX;170;96;0;;42;5.805952381;2.259722222;;8;32.84583333;4.529513889;;5;44.48666667;3;1;50.0;12.5;12.5;25.0;0.0;0.0
2020-02;International;PARIS EST;FRANCFORT;346;165;7;;111;7.517717718;-12.98227848;;18;31.47222222;-163.0419831;;18;57.08425926;13;4;29.41176471;29.41176471;11.76470588;23.52941176;5.882352941;0.0
2020-02;International;ITALIE;PARIS LYON;451;88;0;;86;2.994186047;2.903409091;;23;25.4673913;11.61912879;;23;29.93;9;0;26.08695652;13.04347826;52.17391304;8.695652174;0.0;0.0
2020-02;International;PARIS LYON;LAUSANNE;197;175;4;;83;8.547991968;3.973489279;;21;56.01904762;8.395808967;;18;63.50925926;10;6;10.0;40.0;10.0;35.0;5.0;0.0
2020-02;National;MARNE LA VALLEE;MARSEILLE ST CHARLES;213;219;0;;200;7.743;7.048858447;;31;36.20483871;6.846270928;;31;36.20483871;10;3;6.451612903;54.83870968;9.677419355;19.35483871;9.677419355;0.0
2020-02;International;PARIS LYON;ZURICH;219;171;4;;81;7.090946502;3.254491018;;27;49.60493827;9.943013972;;24;54.33611111;16;8;23.07692308;30.76923077;11.53846154;19.23076923;11.53846154;3.846153846
2020-02;National;LILLE;PARIS NORD;76;559;8;;323;3.676934985;1.990381125;;146;13.25650685;3.983121597;;37;27.44144144;12;0;9.655172414;67.5862069;11.72413793;6.206896552;4.827586207;0.0
2020-02;National;LYON PART DIEU;MARNE LA VALLEE;108;235;3;;199;6.270184255;5.357112069;;43;21.51937984;4.862931034;;30;25.85111111;5;1;23.25581395;18.60465116;37.20930233;11.62790698;9.302325581;0.0
2020-02;National;RENNES;PARIS MONTPARNASSE;101;568;12;;395;6.235189873;3.668884892;;106;25.41210692;6.676618705;;54;53.79934641;27;18;34.34343434;25.25252525;21.21212121;10.1010101;6.060606061;3.03030303
2020-02;National;RENNES;LYON PART DIEU;232;81;0;;61;3.780601093;2.788477366;;6;103.5361111;7.483127572;;6;103.5361111;6;3;40.0;20.0;0.0;20.0;0.0;20.0
2020-02;National;PARIS LYON;AIX EN PROVENCE TGV;188;379;2;;156;5.447863248;1.996728559;;40;34.66041667;4.979000884;;40;34.66041667;21;3;15.0;22.5;12.5;45.0;0.0;5.0
2020-02;National;BESANCON FRANCHE COMTE TGV;PARIS LYON;132;169;2;;127;3.376771654;2.455389222;;16;28.096875;2.042814371;;8;43.33125;5;1;37.5;25.0;31.25;0.0;6.25;0.0
2020-02;National;PERPIGNAN;PARIS LYON;311;162;0;;80;2.863333333;1.258333333;;16;36.78333333;4.356378601;;16;36.78333333;8;2;31.25;31.25;12.5;6.25;6.25;12.5
2020-02;National;VALENCE ALIXAN TGV;PARIS LYON;134;298;1;;254;6.242125984;5.300392817;;42;31.4031746;5.227272727;;33;36.63787879;16;4;21.42857143;35.71428571;16.66666667;16.66666667;4.761904762;4.761904762
2020-02;National;REIMS;PARIS EST;46;218;3;;144;2.014699074;1.189147287;;33;12.93636364;3.151550388;;9;23.99074074;2;0;10.0;40.0;20.0;16.66666667;10.0;3.333333333
2020-02;National;PARIS LYON;DIJON VILLE;98;394;8;;192;4.855555556;2.260189983;;34;39.94411765;3.324568221;;26;48.56089744;15;7;11.76470588;41.17647059;5.882352941;35.29411765;5.882352941;0.0
2020-02;National;PARIS MONTPARNASSE;BREST;222;242;1;;191;3.668411867;2.776210235;;19;98.57894737;8.460580913;;19;98.57894737;9;7;52.63157895;15.78947368;21.05263158;0.0;10.52631579;0.0
2020-02;National;PARIS MONTPARNASSE;RENNES;98;603;6;;447;3.114914243;2.191680625;;89;26.49831461;4.547682859;;41;47.36829268;19;9;26.43678161;19.54022989;36.7816092;11.49425287;2.298850575;3.448275862
2020-02;National;PARIS MONTPARNASSE;VANNES;155;198;2;;167;3.409181637;2.807057823;;26;51.80769231;7.943877551;;17;72.61764706;11;7;57.69230769;15.38461538;7.692307692;3.846153846;11.53846154;3.846153846
2020-02;National;LILLE;MARSEILLE ST CHARLES;297;190;0;;115;3.841014493;2.183070175;;29;31.01321839;6.745614035;;29;31.01321839;8;2;6.896551724;58.62068966;10.34482759;13.79310345;10.34482759;0.0
2020-02;National;PARIS LYON;LE CREUSOT MONTCEAU MONTCHANIN;80;188;1;;70;3.855;1.140196078;;19;17.09824561;1.766755793;;6;36.60277778;3;1;31.57894737;42.10526316;5.263157895;21.05263158;0.0;0.0
2020-02;National;NICE VILLE;PARIS LYON;360;160;2;;149;2.175615213;2.02742616;;22;46.40681818;7.184599156;;22;46.40681818;12;5;45.45454545;27.27272727;9.090909091;4.545454545;4.545454545;9.090909091
2020-02;National;NANTES;PARIS MONTPARNASSE;139;523;8;;255;3.19248366;1.16592233;;48;31.56805556;3.982038835;;37;37.27207207;19;5;27.65957447;38.29787234;21.27659574;12.76595745;0.0;0.0
2020-02;National;PARIS MONTPARNASSE;POITIERS;94;480;4;;315;2.215291005;1.259243697;;47;19.35248227;3.241666667;;19;35.41140351;9;2;24.44444444;24.44444444;42.22222222;4.444444444;4.444444444;0.0
2020-02;National;PARIS MONTPARNASSE;TOULOUSE MATABIAU;266;161;1;;136;3.589828431;2.972708333;;17;47.01372549;6.0434375;;17;47.01372549;8;4;47.05882353;35.29411765;11.76470588;0.0;5.882352941;0.0
2020-02;National;PARIS EST;NANCY;96;277;4;;226;2.271533923;1.839194139;;16;24.853125;1.672771673;;11;30.59545455;2;1;26.66666667;40.0;6.666666667;20.0;6.666666667;0.0
2020-02;National;PARIS NORD;LILLE;66;597;6;;558;4.007676225;3.766497462;;121;14.46818182;3.449915398;;33;30.72323232;16;0;22.4137931;28.44827586;25.86206897;11.20689655;8.620689655;3.448275862
2020-02;National;TOULON;PARIS LYON;247;211;2;;197;3.805668359;3.573125997;;25;46.668;6.079824561;;25;46.668;15;5;40.0;32.0;8.0;8.0;4.0;8.0
2020-02;International;PARIS LYON;ITALIE;431;88;0;;39;6.75982906;2.710984848;;18;42.13888889;10.13636364;;18;42.13888889;11;3;22.22222222;16.66666667;50.0;11.11111111;0.0;0.0
2020-03;National;NANTES;PARIS MONTPARNASSE;140;363;37;;174;4.355842912;2.110480573;;89;32.17003745;9.574386503;;68;38.30661765;42;9;56.17977528;22.47191011;15.73033708;4.494382022;1.123595506;0.0
2020-03;National;MARSEILLE ST CHARLES;PARIS LYON;201;303;20;;108;3.833796296;1.088162544;;17;41.51960784;2.620141343;;17;41.51960784;11;3;11.76470588;47.05882353;11.76470588;23.52941176;5.882352941;0.0
2020-03;International;PARIS LYON;LAUSANNE;199;102;7;;44;6.420454545;2.789298246;;24;35.31111111;10.52122807;;22;37.35378788;13;3;4.166666667;66.66666667;4.166666667;25.0;0.0;0.0
2020-03;National;PARIS MONTPARNASSE;ST PIERRE DES CORPS;61;288;30;;198;3.378703704;2.46505168;;41;17.0804878;3.035206718;;15;31.80666667;6;1;15.38461538;41.02564103;15.38461538;12.82051282;10.25641026;5.128205128
2020-03;National;LA ROCHELLE VILLE;PARIS MONTPARNASSE;165;131;12;;62;1.894623656;0.987114846;;15;20.31777778;3.748039216;;8;27.46041667;2;0;6.666666667;40.0;26.66666667;6.666666667;13.33333333;6.666666667
2020-03;National;PARIS NORD;ARRAS;48;187;39;;144;2.394328704;2.324099099;;19;17.20614035;2.784797297;;7;31.92142857;3;0;5.555555556;16.66666667;27.77777778;33.33333333;11.11111111;5.555555556
2020-03;National;BORDEAUX ST JEAN;TOURCOING;315;17;1;;7;7.55;3.039583333;;2;57.0;7.5625;;2;57.0;2;1;0.0;50.0;0.0;50.0;0.0;0.0
2020-03;National;PARIS LYON;LYON PART DIEU;120;390;29;;148;3.327702703;1.054201293;;23;35.46811594;2.221006464;;16;45.52395833;10;5;8.695652174;47.82608696;8.695652174;30.43478261;0.0;4.347826087
2020-03;International;PARIS LYON;ZURICH;219;113;7;;59;6.042937853;3.193238994;;29;31.65057471;11.55455975;;29;34.62333333;15;3;5.263157895;10.52631579;26.31578947;47.36842105;10.52631579;0.0
2020-03;National;RENNES;LYON PART DIEU;232;49;4;;33;1.433838384;1.007777778;;2;24.8;0.559259259;;2;24.8;1;0;0.0;0.0;100.0;0.0;0.0;0.0
2020-03;National;DUNKERQUE;PARIS NORD;136;101;14;;4;1.5;0.068965517;;14;13.75119048;3.833524904;;3;20.85;0;0;7.142857143;64.28571429;7.142857143;7.142857143;14.28571429;0.0
2020-03;National;LILLE;PARIS NORD;72;386;39;;213;3.412676056;1.944620557;;89;12.33932584;3.956003842;;17;26.64607843;5;0;7.142857143;48.80952381;20.23809524;7.142857143;11.9047619;4.761904762
2020-03;National;LE MANS;PARIS MONTPARNASSE;56;306;25;;227;5.493024963;4.39371293;;101;16.51270627;6.462040332;;40;27.68458333;13;3;26.26262626;46.46464646;17.17171717;4.04040404;5.050505051;1.01010101
2020-03;National;PARIS MONTPARNASSE;POITIERS;94;335;33;;235;3.186950355;2.339900662;;44;19.55340909;4.624834437;;20;31.10833333;8;2;12.19512195;29.26829268;21.95121951;24.3902439;9.756097561;2.43902439
2020-03;National;POITIERS;PARIS MONTPARNASSE;93;253;25;;115;5.17;2.328947368;;59;15.77344633;5.025950292;;25;24.56066667;4;0;12.28070175;49.12280702;19.29824561;5.263157895;8.771929825;5.263157895
2020-03;National;PARIS NORD;DUNKERQUE;131;101;14;;86;2.762984496;2.728735632;;5;47.2;2.425287356;;4;55.5;3;1;60.0;0.0;0.0;40.0;0.0;0.0
2020-03;National;ANNECY;PARIS LYON;227;82;8;;8;3.425;0.369594595;;9;35.47592593;6.275675676;;9;35.47592593;5;1;14.28571429;42.85714286;28.57142857;0.0;0.0;14.28571429
2020-03;National;MULHOUSE VILLE;PARIS LYON;170;200;12;;148;3.655630631;2.82251773;;18;27.28703704;2.21320922;;13;32.77179487;5;1;11.11111111;27.77777778;11.11111111;11.11111111;11.11111111;27.77777778
2020-03;National;BREST;PARIS MONTPARNASSE;226;170;14;;91;2.097252747;1.210576923;;17;22.85686275;4.262713675;;17;22.85686275;3;0;23.52941176;29.41176471;23.52941176;17.64705882;5.882352941;0.0
2020-03;National;PARIS LYON;AVIGNON TGV;166;255;16;;94;4.881560284;1.649511855;;28;28.33035714;3.484867503;;20;35.165;7;2;11.11111111;29.62962963;14.81481481;33.33333333;3.703703704;7.407407407
2020-03;National;BELLEGARDE (AIN);PARIS LYON;164;164;15;;127;10.79146982;9.158389262;;34;35.32058824;8.561744966;;27;41.15123457;19;3;0.0;67.64705882;17.64705882;11.76470588;0.0;2.941176471
2020-03;National;PARIS LYON;SAINT ETIENNE CHATEAUCREUX;170;63;4;;32;1.804166667;0.714124294;;6;27.63888889;4.68559322;;5;30.27;1;0;66.66666667;33.33333333;0.0;0.0;0.0;0.0
2020-03;National;ANGOULEME;PARIS MONTPARNASSE;124;182;14;;116;3.948850575;2.613690476;;28;21.4577381;4.95843254;;19;25.7745614;5;0;7.142857143;57.14285714;7.142857143;10.71428571;7.142857143;10.71428571
2020-03;National;RENNES;PARIS MONTPARNASSE;100;400;46;;237;4.017862166;-0.52594162;;66;16.21717172;3.978436911;;33;23.36969697;6;0;16.39344262;36.06557377;24.59016393;11.47540984;6.557377049;4.918032787
2020-03;National;LILLE;LYON PART DIEU;187;160;18;;100;6.0655;4.171830986;;33;34.49242424;9.470305164;;23;44.27391304;14;2;6.060606061;36.36363636;12.12121212;18.18181818;15.15151515;12.12121212
2020-03;National;MARNE LA VALLEE;MARSEILLE ST CHARLES;214;137;13;;113;7.412241888;6.740725806;;23;51.61014493;10.43870968;;23;51.61014493;12;4;8.695652174;43.47826087;8.695652174;26.08695652;8.695652174;4.347826087
2020-03;National;PARIS LYON;BELLEGARDE (AIN);163;162;15;;74;5.188288288;2.440022676;;28;29.64761905;7.378684807;;22;34.33560606;9;4;0.0;64.28571429;10.71428571;17.85714286;3.571428571;3.571428571
2020-03;National;AVIGNON TGV;PARIS LYON;167;253;16;;111;5.113963964;2.127777778;;23;32.15;2.742616034;;17;39.32254902;12;3;17.39130435;39.13043478;13.04347826;21.73913043;8.695652174;0.0
2020-03;International;MARSEILLE ST CHARLES;MADRID;190;11;1;;9;0.52037037;0.463333333;;0;0.0;4.383333333;;0;0.0;0;0;0.0;0.0;0.0;0.0;0.0;0.0
2020-03;National;ARRAS;PARIS NORD;58;188;34;;114;3.926900585;2.834307359;;47;12.02588652;3.901623377;;11;22.63636364;2;0;9.090909091;45.45454545;25.0;2.272727273;13.63636364;4.545454545
2020-03;National;MARSEILLE ST CHARLES;MARNE LA VALLEE;211;147;11;;50;5.268333333;1.603063725;;19;36.55701754;6.199632353;;19;36.55701754;9;3;15.78947368;31.57894737;15.78947368;26.31578947;5.263157895;5.263157895
2020-03;National;CHAMBERY CHALLES LES EAUX;PARIS LYON;187;137;18;;86;6.821705426;4.819327731;;23;34.04202899;7.518767507;;15;46.17777778;10;5;9.090909091;18.18181818;40.90909091;18.18181818;4.545454545;9.090909091
2020-03;National;TOURCOING;BORDEAUX ST JEAN;301;14;1;;5;9.823333333;3.778205128;;3;37.64444444;11.36538462;;3;37.64444444;1;1;0.0;66.66666667;0.0;33.33333333;0.0;0.0
2020-03;National;PARIS LYON;AIX EN PROVENCE TGV;189;254;16;;90;6.906666667;2.331932773;;25;38.366;4.992717087;;25;38.366;12;4;12.0;28.0;12.0;40.0;4.0;4.0
2020-03;National;LYON PART DIEU;MARSEILLE ST CHARLES;105;250;23;;181;7.690607735;6.093245228;;29;48.99827586;7.180910426;;29;48.99827586;16;6;24.13793103;27.5862069;10.34482759;13.79310345;13.79310345;10.34482759
2020-03;International;GENEVE;PARIS LYON;193;153;10;;143;5.444638695;5.444638695;;29;38.02183908;8.675641026;;24;42.92466667;18;3;0.0;72.4137931;13.79310345;10.34482759;0.0;3.448275862
2020-03;International;LAUSANNE;PARIS LYON;212;114;9;;91;2.965201465;2.511904762;;13;49.83846154;6.419206349;;12;53.15138889;11;3;15.38461538;69.23076923;0.0;7.692307692;0.0;7.692307692
2020-03;International;PARIS LYON;BARCELONA;312;36;2;;17;6.57254902;3.1;;2;29.91666667;3.285294118;;2;29.91666667;1;0;0.0;0.0;0.0;100.0;0.0;0.0
2020-03;National;PARIS MONTPARNASSE;LE MANS;55;326;29;;235;4.078510638;3.11010101;;69;14.5178744;3.527665544;;18;31.10092593;4;2;14.49275362;40.57971014;14.49275362;20.28985507;7.246376812;2.898550725
2020-03;National;ST PIERRE DES CORPS;PARIS MONTPARNASSE;62;268;28;;194;2.829209622;2.248541667;;49;14.95918367;3.680069444;;18;25.92407407;6;0;11.9047619;35.71428571;30.95238095;9.523809524;7.142857143;4.761904762
2020-03;National;LYON PART DIEU;RENNES;235;51;4;;31;3.887634409;2.510283688;;5;33.53333333;5.75035461;;5;33.53333333;2;0;20.0;80.0;0.0;0.0;0.0;0.0
2020-03;National;MARSEILLE ST CHARLES;TOURCOING;295;17;2;;4;1.433333333;-0.011111111;;0;0.0;2.666666667;;0;0.0;0;0;0.0;0.0;0.0;0.0;0.0;0.0
2020-03;National;PARIS LYON;DIJON VILLE;97;251;26;;113;4.356342183;2.04637037;;18;35.24444444;2.736962963;;15;40.09666667;9;4;11.11111111;16.66666667;16.66666667;55.55555556;0.0;0.0
2020-03;National;PARIS MONTPARNASSE;QUIMPER;220;146;17;;96;2.820833333;1.948966408;;15;26.8;4.310077519;;15;26.8;5;0;33.33333333;46.66666667;6.666666667;0.0;13.33333333;0.0
2020-03;National;PARIS LYON;VALENCE ALIXAN TGV;135;193;15;;89;4.005430712;1.822097378;;17;37.99705882;4.207303371;;12;48.77083333;7;2;18.75;37.5;6.25;37.5;0.0;0.0
2020-03;National;VALENCE ALIXAN TGV;PARIS LYON;134;208;17;;147;4.270408163;3.207068063;;27;30.40246914;4.379581152;;22;34.54166667;10;4;34.61538462;19.23076923;15.38461538;19.23076923;7.692307692;3.846153846
2020-03;National;PARIS MONTPARNASSE;LA ROCHELLE VILLE;171;135;15;;91;1.938095238;1.359444444;;10;18.25;2.366666667;;3;29.0;2;0;0.0;30.0;30.0;30.0;0.0;10.0
2020-03;National;PARIS LYON;MACON LOCHE;95;147;16;;78;2.773717949;1.480025445;;11;23.66818182;3.996819338;;7;33.58095238;2;2;11.11111111;33.33333333;11.11111111;33.33333333;0.0;11.11111111
2020-03;National;ANGERS SAINT LAUD;PARIS MONTPARNASSE;101;299;31;;223;4.538041854;3.750621891;;70;29.2297619;8.456716418;;52;34.96185897;28;6;51.42857143;31.42857143;10.0;5.714285714;1.428571429;0.0
2020-03;National;PARIS LYON;MULHOUSE VILLE;168;194;13;;94;3.896985816;1.888766114;;33;25.93636364;5.97053407;;27;28.92592593;7;3;6.25;18.75;12.5;28.125;0.0;34.375
2020-03;National;PARIS MONTPARNASSE;NANTES;138;338;34;;246;2.794647696;2.157675439;;91;32.19304029;10.37620614;;68;38.82573529;35;10;65.55555556;14.44444444;8.888888889;5.555555556;4.444444444;1.111111111
2020-03;National;SAINT ETIENNE CHATEAUCREUX;PARIS LYON;168;63;4;;34;0.917647059;0.060169492;;9;37.57407407;6.596327684;;7;44.56904762;4;1;0.0;44.44444444;0.0;33.33333333;22.22222222;0.0
2020-03;National;TOULOUSE MATABIAU;PARIS MONTPARNASSE;271;94;9;;44;13.99772727;6.959411765;;9;35.71111111;6.875490196;;9;43.30333333;6;3;44.44444444;33.33333333;0.0;22.22222222;0.0;0.0
2020-03;National;PARIS EST;STRASBOURG;136;282;30;;217;3.734946237;3.179695767;;75;44.00466667;13.24636243;;67;47.81318408;53;14;77.04918033;6.557377049;8.196721311;4.918032787;3.278688525;0.0
2020-03;National;AIX EN PROVENCE TGV;PARIS LYON;188;241;15;;209;3.571770335;3.279719764;;16;45.77604167;3.241887906;;16;45.77604167;12;3;25.0;43.75;6.25;18.75;6.25;0.0
2020-03;National;PARIS LYON;BESANCON FRANCHE COMTE TGV;129;107;13;;50;0.754666667;0.283687943;;11;19.64393939;3.665957447;;4;31.8625;1;1;9.090909091;18.18181818;45.45454545;9.090909091;0.0;18.18181818
2020-03;National;LE CREUSOT MONTCEAU MONTCHANIN;PARIS LYON;81;134;11;;115;6.30173913;5.867479675;;21;37.50555556;5.666802168;;14;52.61666667;10;3;14.28571429;28.57142857;9.523809524;14.28571429;4.761904762;28.57142857
2020-03;National;MACON LOCHE;PARIS LYON;96;148;18;;119;7.826190476;7.139871795;;29;31.16724138;7.365641026;;21;38.85793651;14;3;11.53846154;34.61538462;30.76923077;15.38461538;7.692307692;0.0
2020-03;National;BORDEAUX ST JEAN;PARIS MONTPARNASSE;142;519;49;;192;6.77734375;2.544468085;;81;28.8600823;6.171205674;;59;34.99830508;20;7;25.3164557;40.50632911;10.12658228;12.65822785;8.860759494;2.53164557
2020-03;National;METZ;PARIS EST;88;199;22;;142;8.739788732;6.972316384;;43;31.6879845;8.662900188;;25;46.53533333;15;5;11.76470588;29.41176471;35.29411765;17.64705882;5.882352941;0.0
2020-03;International;STUTTGART;PARIS EST;173;68;7;;60;8.730277778;8.576775956;;17;29.72352941;10.22704918;;13;36.08205128;7;1;23.52941176;5.882352941;64.70588235;0.0;5.882352941;0.0
2020-03;National;PARIS LYON;LE CREUSOT MONTCEAU MONTCHANIN;80;135;10;;60;2.711666667;1.036266667;;12;22.825;2.1444;;5;42.04;2;2;8.333333333;33.33333333;8.333333333;25.0;8.333333333;16.66666667
2020-03;International;MADRID;MARSEILLE ST CHARLES;249;14;1;;4;14.89583333;3.407692308;;2;34.0;7.024358974;;2;34.0;1;0;0.0;50.0;50.0;0.0;0.0;0.0
2020-03;National;PARIS EST;REIMS;46;148;14;;126;2.91957672;2.723631841;;17;21.36666667;2.999875622;;7;36.42619048;3;1;31.25;6.25;25.0;31.25;6.25;0.0
2020-03;National;LYON PART DIEU;MARNE LA VALLEE;107;160;18;;120;5.069861111;4.253286385;;31;25.08763441;6.153638498;;20;32.18083333;9;2;6.896551724;34.48275862;24.13793103;17.24137931;10.34482759;6.896551724
2020-03;National;PERPIGNAN;PARIS LYON;311;110;9;;39;3.066666667;0.9669967;;11;28.12121212;3.595049505;;11;28.12121212;3;1;63.63636364;0.0;27.27272727;0.0;0.0;9.090909091
2020-03;International;PARIS EST;STUTTGART;181;78;6;;57;2.23245614;1.411111111;;12;32.53888889;7.799768519;;12;32.53888889;3;1;25.0;12.5;62.5;0.0;0.0;0.0
2020-03;National;PARIS MONTPARNASSE;VANNES;150;133;20;;84;4.080753968;2.885840708;;25;29.72;7.752212389;;19;34.89473684;9;1;28.0;36.0;8.0;4.0;12.0;12.0
2020-03;National;LYON PART DIEU;LILLE;189;134;15;;102;5.585947712;4.765686275;;25;27.498;6.795938375;;21;30.21349206;6;1;4.0;40.0;28.0;12.0;4.0;12.0
2020-03;National;QUIMPER;PARIS MONTPARNASSE;225;141;15;;95;1.507192982;1.136375661;;12;25.76666667;4.439814815;;12;25.76666667;3;0;25.0;41.66666667;16.66666667;16.66666667;0.0;0.0
2020-03;National;NANCY;PARIS EST;95;205;22;;158;2.26835443;1.930783242;;16;30.38125;3.369672131;;11;38.95909091;5;2;43.75;12.5;18.75;12.5;12.5;0.0
2020-03;National;LYON PART DIEU;MONTPELLIER;113;116;10;;87;7.205363985;5.875;;19;25.24736842;5.10581761;;12;33.08333333;5;1;21.05263158;42.10526316;15.78947368;5.263157895;10.52631579;5.263157895
2020-03;National;PARIS MONTPARNASSE;ST MALO;155;61;8;;42;4.284920635;3.282704403;;6;52.30555556;6.091823899;;4;72.89583333;4;2;50.0;16.66666667;16.66666667;0.0;16.66666667;0.0
2020-03;National;DOUAI;PARIS NORD;83;89;11;;74;2.484684685;2.351495726;;21;11.35873016;3.197649573;;2;30.425;1;0;10.52631579;36.84210526;42.10526316;5.263157895;5.263157895;0.0
2020-03;National;GRENOBLE;PARIS LYON;180;125;9;;16;24.06979167;3.319971264;;13;33.15897436;4.13433908;;9;42.30555556;7;2;7.692307692;38.46153846;23.07692308;23.07692308;7.692307692;0.0
2020-03;National;PARIS LYON;TOULON;247;119;11;;42;7.481746032;2.61882716;;16;45.95104167;9.404166667;;16;45.95104167;11;3;25.0;50.0;0.0;18.75;6.25;0.0
2020-03;National;TOULON;PARIS LYON;248;132;10;;104;3.816346154;3.214344262;;9;55.75;4.887021858;;9;55.75;6;3;33.33333333;33.33333333;22.22222222;11.11111111;0.0;0.0
2020-03;National;MONTPELLIER;LYON PART DIEU;115;97;9;;76;3.521491228;3.013825758;;8;24.07083333;3.084848485;;6;28.05833333;2;0;12.5;37.5;12.5;25.0;12.5;0.0
2020-03;National;NANTES;STRASBOURG;325;16;2;;13;1.501282051;1.361904762;;6;61.58611111;27.48928571;;6;61.58611111;6;2;60.0;20.0;0.0;20.0;0.0;0.0
2020-03;National;BESANCON FRANCHE COMTE TGV;PARIS LYON;132;121;12;;81;3.077160494;2.129816514;;8;35.81875;2.152599388;;6;43.58055556;3;2;37.5;50.0;0.0;0.0;12.5;0.0
2020-03;National;PARIS LYON;NICE VILLE;360;95;8;;35;4.602380952;1.565517241;;9;42.46666667;5.472222222;;9;42.46666667;7;2;33.33333333;55.55555556;0.0;11.11111111;0.0;0.0
2020-03;International;PARIS EST;FRANCFORT;210;93;7;;64;4.020833333;2.857364341;;27;33.34012346;15.38565891;;26;38.00733333;12;4;25.0;20.0;30.0;10.0;10.0;5.0
2020-03;International;PARIS LYON;ITALIE;375;51;4;;20;4.445;1.612411348;;4;66.22916667;5.377304965;;4;66.22916667;2;2;0.0;66.66666667;0.0;0.0;33.33333333;0.0
2020-03;National;LYON PART DIEU;PARIS LYON;120;403;31;;258;3.906976744;2.654166667;;48;34.33333333;4.603360215;;33;44.49242424;20;5;12.5;37.5;6.25;12.5;10.41666667;20.83333333
2020-03;International;ITALIE;PARIS LYON;386;53;3;;42;5.494047619;4.577666667;;9;31.58333333;7.431333333;;7;37.25;4;1;12.5;12.5;50.0;25.0;0.0;0.0
2020-03;National;PARIS MONTPARNASSE;ANGERS SAINT LAUD;99;294;27;;223;2.763976084;2.217041199;;65;27.34512821;6.515543071;;43;35.42286822;19;7;67.69230769;16.92307692;4.615384615;4.615384615;6.153846154;0.0
2020-03;National;LAVAL;PARIS MONTPARNASSE;87;145;14;;86;3.41375969;2.128880407;;25;14.38333333;3.741475827;;10;23.90666667;2;0;9.090909091;50.0;22.72727273;9.090909091;9.090909091;0.0
2020-03;National;MARSEILLE ST CHARLES;LILLE;283;109;9;;42;5.926190476;2.191166667;;19;38.20789474;8.740166667;;19;38.20789474;8;3;10.52631579;36.84210526;21.05263158;21.05263158;5.263157895;5.263157895
2020-03;National;PARIS LYON;GRENOBLE;185;132;10;;44;3.968939394;1.155874317;;14;34.28571429;3.762295082;;14;34.28571429;5;2;7.142857143;35.71428571;14.28571429;28.57142857;14.28571429;0.0
2020-03;National;TOURS;PARIS MONTPARNASSE;76;106;11;;41;0.922357724;0.254385965;;14;14.36428571;2.992807018;;5;25.58;2;0;18.18181818;36.36363636;36.36363636;0.0;9.090909091;0.0
2020-03;National;PARIS MONTPARNASSE;BORDEAUX ST JEAN;146;501;55;;348;2.989367816;2.204596413;;77;24.00324675;5.401457399;;51;30.38823529;18;3;14.66666667;38.66666667;17.33333333;14.66666667;10.66666667;4.0
2020-03;National;MARSEILLE ST CHARLES;LYON PART DIEU;105;242;21;;116;3.720977011;1.745399698;;14;26.30952381;2.155580694;;12;28.68055556;5;1;21.42857143;14.28571429;14.28571429;42.85714286;0.0;7.142857143
2020-03;National;PARIS MONTPARNASSE;ANGOULEME;128;195;17;;141;3.382624113;2.526779026;;18;21.63425926;3.645599251;;10;29.285;3;0;11.11111111;16.66666667;11.11111111;27.77777778;22.22222222;11.11111111
2020-03;National;MARNE LA VALLEE;LYON PART DIEU;108;197;21;;172;10.28158915;10.04488636;;47;30.6893617;9.332007576;;30;41.39388889;16;3;4.255319149;31.91489362;8.510638298;21.27659574;23.40425532;10.63829787
2020-03;National;PARIS LYON;NIMES;182;125;10;;45;4.206666667;1.374492754;;8;44.02916667;3.370289855;;8;44.02916667;4;2;0.0;50.0;0.0;50.0;0.0;0.0
2020-03;National;ST MALO;PARIS MONTPARNASSE;158;50;4;;40;1.520416667;1.266304348;;4;14.69166667;3.098913043;;1;20.23333333;0;0;75.0;0.0;0.0;0.0;25.0;0.0
2020-03;National;REIMS;PARIS EST;46;163;20;;97;1.300343643;0.83974359;;25;15.086;3.928205128;;5;41.43;2;2;16.66666667;20.83333333;29.16666667;25.0;8.333333333;0.0
2020-03;National;LILLE;MARSEILLE ST CHARLES;298;117;12;;53;4.732389937;2.227460317;;20;53.02666667;11.01396825;;20;53.02666667;10;4;10.0;45.0;10.0;20.0;10.0;5.0
2020-03;National;PARIS MONTPARNASSE;RENNES;98;432;55;;296;2.713851351;2.013527851;;65;23.68615385;4.730150309;;38;33.46578947;12;3;17.46031746;38.0952381;15.87301587;12.6984127;14.28571429;1.587301587
2020-03;National;DIJON VILLE;PARIS LYON;98;253;23;;182;4.655311355;3.640507246;;17;44.90588235;2.995652174;;13;54.93974359;9;4;29.41176471;35.29411765;11.76470588;11.76470588;5.882352941;5.882352941
2020-03;National;VANNES;PARIS MONTPARNASSE;159;142;16;;84;1.747420635;1.16494709;;16;19.70729167;4.772619048;;12;30.45;4;0;37.5;31.25;18.75;6.25;0.0;6.25
2020-03;International;ZURICH;PARIS LYON;213;129;6;;122;3.358743169;3.328319783;;13;30.05897436;3.940650407;;13;39.26527778;5;1;0.0;7.692307692;23.07692308;15.38461538;15.38461538;38.46153846
2020-03;National;NIMES;PARIS LYON;181;143;11;;102;5.634150327;4.292171717;;18;36.84814815;5.331944444;;17;38.41764706;7;4;41.17647059;5.882352941;17.64705882;29.41176471;0.0;5.882352941
2020-03;National;PARIS LYON;PERPIGNAN;308;111;9;;47;3.187234043;1.269117647;;7;56.27380952;2.165686275;;7;56.27380952;5;2;28.57142857;14.28571429;28.57142857;28.57142857;0.0;0.0
2020-03;International;PARIS LYON;GENEVE;187;151;9;;73;4.676940639;2.244483568;;46;31.12934783;12.12018779;;46;31.12934783;17;5;0.0;79.54545455;9.090909091;6.818181818;2.272727273;2.272727273
2020-03;National;STRASBOURG;NANTES;345;12;2;;8;3.316666667;2.611666667;;3;49.25555556;13.76166667;;3;49.25555556;3;0;100.0;0.0;0.0;0.0;0.0;0.0
2020-03;National;PARIS LYON;MARSEILLE ST CHARLES;201;338;22;;122;4.467349727;1.44878692;;24;36.36388889;3.985495781;;24;36.36388889;10;3;16.66666667;41.66666667;12.5;29.16666667;0.0;0.0
2020-03;National;PARIS MONTPARNASSE;BREST;220;160;17;;114;2.934356725;2.22016317;;16;38.1875;5.195804196;;16;38.1875;10;1;50.0;31.25;6.25;6.25;6.25;0.0
2020-03;National;PARIS MONTPARNASSE;TOULOUSE MATABIAU;263;105;10;;75;3.477333333;2.63754386;;20;37.46416667;8.571403509;;20;37.46416667;13;4;15.0;60.0;10.0;15.0;0.0;0.0
2020-03;International;BARCELONA;PARIS LYON;308;40;2;;7;1.345238095;-1.851754386;;5;27.55666667;4.212719298;;5;27.55666667;2;0;60.0;0.0;20.0;0.0;0.0;20.0
2020-03;National;PARIS MONTPARNASSE;TOURS;72;123;10;;88;3.379166667;2.379498525;;12;22.39305556;2.850884956;;5;41.79333333;3;1;18.18181818;18.18181818;27.27272727;36.36363636;0.0;0.0
2020-03;National;PARIS EST;NANCY;96;192;24;;158;4.47278481;4.193253968;;18;57.86111111;6.438392857;;13;74.89230769;9;5;33.33333333;0.0;13.33333333;26.66666667;26.66666667;0.0
2020-03;National;PARIS NORD;DOUAI;71;84;12;;71;1.883568075;1.854398148;;17;12.24509804;3.096064815;;2;35.975;1;0;0.0;25.0;25.0;25.0;25.0;0.0
2020-03;National;PARIS NORD;LILLE;65;403;43;;345;2.072560386;1.980740741;;43;16.24806202;1.597777778;;15;29.81333333;6;0;2.564102564;30.76923077;23.07692308;25.64102564;12.82051282;5.128205128
2020-03;National;PARIS LYON;ANNECY;223;96;7;;48;2.587152778;1.207490637;;9;32.16666667;5.359550562;;9;32.16666667;3;2;11.11111111;22.22222222;22.22222222;22.22222222;22.22222222;0.0
2020-03;National;PARIS LYON;MONTPELLIER;211;125;10;;45;4.206666667;1.371594203;;8;45.425;4.323043478;;8;45.425;5;2;12.5;37.5;0.0;50.0;0.0;0.0
2020-03;National;MONTPELLIER;PARIS LYON;209;142;11;;110;5.147727273;4.280788804;;17;38.41764706;5.400381679;;17;38.41764706;7;4;41.17647059;5.882352941;17.64705882;29.41176471;0.0;5.882352941
2020-03;National;NICE VILLE;PARIS LYON;360;99;8;;67;3.652985075;2.614285714;;8;57.73958333;6.266483516;;8;57.73958333;5;3;37.5;25.0;25.0;12.5;0.0;0.0
2020-03;National;PARIS MONTPARNASSE;LAVAL;83;161;16;;111;2.406456456;1.715517241;;22;14.77651515;2.596781609;;3;47.17777778;2;1;14.28571429;28.57142857;23.80952381;14.28571429;9.523809524;9.523809524
2020-03;National;PARIS EST;METZ;86;205;23;;156;5.223611111;4.439194139;;30;26.70888889;4.036996337;;21;34.67698413;8;3;29.16666667;12.5;4.166666667;33.33333333;20.83333333;0.0
2020-03;National;STRASBOURG;PARIS EST;137;261;34;;205;6.682520325;6.007856094;;76;45.83596491;16.48994126;;68;49.72254902;49;16;68.25396825;9.523809524;15.87301587;1.587301587;4.761904762;0.0
2020-03;National;PARIS LYON;CHAMBERY CHALLES LES EAUX;184;138;21;;56;6.608333333;2.914245014;;17;35.16862745;5.93034188;;13;42.46025641;6;3;18.75;18.75;12.5;25.0;25.0;0.0
2020-03;International;FRANCFORT;PARIS EST;207;92;9;;75;3.835555556;3.452409639;;18;36.6537037;10.94317269;;15;41.52111111;9;2;50.0;0.0;44.44444444;0.0;5.555555556;0.0
2020-04;National;PARIS NORD;DOUAI;0;0;12;;0;0.0;0.0;;0;0.0;0.0;;0;0.0;0;0;0.0;0.0;0.0;0.0;0.0;0.0
2020-04;International;PARIS EST;FRANCFORT;0;0;12;;0;0.0;0.0;;0;0.0;0.0;;0;0.0;0;0;0.0;0.0;0.0;0.0;0.0;0.0
2020-04;National;NANTES;STRASBOURG;0;0;2;;0;0.0;0.0;;0;0.0;0.0;;0;0.0;0;0;0.0;0.0;0.0;0.0;0.0;0.0
2020-04;National;MONTPELLIER;PARIS LYON;207;34;13;;21;7.857142857;7.857142857;;4;21.4625;6.967460317;;4;21.4625;0;0;0.0;25.0;0.0;0.0;0.0;75.0
2020-04;International;PARIS LYON;GENEVE;0;0;9;;0;0.0;0.0;;0;0.0;0.0;;0;0.0;0;0;0.0;0.0;0.0;0.0;0.0;0.0
2020-04;National;NANCY;PARIS EST;89;27;22;;5;1.176666667;1.176666667;;1;5.266666667;2.063333333;;0;0.0;0;0;0.0;0.0;100.0;0.0;0.0;0.0
2020-04;National;LYON PART DIEU;MARNE LA VALLEE;0;0;19;;0;0.0;0.0;;0;0.0;0.0;;0;0.0;0;0;0.0;0.0;0.0;0.0;0.0;0.0
2020-04;National;PARIS LYON;AIX EN PROVENCE TGV;0;0;17;;0;0.0;0.0;;0;0.0;0.0;;0;0.0;0;0;0.0;0.0;0.0;0.0;0.0;0.0
2020-04;National;DIJON VILLE;PARIS LYON;102;50;22;;26;14.8224359;13.71130952;;9;20.56666667;7.189880952;;6;24.54722222;2;0;0.0;44.44444444;0.0;22.22222222;11.11111111;22.22222222
2020-04;National;MARSEILLE ST CHARLES;LYON PART DIEU;107;39;21;;6;0.716666667;-0.040740741;;0;0.0;3.906481481;;0;0.0;0;0;0.0;0.0;0.0;0.0;0.0;0.0
2020-04;National;PARIS MONTPARNASSE;BORDEAUX ST JEAN;153;92;55;;35;7.185238095;6.765765766;;20;22.67666667;15.25;;15;25.15882353;3;0;5.555555556;94.44444444;0.0;0.0;0.0;0.0
2020-04;National;GRENOBLE;PARIS LYON;0;0;9;;0;0.0;0.0;;0;0.0;0.0;;0;0.0;0;0;0.0;0.0;0.0;0.0;0.0;0.0
2020-04;International;PARIS LYON;ZURICH;231;24;7;;4;0.216666667;-0.999019608;;6;26.46944444;37.83823529;;20;58.82878788;12;0;0.0;66.66666667;0.0;0.0;0.0;33.33333333
2020-04;National;PARIS MONTPARNASSE;ST MALO;0;0;8;;0;0.0;0.0;;0;0.0;0.0;;0;0.0;0;0;0.0;0.0;0.0;0.0;0.0;0.0
2020-04;National;MARNE LA VALLEE;MARSEILLE ST CHARLES;0;0;14;;0;0.0;0.0;;0;0.0;0.0;;0;0.0;0;0;0.0;0.0;0.0;0.0;0.0;0.0
2020-04;National;PARIS LYON;BELLEGARDE (AIN);0;0;15;;0;0.0;0.0;;0;0.0;0.0;;0;0.0;0;0;0.0;0.0;0.0;0.0;0.0;0.0
2020-04;National;NIMES;PARIS LYON;179;34;13;;19;8.55877193;7.71984127;;9;18.4537037;9.10952381;;5;23.0;0;0;11.11111111;44.44444444;0.0;11.11111111;0.0;33.33333333
2020-04;International;FRANCFORT;PARIS EST;0;0;12;;0;0.0;0.0;;0;0.0;0.0;;0;0.0;0;0;0.0;0.0;0.0;0.0;0.0;0.0
2020-04;National;PARIS MONTPARNASSE;TOURS;0;0;9;;0;0.0;0.0;;0;0.0;0.0;;0;0.0;0;0;0.0;0.0;0.0;0.0;0.0;0.0
2020-04;National;PARIS NORD;ARRAS;56;86;40;;42;1.668650794;1.49384058;;9;9.531481481;1.788043478;;1;20.03333333;0;0;22.22222222;66.66666667;0.0;11.11111111;0.0;0.0
2020-04;National;DUNKERQUE;PARIS NORD;0;0;15;;0;0.0;0.0;;0;0.0;0.0;;0;0.0;0;0;0.0;0.0;0.0;0.0;0.0;0.0
2020-04;National;MARSEILLE ST CHARLES;TOURCOING;0;0;1;;0;0.0;0.0;;0;0.0;0.0;;0;0.0;0;0;0.0;0.0;0.0;0.0;0.0;0.0
2020-04;National;PARIS LYON;MONTPELLIER;208;30;11;;4;0.6125;-0.178947368;;1;31.78333333;1.318421053;;1;31.78333333;1;0;0.0;100.0;0.0;0.0;0.0;0.0
2020-04;National;LYON PART DIEU;LILLE;193;43;16;;21;2.465873016;1.87962963;;1;43.35;-6.30617284;;1;43.35;1;0;0.0;100.0;0.0;0.0;0.0;0.0
2020-04;National;MARSEILLE ST CHARLES;MARNE LA VALLEE;0;0;13;;0;0.0;0.0;;0;0.0;0.0;;0;0.0;0;0;0.0;0.0;0.0;0.0;0.0;0.0
2020-04;National;VALENCE ALIXAN TGV;PARIS LYON;133;41;19;;20;8.483333333;7.690151515;;8;17.11666667;7.328030303;;4;21.4625;0;0;12.5;50.0;0.0;0.0;0.0;37.5
2020-04;National;PARIS LYON;LE CREUSOT MONTCEAU MONTCHANIN;88;42;8;;5;3.176666667;-0.082843137;;2;7.333333333;-1.926960784;;0;0.0;0;0;0.0;0.0;0.0;100.0;0.0;0.0
2020-04;National;PARIS LYON;TOULON;0;0;13;;0;0.0;0.0;;0;0.0;0.0;;0;0.0;0;0;0.0;0.0;0.0;0.0;0.0;0.0
2020-04;National;LAVAL;PARIS MONTPARNASSE;71;31;15;;10;13.72666667;8.470833333;;9;22.83888889;14.659375;;3;47.46111111;2;1;11.11111111;66.66666667;0.0;0.0;11.11111111;11.11111111
2020-04;National;ANNECY;PARIS LYON;0;0;7;;0;0.0;0.0;;0;0.0;0.0;;0;0.0;0;0;0.0;0.0;0.0;0.0;0.0;0.0
2020-04;National;LYON PART DIEU;MARSEILLE ST CHARLES;108;40;24;;14;1.007142857;0.864583333;;1;20.43333333;-0.578125;;1;20.43333333;0;0;0.0;0.0;0.0;0.0;0.0;100.0
2020-04;National;RENNES;PARIS MONTPARNASSE;101;89;49;;20;5.948333333;2.869166667;;19;17.37807018;12.06208333;;7;33.88809524;2;1;6.25;81.25;0.0;0.0;6.25;6.25
2020-04;National;PARIS EST;REIMS;46;66;15;;47;1.203546099;1.096405229;;1;13.66666667;0.442156863;;0;0.0;0;0;0.0;0.0;100.0;0.0;0.0;0.0
2020-04;National;BREST;PARIS MONTPARNASSE;242;30;14;;8;1.314583333;0.657291667;;1;16.5;7.226041667;;1;16.5;0;0;0.0;100.0;0.0;0.0;0.0;0.0
2020-04;National;PARIS MONTPARNASSE;POITIERS;86;47;32;;13;4.791025641;4.075555556;;9;24.83148148;15.10444444;;7;28.41904762;2;0;11.11111111;88.88888889;0.0;0.0;0.0;0.0
2020-04;National;PARIS NORD;DUNKERQUE;0;0;14;;0;0.0;0.0;;0;0.0;0.0;;0;0.0;0;0;0.0;0.0;0.0;0.0;0.0;0.0
2020-04;National;LYON PART DIEU;PARIS LYON;124;86;29;;52;5.367948718;4.881871345;;13;19.5474359;5.922807018;;8;24.16666667;2;0;7.692307692;30.76923077;0.0;7.692307692;0.0;53.84615385
2020-04;National;ST MALO;PARIS MONTPARNASSE;0;0;4;;0;0.0;0.0;;0;0.0;0.0;;0;0.0;0;0;0.0;0.0;0.0;0.0;0.0;0.0
2020-04;National;PARIS MONTPARNASSE;ST PIERRE DES CORPS;58;37;30;;7;5.073809524;5.073809524;;6;12.3;11.20952381;;1;23.78333333;0;0;0.0;100.0;0.0;0.0;0.0;0.0
2020-04;National;BORDEAUX ST JEAN;PARIS MONTPARNASSE;152;107;51;;31;2.134408602;0.960119048;;42;18.36388889;17.79107143;;28;24.05333333;5;0;2.702702703;97.2972973;0.0;0.0;0.0;0.0
2020-04;National;PARIS MONTPARNASSE;LE MANS;54;60;29;;28;8.739880952;7.853763441;;31;15.00053763;15.00053763;;13;21.79102564;1;0;6.666666667;93.33333333;0.0;0.0;0.0;0.0
2020-04;National;NANTES;PARIS MONTPARNASSE;147;79;34;;19;4.085087719;1.487777778;;22;14.32424242;11.20259259;;8;18.925;1;0;0.0;100.0;0.0;0.0;0.0;0.0
2020-04;National;TOULOUSE MATABIAU;PARIS MONTPARNASSE;264;35;9;;20;1.956666667;1.434615385;;16;21.34479167;17.17371795;;16;21.34479167;2;0;6.25;93.75;0.0;0.0;0.0;0.0
2020-04;National;LILLE;PARIS NORD;91;84;41;;35;1.387142857;1.09379845;;8;12.87083333;3.2;;2;21.61666667;0;0;12.5;87.5;0.0;0.0;0.0;0.0
2020-04;National;PARIS LYON;MACON LOCHE;111;36;12;;4;3.820833333;0.063888889;;1;24.13333333;3.18125;;1;24.13333333;0;0;0.0;0.0;0.0;0.0;0.0;0.0
2020-04;National;ARRAS;PARIS NORD;58;82;36;;33;2.881313131;2.021376812;;13;11.15641026;3.525362319;;2;21.61666667;0;0;7.692307692;92.30769231;0.0;0.0;0.0;0.0
2020-04;National;PARIS LYON;VALENCE ALIXAN TGV;132;34;16;;4;0.6125;-0.152777778;;0;0.0;2.062962963;;0;0.0;0;0;0.0;0.0;0.0;0.0;0.0;0.0
2020-04;National;PARIS MONTPARNASSE;BREST;219;37;18;;18;6.382407407;6.036842105;;2;58.0;5.894736842;;2;58.0;1;1;0.0;100.0;0.0;0.0;0.0;0.0
2020-04;National;BORDEAUX ST JEAN;TOURCOING;0;0;1;;0;0.0;0.0;;0;0.0;0.0;;0;0.0;0;0;0.0;0.0;0.0;0.0;0.0;0.0
2020-04;National;PARIS LYON;NIMES;178;30;11;;4;0.6125;-0.178947368;;2;24.9;4.84122807;;1;35.55;1;0;0.0;100.0;0.0;0.0;0.0;0.0
2020-04;International;ITALIE;PARIS LYON;0;0;3;;0;0.0;0.0;;0;0.0;0.0;;0;0.0;0;0;0.0;0.0;0.0;0.0;0.0;0.0
2020-04;International;LAUSANNE;PARIS LYON;0;0;9;;0;0.0;0.0;;0;0.0;0.0;;0;0.0;0;0;0.0;0.0;0.0;0.0;0.0;0.0
2020-04;National;PARIS EST;NANCY;96;49;22;;24;1.120833333;0.980864198;;0;0.0;-0.898765432;;0;0.0;0;0;0.0;0.0;0.0;0.0;0.0;0.0
2020-04;National;PARIS NORD;LILLE;85;92;44;;44;1.632954545;1.468402778;;5;9.993333333;-0.058333333;;1;17.05;0;0;20.0;80.0;0.0;0.0;0.0;0.0
2020-04;National;MARNE LA VALLEE;LYON PART DIEU;0;0;21;;0;0.0;0.0;;0;0.0;0.0;;0;0.0;0;0;0.0;0.0;0.0;0.0;0.0;0.0
2020-04;National;LE CREUSOT MONTCEAU MONTCHANIN;PARIS LYON;82;30;10;;15;4.683333333;3.401666667;;5;11.64;-1.1975;;1;16.15;0;0;0.0;100.0;0.0;0.0;0.0;0.0
2020-04;National;MACON LOCHE;PARIS LYON;102;41;16;;17;6.390196078;4.13;;5;19.95333333;1.885333333;;3;24.55;1;0;20.0;80.0;0.0;0.0;0.0;0.0
2020-04;National;TOURS;PARIS MONTPARNASSE;0;0;11;;0;0.0;0.0;;0;0.0;0.0;;0;0.0;0;0;0.0;0.0;0.0;0.0;0.0;0.0
2020-04;National;BELLEGARDE (AIN);PARIS LYON;0;0;14;;0;0.0;0.0;;0;0.0;0.0;;0;0.0;0;0;0.0;0.0;0.0;0.0;0.0;0.0
2020-04;National;PARIS LYON;BESANCON FRANCHE COMTE TGV;130;21;12;;2;8.208333333;1.242592593;;1;10.86666667;4.375925926;;0;0.0;0;0;0.0;0.0;0.0;0.0;100.0;0.0
2020-04;National;PARIS LYON;MULHOUSE VILLE;173;34;15;;6;2.880555556;0.420175439;;10;29.235;16.05263158;;10;29.235;4;0;10.0;40.0;0.0;0.0;0.0;50.0
2020-04;National;MULHOUSE VILLE;PARIS LYON;184;39;12;;24;11.99930556;10.61975309;;6;24.54722222;7.039506173;;6;24.54722222;2;0;0.0;50.0;0.0;16.66666667;16.66666667;16.66666667
2020-04;National;PARIS MONTPARNASSE;QUIMPER;248;35;17;;13;6.534615385;4.626851852;;0;0.0;1.611111111;;0;0.0;0;0;0.0;0.0;0.0;0.0;0.0;0.0
2020-04;National;PARIS MONTPARNASSE;VANNES;166;37;20;;12;6.45;4.454901961;;3;17.66666667;4.470588235;;2;19.5;0;0;33.33333333;66.66666667;0.0;0.0;0.0;0.0
2020-04;National;MARSEILLE ST CHARLES;PARIS LYON;201;50;22;;21;6.223809524;4.580952381;;2;23.98333333;3.911309524;;2;23.98333333;0;0;0.0;50.0;0.0;0.0;0.0;50.0
2020-04;National;METZ;PARIS EST;88;44;20;;19;0.472807018;0.346527778;;2;19.05833333;3.367361111;;2;19.05833333;0;0;0.0;0.0;100.0;0.0;0.0;0.0
2020-04;National;AVIGNON TGV;PARIS LYON;164;49;21;;17;4.435294118;2.511904762;;6;16.12777778;3.911309524;;2;23.98333333;0;0;0.0;50.0;0.0;0.0;0.0;50.0
2020-04;National;PARIS MONTPARNASSE;ANGERS SAINT LAUD;104;63;27;;33;7.573737374;6.90787037;;14;16.90714286;9.19212963;;10;19.06166667;0;0;7.142857143;92.85714286;0.0;0.0;0.0;0.0
2020-04;National;PARIS MONTPARNASSE;LAVAL;73;35;17;;13;6.534615385;4.626851852;;14;12.90833333;10.52592593;;3;25.8;1;0;7.142857143;92.85714286;0.0;0.0;0.0;0.0
2020-04;National;PARIS MONTPARNASSE;NANTES;144;67;34;;31;7.655913978;7.17020202;;14;17.73690476;9.593434343;;9;21.01481481;0;0;7.142857143;92.85714286;0.0;0.0;0.0;0.0
2020-04;National;NICE VILLE;PARIS LYON;0;0;12;;0;0.0;0.0;;0;0.0;0.0;;0;0.0;0;0;0.0;0.0;0.0;0.0;0.0;0.0
2020-04;National;PERPIGNAN;PARIS LYON;0;0;10;;0;0.0;0.0;;0;0.0;0.0;;0;0.0;0;0;0.0;0.0;0.0;0.0;0.0;0.0
2020-04;National;TOULON;PARIS LYON;0;0;14;;0;0.0;0.0;;0;0.0;0.0;;0;0.0;0;0;0.0;0.0;0.0;0.0;0.0;0.0
2020-04;International;BARCELONA;PARIS LYON;0;0;2;;0;0.0;0.0;;0;0.0;0.0;;0;0.0;0;0;0.0;0.0;0.0;0.0;0.0;0.0
2020-04;National;ANGOULEME;PARIS MONTPARNASSE;118;39;14;;15;1.66;0.861333333;;18;18.3037037;15.338;;7;28.20714286;3;0;0.0;100.0;0.0;0.0;0.0;0.0
2020-04;National;LILLE;MARSEILLE ST CHARLES;0;0;13;;0;0.0;0.0;;0;0.0;0.0;;0;0.0;0;0;0.0;0.0;0.0;0.0;0.0;0.0
2020-04;National;PARIS MONTPARNASSE;ANGOULEME;138;31;16;;13;4.791025641;4.075555556;;2;26.46666667;5.704444444;;2;26.46666667;0;0;50.0;50.0;0.0;0.0;0.0;0.0
2020-04;National;PARIS LYON;AVIGNON TGV;160;28;19;;1;19.85;1.735185185;;2;15.825;5.109259259;;1;19.16666667;0;0;0.0;50.0;0.0;0.0;0.0;50.0
2020-04;National;MONTPELLIER;LYON PART DIEU;113;28;10;;17;2.766666667;2.597222222;;0;0.0;4.413888889;;0;0.0;0;0;0.0;0.0;0.0;0.0;0.0;0.0
2020-04;National;STRASBOURG;PARIS EST;172;41;38;;3;10.52222222;10.52222222;;2;38.81666667;83.38888889;;4;83.38888889;3;2;0.0;100.0;0.0;0.0;0.0;0.0
2020-04;National;DOUAI;PARIS NORD;75;30;11;;12;4.516666667;2.807894737;;5;12.72;3.785964912;;2;21.61666667;0;0;20.0;80.0;0.0;0.0;0.0;0.0
2020-04;National;TOURCOING;BORDEAUX ST JEAN;0;0;2;;0;0.0;0.0;;0;0.0;0.0;;0;0.0;0;0;0.0;0.0;0.0;0.0;0.0;0.0
2020-04;International;STUTTGART;PARIS EST;106;8;7;;1;4.416666667;4.416666667;;1;61.81666667;61.81666667;;1;61.81666667;1;1;0.0;0.0;0.0;0.0;0.0;0.0
2020-04;International;MADRID;MARSEILLE ST CHARLES;0;0;1;;0;0.0;0.0;;0;0.0;0.0;;0;0.0;0;0;0.0;0.0;0.0;0.0;0.0;0.0
2020-04;International;MARSEILLE ST CHARLES;MADRID;0;0;1;;0;0.0;0.0;;0;0.0;0.0;;0;0.0;0;0;0.0;0.0;0.0;0.0;0.0;0.0
2020-04;National;PARIS LYON;PERPIGNAN;0;0;11;;0;0.0;0.0;;0;0.0;0.0;;0;0.0;0;0;0.0;0.0;0.0;0.0;0.0;0.0
2020-04;National;PARIS MONTPARNASSE;LA ROCHELLE VILLE;0;0;15;;0;0.0;0.0;;0;0.0;0.0;;0;0.0;0;0;0.0;0.0;0.0;0.0;0.0;0.0
2020-04;National;PARIS MONTPARNASSE;TOULOUSE MATABIAU;251;29;9;;20;6.814166667;6.814166667;;8;20.075;12.3925;;8;20.075;1;0;0.0;100.0;0.0;0.0;0.0;0.0
2020-04;National;BESANCON FRANCHE COMTE TGV;PARIS LYON;135;37;10;;27;13.09567901;13.09567901;;8;21.73125;7.039506173;;6;24.54722222;2;0;0.0;37.5;0.0;25.0;12.5;25.0
2020-04;National;PARIS LYON;CHAMBERY CHALLES LES EAUX;0;0;15;;0;0.0;0.0;;0;0.0;0.0;;0;0.0;0;0;0.0;0.0;0.0;0.0;0.0;0.0
2020-04;National;PARIS LYON;LYON PART DIEU;132;75;28;;11;3.553030303;0.365957447;;4;14.63333333;3.496099291;;1;21.63333333;0;0;0.0;0.0;0.0;0.0;0.0;100.0
2020-04;International;ZURICH;PARIS LYON;381;9;7;;1;16.11666667;7.625;;1;11.25;22.825;;0;34.4;0;0;0.0;100.0;0.0;0.0;0.0;0.0
2020-04;National;LYON PART DIEU;RENNES;0;0;4;;0;0.0;0.0;;0;0.0;0.0;;0;0.0;0;0;0.0;0.0;0.0;0.0;0.0;0.0
2020-04;International;PARIS EST;STUTTGART;143;10;6;;4;0.904166667;0.904166667;;0;0.0;1.075;;0;0.0;0;0;0.0;0.0;0.0;0.0;0.0;0.0
2020-04;National;ANGERS SAINT LAUD;PARIS MONTPARNASSE;105;81;28;;46;2.569927536;2.211320755;;26;14.8724359;11.32578616;;11;18.90454545;1;0;0.0;100.0;0.0;0.0;0.0;0.0
2020-04;National;QUIMPER;PARIS MONTPARNASSE;233;28;14;;7;9.664285714;4.832142857;;3;47.46111111;16.24285714;;3;47.46111111;2;1;33.33333333;33.33333333;0.0;0.0;0.0;33.33333333
2020-04;National;STRASBOURG;NANTES;0;0;2;;0;0.0;0.0;;0;0.0;0.0;;0;0.0;0;0;0.0;0.0;0.0;0.0;0.0;0.0
2020-04;International;PARIS LYON;LAUSANNE;0;0;7;;0;0.0;0.0;;0;0.0;0.0;;0;0.0;0;0;0.0;0.0;0.0;0.0;0.0;0.0
2020-04;National;PARIS LYON;NICE VILLE;0;0;9;;0;0.0;0.0;;0;0.0;0.0;;0;0.0;0;0;0.0;0.0;0.0;0.0;0.0;0.0
2020-04;National;SAINT ETIENNE CHATEAUCREUX;PARIS LYON;0;0;4;;0;0.0;0.0;;0;0.0;0.0;;0;0.0;0;0;0.0;0.0;0.0;0.0;0.0;0.0
2020-04;National;ST PIERRE DES CORPS;PARIS MONTPARNASSE;49;37;29;;8;11.1625;11.1625;;8;24.79583333;24.79583333;;6;30.4;3;0;0.0;100.0;0.0;0.0;0.0;0.0
2020-04;National;REIMS;PARIS EST;46;24;20;;1;0.45;0.058333333;;0;0.0;0.908333333;;0;0.0;0;0;0.0;0.0;0.0;0.0;0.0;0.0
2020-04;International;GENEVE;PARIS LYON;0;0;10;;0;0.0;0.0;;0;0.0;0.0;;0;0.0;0;0;0.0;0.0;0.0;0.0;0.0;0.0
2020-04;National;POITIERS;PARIS MONTPARNASSE;77;50;25;;19;2.68245614;1.914666667;;24;15.72083333;15.30466667;;7;28.20714286;3;0;0.0;100.0;0.0;0.0;0.0;0.0
2020-04;National;PARIS EST;METZ;83;46;23;;21;0.619047619;0.516666667;;0;0.0;-1.134057971;;0;0.0;0;0;0.0;0.0;0.0;0.0;0.0;0.0
2020-04;National;LILLE;LYON PART DIEU;176;42;19;;16;0.935416667;0.605072464;;2;15.63333333;2.114492754;;2;15.63333333;0;0;0.0;100.0;0.0;0.0;0.0;0.0
2020-04;National;CHAMBERY CHALLES LES EAUX;PARIS LYON;0;0;13;;0;0.0;0.0;;0;0.0;0.0;;0;0.0;0;0;0.0;0.0;0.0;0.0;0.0;0.0
2020-04;International;PARIS LYON;ITALIE;0;0;4;;0;0.0;0.0;;0;0.0;0.0;;0;0.0;0;0;0.0;0.0;0.0;0.0;0.0;0.0
2020-04;National;RENNES;LYON PART DIEU;0;0;4;;0;0.0;0.0;;0;0.0;0.0;;0;0.0;0;0;0.0;0.0;0.0;0.0;0.0;0.0
2020-04;National;PARIS EST;STRASBOURG;178;40;35;;5;1.253333333;1.253333333;;3;38.46111111;23.98;;3;38.46111111;3;0;0.0;0.0;0.0;0.0;0.0;0.0
2020-04;National;PARIS LYON;DIJON VILLE;97;46;26;;6;2.880555556;0.360833333;;3;12.95555556;5.088333333;;0;0.0;0;0;0.0;0.0;0.0;0.0;33.33333333;66.66666667
2020-04;National;VANNES;PARIS MONTPARNASSE;166;29;16;;5;16.13333333;6.205128205;;5;24.88;12.96025641;;2;42.225;1;1;20.0;60.0;0.0;0.0;20.0;0.0
2020-04;National;PARIS LYON;ANNECY;0;0;7;;0;0.0;0.0;;0;0.0;0.0;;0;0.0;0;0;0.0;0.0;0.0;0.0;0.0;0.0
2020-04;National;PARIS LYON;MARSEILLE ST CHARLES;190;41;23;;4;5.895833333;0.861111111;;0;0.0;3.402777778;;0;0.0;0;0;0.0;0.0;0.0;0.0;0.0;0.0
2020-04;International;PARIS LYON;BARCELONA;208;21;2;;4;0.6125;-0.178947368;;1;31.78333333;1.318421053;;1;31.78333333;1;0;0.0;0.0;0.0;0.0;0.0;0.0
2020-04;National;LA ROCHELLE VILLE;PARIS MONTPARNASSE;0;0;13;;0;0.0;0.0;;0;0.0;0.0;;0;0.0;0;0;0.0;0.0;0.0;0.0;0.0;0.0
2020-04;National;LE MANS;PARIS MONTPARNASSE;55;76;24;;42;2.71468254;2.149679487;;52;10.89839744;10.89839744;;10;17.44;0;0;0.0;100.0;0.0;0.0;0.0;0.0
2020-04;National;PARIS MONTPARNASSE;RENNES;105;108;59;;41;7.085772358;5.871428571;;23;13.2826087;12.97278912;;12;40.10833333;2;2;15.78947368;78.94736842;0.0;0.0;0.0;5.263157895
2020-04;National;MARSEILLE ST CHARLES;LILLE;0;0;11;;0;0.0;0.0;;0;0.0;0.0;;0;0.0;0;0;0.0;0.0;0.0;0.0;0.0;0.0
2020-04;National;AIX EN PROVENCE TGV;PARIS LYON;186;22;17;;5;12.18666667;12.18666667;;2;23.98333333;14.95;;2;23.98333333;0;0;0.0;50.0;0.0;0.0;0.0;50.0
2020-04;National;PARIS LYON;GRENOBLE;0;0;10;;0;0.0;0.0;;0;0.0;0.0;;0;0.0;0;0;0.0;0.0;0.0;0.0;0.0;0.0
2020-04;National;PARIS LYON;SAINT ETIENNE CHATEAUCREUX;0;0;4;;0;0.0;0.0;;0;0.0;0.0;;0;0.0;0;0;0.0;0.0;0.0;0.0;0.0;0.0
2020-04;National;LYON PART DIEU;MONTPELLIER;110;31;12;;8;1.558333333;0.454385965;;1;20.23333333;0.795614035;;1;20.23333333;0;0;0.0;0.0;0.0;0.0;0.0;100.0
2020-05;National;METZ;PARIS EST;87;109;21;;55;2.987575758;1.783333333;;10;21.625;3.130113636;;6;30.16944444;2;0;20.0;40.0;10.0;10.0;10.0;10.0
2020-05;National;PARIS EST;REIMS;46;87;15;;67;1.412686567;1.306018519;;1;20.65;0.426851852;;1;20.65;0;0;0.0;100.0;0.0;0.0;0.0;0.0
2020-05;National;STRASBOURG;PARIS EST;149;138;34;;79;1.82742616;1.335897436;;7;48.78809524;1.652083333;;5;63.15;2;2;28.57142857;28.57142857;14.28571429;14.28571429;14.28571429;0.0
2020-05;National;PARIS LYON;ANNECY;226;31;7;;8;0.464583333;-0.138888889;;0;0.0;3.416666667;;0;0.0;0;0;0.0;0.0;0.0;0.0;0.0;0.0
2020-05;National;MULHOUSE VILLE;PARIS LYON;178;94;13;;46;4.474637681;2.344238683;;9;20.9537037;3.229835391;;6;25.44444444;1;0;11.11111111;33.33333333;22.22222222;11.11111111;11.11111111;11.11111111
2020-05;National;LAVAL;PARIS MONTPARNASSE;90;77;14;;35;2.759047619;1.440740741;;4;13.74166667;-1.397089947;;2;20.03333333;0;0;0.0;50.0;25.0;25.0;0.0;0.0
2020-05;National;LE MANS;PARIS MONTPARNASSE;61;220;24;;181;7.619705341;7.02457483;;47;17.87659574;3.760204082;;19;31.25438596;5;1;11.11111111;73.33333333;4.444444444;11.11111111;0.0;0.0
2020-05;National;PARIS MONTPARNASSE;VANNES;155;67;21;;40;1.245833333;1.017753623;;2;21.0;1.108695652;;2;21.0;0;0;0.0;100.0;0.0;0.0;0.0;0.0
2020-05;National;PARIS NORD;ARRAS;50;129;39;;84;0.817063492;0.751481481;;13;9.026923077;2.331851852;;1;16.3;0;0;0.0;76.92307692;7.692307692;0.0;15.38461538;0.0
2020-05;National;MARSEILLE ST CHARLES;LILLE;278;75;11;;25;2.84;0.74921875;;4;31.39166667;2.85078125;;4;31.39166667;2;0;25.0;25.0;0.0;25.0;25.0;0.0
2020-05;National;PARIS LYON;MACON LOCHE;99;81;12;;17;1.373529412;-0.047342995;;1;19.45;1.316908213;;1;19.45;0;0;0.0;100.0;0.0;0.0;0.0;0.0
2020-05;National;BESANCON FRANCHE COMTE TGV;PARIS LYON;136;89;9;;68;4.527941176;3.7375;;10;20.765;3.535833333;;6;26.66944444;1;0;0.0;30.0;30.0;20.0;10.0;10.0
2020-05;National;MARSEILLE ST CHARLES;PARIS LYON;202;222;26;;68;7.403921569;2.188095238;;11;27.15606061;0.705952381;;10;28.42833333;5;0;45.45454545;18.18181818;18.18181818;9.090909091;9.090909091;0.0
2020-05;International;LAUSANNE;PARIS LYON;193;27;9;;14;12.83333333;9.947222222;;2;77.71666667;6.623148148;;2;77.71666667;1;1;0.0;100.0;0.0;0.0;0.0;0.0
2020-05;National;ANGERS SAINT LAUD;PARIS MONTPARNASSE;99;234;29;;157;2.795435244;2.08601626;;34;23.52107843;4.688861789;;21;30.7047619;6;1;9.090909091;75.75757576;3.03030303;12.12121212;0.0;0.0
2020-05;National;AIX EN PROVENCE TGV;PARIS LYON;188;166;17;;128;2.87578125;2.434340045;;6;28.35833333;0.310738255;;6;28.35833333;3;0;50.0;16.66666667;16.66666667;0.0;16.66666667;0.0
2020-05;National;BELLEGARDE (AIN);PARIS LYON;164;44;10;;21;9.386507937;5.71127451;;3;56.12777778;3.145588235;;2;77.71666667;1;1;0.0;66.66666667;33.33333333;0.0;0.0;0.0
2020-05;National;MONTPELLIER;PARIS LYON;208;129;15;;105;4.748095238;4.350730994;;11;44.23333333;3.331725146;;11;44.23333333;7;4;9.090909091;72.72727273;0.0;9.090909091;9.090909091;0.0
2020-05;National;PARIS MONTPARNASSE;QUIMPER;225;71;18;;46;1.156521739;0.935849057;;2;17.25;1.245283019;;2;17.25;0;0;0.0;50.0;0.0;50.0;0.0;0.0
2020-05;National;PARIS EST;METZ;84;113;23;;85;3.263137255;3.070185185;;19;29.86052632;7.047962963;;7;67.06666667;5;2;13.33333333;20.0;26.66666667;26.66666667;6.666666667;6.666666667
2020-05;National;LYON PART DIEU;MARSEILLE ST CHARLES;109;110;23;;75;4.535555556;3.875670498;;7;38.73095238;5.934099617;;8;51.21428571;4;2;28.57142857;28.57142857;14.28571429;0.0;28.57142857;0.0
2020-05;National;LYON PART DIEU;MONTPELLIER;116;68;14;;36;4.363888889;2.816358025;;4;14.04583333;0.55154321;;2;16.28333333;0;0;0.0;0.0;25.0;75.0;0.0;0.0
2020-05;International;ZURICH;PARIS LYON;173;27;7;;19;2.623684211;2.456666667;;0;0.0;2.876666667;;2;31.83333333;0;0;0.0;0.0;0.0;0.0;0.0;0.0
2020-05;National;ANGOULEME;PARIS MONTPARNASSE;130;86;13;;50;2.055666667;1.316438356;;13;29.24487179;2.956164384;;8;39.21875;4;1;8.333333333;75.0;0.0;8.333333333;0.0;8.333333333
2020-05;National;LILLE;PARIS NORD;69;327;41;;162;2.51409465;1.262937063;;77;10.13160173;3.6747669;;10;20.87666667;2;0;4.054054054;74.32432432;4.054054054;4.054054054;12.16216216;1.351351351
2020-05;National;LYON PART DIEU;LILLE;193;87;16;;62;4.632526882;4.02629108;;4;21.48333333;3.508450704;;5;36.32083333;3;0;0.0;50.0;0.0;25.0;25.0;0.0
2020-05;National;PARIS MONTPARNASSE;BREST;234;106;18;;72;1.577546296;0.328977273;;1;54.0;-0.556818182;;1;54.0;1;0;0.0;0.0;100.0;0.0;0.0;0.0
2020-05;National;PARIS MONTPARNASSE;LA ROCHELLE VILLE;180;107;14;;70;1.925238095;1.320250896;;9;35.88888889;4.14516129;;5;55.2;5;2;0.0;62.5;12.5;25.0;0.0;0.0
2020-05;National;PARIS MONTPARNASSE;LAVAL;86;137;17;;89;2.001123596;1.366666667;;11;28.48030303;2.320833333;;9;32.62592593;4;1;0.0;63.63636364;9.090909091;18.18181818;9.090909091;0.0
2020-05;National;PARIS LYON;PERPIGNAN;315;36;13;;3;0.511111111;-0.402898551;;2;52.70833333;0.885507246;;2;52.70833333;1;1;50.0;50.0;0.0;0.0;0.0;0.0
2020-05;International;STUTTGART;PARIS EST;145;8;6;;1;1.433333333;0.541666667;;0;0.0;2.908333333;;0;0.0;0;0;0.0;0.0;0.0;0.0;0.0;0.0
2020-05;National;PARIS MONTPARNASSE;NANTES;139;195;32;;125;3.050933333;2.222188139;;25;27.424;5.520858896;;17;34.72745098;9;2;8.0;60.0;12.0;16.0;4.0;0.0
2020-05;International;PARIS LYON;GENEVE;183;44;9;;12;1.993055556;0.436190476;;2;34.90833333;3.976190476;;2;34.90833333;2;0;50.0;50.0;0.0;0.0;0.0;0.0
2020-05;National;LE CREUSOT MONTCEAU MONTCHANIN;PARIS LYON;84;98;12;;68;2.450735294;1.844573643;;9;10.25185185;-0.345736434;;2;19.20833333;0;0;33.33333333;44.44444444;11.11111111;0.0;0.0;11.11111111
2020-05;International;PARIS LYON;LAUSANNE;174;20;7;;6;3.633333333;1.498717949;;3;35.82222222;10.18076923;;3;35.82222222;3;0;50.0;50.0;0.0;0.0;0.0;0.0
2020-05;National;LYON PART DIEU;MARNE LA VALLEE;118;83;19;;54;4.921604938;4.13046875;;5;22.97333333;5.451302083;;5;34.08888889;3;0;0.0;60.0;0.0;0.0;20.0;20.0
2020-05;National;ANNECY;PARIS LYON;224;17;7;;0;0.0;0.0;;0;0.0;0.106666667;;0;0.0;0;0;0.0;0.0;0.0;0.0;0.0;0.0
2020-05;National;PERPIGNAN;PARIS LYON;316;32;14;;9;5.066666667;2.397222222;;1;18.16666667;0.802777778;;1;18.16666667;0;0;100.0;0.0;0.0;0.0;0.0;0.0
2020-05;National;TOULON;PARIS LYON;251;64;12;;39;2.891025641;2.055769231;;2;29.6;-0.457051282;;2;29.6;1;0;100.0;0.0;0.0;0.0;0.0;0.0
2020-05;National;PARIS NORD;DOUAI;67;35;11;;23;0.931884058;0.890277778;;2;27.75833333;2.309722222;;1;40.65;1;0;0.0;100.0;0.0;0.0;0.0;0.0
2020-05;International;ITALIE;PARIS LYON;381;25;4;;18;2.686111111;2.205555556;;1;17.38333333;0.525396825;;1;17.38333333;0;0;0.0;0.0;100.0;0.0;0.0;0.0
2020-05;National;PARIS EST;NANCY;97;86;22;;63;2.63015873;2.584114583;;5;27.1;0.986458333;;5;27.1;1;0;20.0;20.0;20.0;20.0;20.0;0.0
2020-05;National;PARIS EST;STRASBOURG;151;155;30;;107;1.963395639;1.651066667;;8;79.21666667;3.3444;;7;88.86428571;4;3;37.5;25.0;25.0;12.5;0.0;0.0
2020-05;National;DOUAI;PARIS NORD;75;33;12;;20;1.279166667;1.204761905;;4;7.016666667;1.111904762;;0;0.0;0;0;0.0;100.0;0.0;0.0;0.0;0.0
2020-05;National;PARIS LYON;NICE VILLE;358;57;11;;10;4.145;0.448550725;;2;41.35833333;1.708695652;;2;41.35833333;2;0;0.0;50.0;50.0;0.0;0.0;0.0
2020-05;International;PARIS LYON;ITALIE;409;23;4;;9;53.29074074;25.04385965;;6;33.16666667;11.61578947;;6;33.16666667;3;0;66.66666667;0.0;0.0;33.33333333;0.0;0.0
2020-05;International;PARIS EST;FRANCFORT;185;27;7;;13;9.869230769;6.256666667;;5;38.75333333;12.545;;5;38.75333333;2;1;40.0;0.0;40.0;0.0;20.0;0.0
2020-05;National;ST MALO;PARIS MONTPARNASSE;165;35;4;;28;1.926785714;1.72688172;;1;19.9;-1.129569892;;1;19.9;0;0;0.0;0.0;100.0;0.0;0.0;0.0
2020-05;National;PARIS NORD;DUNKERQUE;129;44;12;;29;0.755172414;0.667708333;;3;60.66666667;4.84375;;3;60.66666667;3;2;66.66666667;33.33333333;0.0;0.0;0.0;0.0
2020-05;National;PARIS LYON;BELLEGARDE (AIN);162;46;11;;12;1.993055556;0.436190476;;2;32.08333333;3.762857143;;2;32.08333333;1;0;50.0;50.0;0.0;0.0;0.0;0.0
2020-05;National;MARSEILLE ST CHARLES;LYON PART DIEU;107;105;22;;47;2.195035461;1.040160643;;6;24.82777778;2.654417671;;5;27.50833333;2;0;16.66666667;16.66666667;33.33333333;0.0;16.66666667;16.66666667
2020-05;International;FRANCFORT;PARIS EST;175;29;9;;13;2.552564103;1.393333333;;0;0.0;2.930833333;;0;28.73333333;0;0;0.0;0.0;0.0;0.0;0.0;0.0
2020-05;National;ARRAS;PARIS NORD;53;147;38;;76;2.06995614;1.368807339;;33;9.892424242;3.079051988;;5;20.62;0;0;3.225806452;83.87096774;3.225806452;3.225806452;6.451612903;0.0
2020-05;National;NICE VILLE;PARIS LYON;365;60;10;;37;1.295495495;0.834333333;;2;29.6;-0.513666667;;2;29.6;1;0;100.0;0.0;0.0;0.0;0.0;0.0
2020-05;National;PARIS LYON;TOULON;242;66;16;;11;3.833333333;0.386;;3;35.56111111;5.174;;3;35.56111111;1;0;0.0;33.33333333;33.33333333;0.0;0.0;33.33333333
2020-05;National;STRASBOURG;NANTES;0;0;2;;0;0.0;0.0;;0;0.0;0.0;;0;0.0;0;0;0.0;0.0;0.0;0.0;0.0;0.0
2020-05;National;PARIS LYON;CHAMBERY CHALLES LES EAUX;176;46;9;;14;34.33333333;12.71081081;;3;37.62777778;2.522072072;;2;49.74166667;1;1;0.0;33.33333333;0.0;66.66666667;0.0;0.0
2020-05;National;DIJON VILLE;PARIS LYON;103;122;22;;86;5.275581395;4.485;;11;20.32424242;3.244833333;;7;25.13333333;1;0;9.090909091;27.27272727;27.27272727;18.18181818;9.090909091;9.090909091
2020-05;National;REIMS;PARIS EST;46;98;22;;44;1.314772727;0.713596491;;11;8.118181818;2.020175439;;1;15.06666667;0;0;22.22222222;0.0;33.33333333;22.22222222;22.22222222;0.0
2020-05;National;SAINT ETIENNE CHATEAUCREUX;PARIS LYON;0;0;4;;0;0.0;0.0;;0;0.0;0.0;;0;0.0;0;0;0.0;0.0;0.0;0.0;0.0;0.0
2020-05;National;PARIS LYON;VALENCE ALIXAN TGV;135;120;19;;19;2.897368421;0.064686469;;4;34.52083333;1.283333333;;1;103.6833333;1;1;25.0;25.0;0.0;50.0;0.0;0.0
2020-05;National;MONTPELLIER;LYON PART DIEU;115;63;14;;46;6.258333333;5.865986395;;6;41.65555556;5.908163265;;5;47.82;3;1;0.0;50.0;0.0;0.0;50.0;0.0
2020-05;National;PARIS LYON;LE CREUSOT MONTCEAU MONTCHANIN;83;133;7;;32;1.11875;-0.776719577;;5;9.856666667;-0.90952381;;0;0.0;0;0;20.0;40.0;20.0;0.0;20.0;0.0
2020-05;National;LYON PART DIEU;PARIS LYON;124;246;31;;133;2.316917293;1.352635659;;21;19.5047619;1.78255814;;12;25.13194444;2;0;23.80952381;23.80952381;9.523809524;4.761904762;0.0;38.0952381
2020-05;International;MADRID;MARSEILLE ST CHARLES;0;0;1;;0;0.0;0.0;;0;0.0;0.0;;0;0.0;0;0;0.0;0.0;0.0;0.0;0.0;0.0
2020-05;National;PARIS MONTPARNASSE;ST PIERRE DES CORPS;65;175;29;;117;1.469088319;1.088013699;;12;42.54027778;2.297260274;;7;67.9;7;3;0.0;54.54545455;9.090909091;36.36363636;0.0;0.0
2020-05;National;DUNKERQUE;PARIS NORD;127;70;15;;0;0.0;0.0;;2;23.06666667;1.182424242;;2;23.06666667;0;0;0.0;50.0;50.0;0.0;0.0;0.0
2020-05;National;PARIS NORD;LILLE;66;327;42;;273;1.278327228;1.214269006;;42;17.96626984;3.274444444;;12;41.93055556;2;1;5.263157895;60.52631579;15.78947368;0.0;18.42105263;0.0
2020-05;International;GENEVE;PARIS LYON;186;43;9;;30;6.97;6.131862745;;2;77.71666667;3.145588235;;2;77.71666667;1;1;0.0;100.0;0.0;0.0;0.0;0.0
2020-05;National;PARIS MONTPARNASSE;BORDEAUX ST JEAN;145;325;55;;220;2.131212121;1.648703704;;36;26.24583333;4.363333333;;23;43.51014493;10;6;12.12121212;63.63636364;9.090909091;12.12121212;3.03030303;0.0
2020-05;National;PARIS LYON;AIX EN PROVENCE TGV;185;171;18;;36;3.363888889;0.374618736;;3;79.33888889;1.833660131;;3;79.33888889;2;1;66.66666667;0.0;0.0;33.33333333;0.0;0.0
2020-05;National;CHAMBERY CHALLES LES EAUX;PARIS LYON;189;36;9;;23;6.613768116;5.628395062;;1;17.38333333;0.675925926;;1;17.38333333;0;0;0.0;0.0;100.0;0.0;0.0;0.0
2020-05;National;PARIS LYON;GRENOBLE;182;52;14;;8;6.2875;0.885526316;;2;45.0;2.907894737;;2;45.0;2;0;50.0;50.0;0.0;0.0;0.0;0.0
2020-05;National;ST PIERRE DES CORPS;PARIS MONTPARNASSE;64;177;29;;114;3.462865497;2.633445946;;23;23.29202899;0.827027027;;13;32.21153846;4;1;14.28571429;52.38095238;4.761904762;23.80952381;0.0;4.761904762
2020-05;National;RENNES;LYON PART DIEU;235;30;4;;17;1.17254902;0.703846154;;2;32.6;3.029487179;;2;32.6;2;0;0.0;0.0;0.0;100.0;0.0;0.0
2020-05;National;BORDEAUX ST JEAN;PARIS MONTPARNASSE;143;301;49;;111;4.492342342;1.763492063;;28;33.61666667;1.776256614;;22;39.23863636;8;3;25.0;53.57142857;3.571428571;14.28571429;0.0;3.571428571
2020-05;National;GRENOBLE;PARIS LYON;183;54;10;;6;1.652777778;0.225378788;;3;83.77777778;4.048863636;;3;83.77777778;2;1;33.33333333;33.33333333;0.0;33.33333333;0.0;0.0
2020-05;National;MACON LOCHE;PARIS LYON;102;107;16;;71;3.297887324;2.498901099;;3;18.39444444;0.474358974;;3;26.37777778;0;0;66.66666667;33.33333333;0.0;0.0;0.0;0.0
2020-05;National;PARIS LYON;NIMES;182;129;13;;20;2.996666667;0.040517241;;5;33.39333333;2.19454023;;3;48.30555556;1;1;20.0;80.0;0.0;0.0;0.0;0.0
2020-05;National;PARIS LYON;SAINT ETIENNE CHATEAUCREUX;0;0;4;;0;0.0;0.0;;0;0.0;0.0;;0;0.0;0;0;0.0;0.0;0.0;0.0;0.0;0.0
2020-05;International;BARCELONA;PARIS LYON;320;37;3;;25;5.788;4.127941176;;4;27.5375;3.042156863;;3;29.075;2;0;25.0;75.0;0.0;0.0;0.0;0.0
2020-05;International;MARSEILLE ST CHARLES;MADRID;0;0;1;;0;0.0;0.0;;0;0.0;0.0;;0;0.0;0;0;0.0;0.0;0.0;0.0;0.0;0.0
2020-05;National;LA ROCHELLE VILLE;PARIS MONTPARNASSE;173;106;13;;42;5.338492063;2.399462366;;6;28.13055556;-1.415591398;;5;30.94;1;1;16.66666667;16.66666667;0.0;66.66666667;0.0;0.0
2020-05;National;PARIS MONTPARNASSE;POITIERS;93;201;31;;129;1.604134367;1.096176471;;15;36.82444444;3.683627451;;7;64.87857143;5;3;0.0;66.66666667;13.33333333;20.0;0.0;0.0
2020-05;National;POITIERS;PARIS MONTPARNASSE;100;144;24;;52;2.95224359;1.053194444;;13;25.9474359;0.196111111;;8;33.86041667;3;1;8.333333333;75.0;0.0;8.333333333;0.0;8.333333333
2020-05;National;TOULOUSE MATABIAU;PARIS MONTPARNASSE;274;75;9;;40;2.733333333;1.536868687;;5;20.68333333;-0.854040404;;5;20.68333333;0;0;20.0;40.0;0.0;40.0;0.0;0.0
2020-05;National;LILLE;LYON PART DIEU;197;109;19;;62;6.20188172;4.211481481;;9;22.90925926;4.072592593;;6;28.9;1;1;14.28571429;42.85714286;0.0;42.85714286;0.0;0.0
2020-05;National;LILLE;MARSEILLE ST CHARLES;306;75;13;;30;1.653333333;0.573924731;;1;77.26666667;4.700806452;;1;89.66666667;3;1;100.0;0.0;0.0;0.0;0.0;0.0
2020-05;National;PARIS LYON;MULHOUSE VILLE;177;96;15;;29;2.55;0.542798354;;3;67.16666667;3.031069959;;3;67.16666667;2;1;33.33333333;33.33333333;0.0;33.33333333;0.0;0.0
2020-05;National;BREST;PARIS MONTPARNASSE;235;107;14;;67;2.182835821;1.571863799;;3;41.20555556;-1.131899642;;3;41.20555556;2;0;0.0;33.33333333;0.0;66.66666667;0.0;0.0
2020-05;National;MARSEILLE ST CHARLES;MARNE LA VALLEE;217;77;13;;26;2.735897436;0.753125;;5;31.94;3.704427083;;5;30.74444444;2;0;20.0;40.0;0.0;20.0;20.0;0.0
2020-05;National;BORDEAUX ST JEAN;TOURCOING;0;0;1;;0;0.0;0.0;;0;0.0;0.0;;0;0.0;0;0;0.0;0.0;0.0;0.0;0.0;0.0
2020-05;National;NIMES;PARIS LYON;180;128;15;;73;6.798630137;4.275073746;;11;44.23333333;3.378023599;;11;44.23333333;7;4;9.090909091;72.72727273;0.0;9.090909091;9.090909091;0.0
2020-05;International;PARIS LYON;BARCELONA;215;41;3;;5;2.713333333;-0.173684211;;3;19.36111111;0.26754386;;3;19.36111111;0;0;0.0;100.0;0.0;0.0;0.0;0.0
2020-05;National;VALENCE ALIXAN TGV;PARIS LYON;135;152;22;;99;6.39983165;4.785512821;;15;36.16555556;3.413974359;;12;41.83055556;7;4;6.666666667;53.33333333;0.0;33.33333333;6.666666667;0.0
2020-05;National;PARIS MONTPARNASSE;LE MANS;60;227;29;;149;1.9450783;1.348905724;;14;32.725;1.455892256;;9;45.80555556;5;3;14.28571429;42.85714286;21.42857143;14.28571429;7.142857143;0.0
2020-05;National;NANTES;PARIS MONTPARNASSE;141;243;35;;113;3.714306785;1.749519231;;29;25.32126437;4.543429487;;20;30.97936508;6;1;10.71428571;71.42857143;3.571428571;14.28571429;0.0;0.0
2020-05;National;PARIS MONTPARNASSE;RENNES;106;306;60;;191;1.780453752;0.651355014;;14;36.00952381;0.805758808;;12;39.79861111;8;3;0.0;57.14285714;14.28571429;21.42857143;7.142857143;0.0
2020-05;National;RENNES;PARIS MONTPARNASSE;102;256;49;;121;3.151928375;1.734863124;;12;23.21527778;-1.006280193;;6;34.13611111;3;0;25.0;33.33333333;8.333333333;33.33333333;0.0;0.0
2020-05;National;MARSEILLE ST CHARLES;TOURCOING;0;0;1;;0;0.0;0.0;;0;0.0;0.0;;0;0.0;0;0;0.0;0.0;0.0;0.0;0.0;0.0
2020-05;National;PARIS LYON;MONTPELLIER;212;126;13;;18;3.255555556;0.032153392;;4;39.38333333;0.051474926;;4;39.38333333;1;1;25.0;75.0;0.0;0.0;0.0;0.0
2020-05;National;PARIS MONTPARNASSE;ANGERS SAINT LAUD;97;195;25;;124;3.102150538;2.135196078;;27;25.82407407;6.958431373;;17;34.23137255;7;2;11.53846154;61.53846154;7.692307692;15.38461538;3.846153846;0.0
2020-05;National;PARIS MONTPARNASSE;TOULOUSE MATABIAU;269;63;10;;42;2.675396825;2.040251572;;8;38.50416667;5.75754717;;8;38.50416667;3;1;50.0;37.5;0.0;0.0;12.5;0.0
2020-05;National;MARNE LA VALLEE;MARSEILLE ST CHARLES;220;76;14;;50;1.208666667;0.903763441;;1;77.26666667;4.700806452;;1;89.66666667;3;1;100.0;0.0;0.0;0.0;0.0;0.0
2020-05;National;QUIMPER;PARIS MONTPARNASSE;249;66;16;;40;1.937916667;1.537;;1;20.16666667;-0.685333333;;1;20.16666667;0;0;0.0;0.0;0.0;100.0;0.0;0.0
2020-05;National;LYON PART DIEU;RENNES;238;25;4;;19;1.978947368;1.788095238;;3;29.32777778;5.212698413;;3;29.32777778;1;0;33.33333333;0.0;33.33333333;33.33333333;0.0;0.0
2020-05;National;TOURCOING;BORDEAUX ST JEAN;0;0;1;;0;0.0;0.0;;0;0.0;0.0;;0;0.0;0;0;0.0;0.0;0.0;0.0;0.0;0.0
2020-05;National;PARIS LYON;DIJON VILLE;100;132;25;;36;3.086111111;0.652492212;;6;44.44444444;3.094548287;;4;60.56666667;3;1;20.0;40.0;0.0;40.0;0.0;0.0
2020-05;International;PARIS LYON;ZURICH;232;27;7;;6;2.044444444;0.286666667;;0;0.0;3.805;;0;0.0;0;0;0.0;0.0;0.0;0.0;0.0;0.0
2020-05;National;NANCY;PARIS EST;96;75;22;;47;1.205319149;1.055031447;;2;46.075;1.2;;2;46.075;1;1;100.0;0.0;0.0;0.0;0.0;0.0
2020-05;International;PARIS EST;STUTTGART;153;6;5;;1;0.116666667;0.116666667;;0;0.0;-1.05;;0;0.0;0;0;0.0;0.0;0.0;0.0;0.0;0.0
2020-05;National;VANNES;PARIS MONTPARNASSE;175;72;17;;36;3.168055556;2.067272727;;3;15.0;-0.600909091;;1;20.16666667;0;0;33.33333333;0.0;0.0;66.66666667;0.0;0.0
2020-05;National;NANTES;STRASBOURG;0;0;2;;0;0.0;0.0;;0;0.0;0.0;;0;0.0;0;0;0.0;0.0;0.0;0.0;0.0;0.0
2020-05;National;AVIGNON TGV;PARIS LYON;166;180;19;;76;3.974122807;1.621118012;;15;21.14444444;1.007453416;;8;28.13541667;4;0;26.66666667;33.33333333;6.666666667;26.66666667;6.666666667;0.0
2020-05;National;PARIS LYON;BESANCON FRANCHE COMTE TGV;131;78;11;;23;2.870289855;0.558706468;;7;38.73571429;5.673134328;;5;49.45;3;1;28.57142857;42.85714286;0.0;14.28571429;0.0;14.28571429
2020-05;National;PARIS LYON;MARSEILLE ST CHARLES;197;227;28;;54;5.702160494;1.125963149;;10;49.05;3.65720268;;10;49.05;6;1;30.0;30.0;10.0;30.0;0.0;0.0
2020-05;National;PARIS MONTPARNASSE;ANGOULEME;132;98;14;;67;1.306965174;0.93968254;;9;32.76851852;4.484722222;;4;58.59166667;3;1;0.0;77.77777778;11.11111111;11.11111111;0.0;0.0
2020-05;National;PARIS MONTPARNASSE;ST MALO;163;40;8;;23;3.218115942;2.192708333;;3;34.75555556;2.771354167;;2;44.99166667;2;0;0.0;0.0;33.33333333;66.66666667;0.0;0.0
2020-05;National;PARIS LYON;AVIGNON TGV;162;191;23;;50;5.359666667;1.201190476;;11;37.11060606;2.02093254;;8;46.26458333;4;1;27.27272727;18.18181818;9.090909091;36.36363636;9.090909091;0.0
2020-05;National;PARIS MONTPARNASSE;TOURS;77;48;9;;29;1.986781609;1.374358974;;1;37.35;1.781196581;;1;37.35;1;0;0.0;0.0;0.0;100.0;0.0;0.0
2020-05;National;TOURS;PARIS MONTPARNASSE;82;25;10;;7;3.097619048;1.276666667;;1;14.66666667;-1.696666667;;0;0.0;0;0;0.0;0.0;0.0;100.0;0.0;0.0
2020-05;National;MARNE LA VALLEE;LYON PART DIEU;115;99;22;;75;4.760888889;4.636796537;;9;22.90925926;4.775108225;;6;28.9;1;1;14.28571429;42.85714286;0.0;42.85714286;0.0;0.0
2020-05;National;PARIS LYON;LYON PART DIEU;124;247;29;;56;1.963095238;-0.268348624;;8;23.81458333;0.000688073;;6;28.21388889;2;0;14.28571429;57.14285714;0.0;14.28571429;0.0;14.28571429
2020-06;National;ANGOULEME;PARIS MONTPARNASSE;129;186;8;;108;2.498302469;1.363764045;;12;20.01111111;-0.188857678;;5;29.82666667;2;0;18.18181818;45.45454545;0.0;27.27272727;9.090909091;0.0
2020-06;National;MARSEILLE ST CHARLES;TOURCOING;307;23;1;;9;0.751851852;0.038636364;;1;25.0;0.363636364;;1;25.0;0;0;100.0;0.0;0.0;0.0;0.0;0.0
2020-06;National;PARIS LYON;LE CREUSOT MONTCEAU MONTCHANIN;83;185;2;;72;1.990740741;0.52140255;;19;21.15263158;2.540710383;;5;60.11333333;4;2;15.38461538;53.84615385;15.38461538;7.692307692;7.692307692;0.0
2020-06;National;LE CREUSOT MONTCEAU MONTCHANIN;PARIS LYON;84;148;8;;104;3.448397436;2.477380952;;15;25.19444444;2.111071429;;10;34.06666667;4;1;28.57142857;28.57142857;7.142857143;28.57142857;7.142857143;0.0
2020-06;National;MONTPELLIER;LYON PART DIEU;116;64;7;;54;3.163888889;2.985087719;;7;16.82380952;3.425438596;;4;21.025;0;0;0.0;42.85714286;14.28571429;28.57142857;0.0;14.28571429
2020-06;International;ITALIE;PARIS LYON;446;61;3;;58;4.75862069;4.75862069;;24;46.26944444;20.65517241;;24;46.26944444;11;4;45.83333333;20.83333333;16.66666667;12.5;4.166666667;0.0
2020-06;National;PARIS MONTPARNASSE;LA ROCHELLE VILLE;177;172;6;;127;1.863385827;1.304317269;;7;53.5;2.671686747;;7;53.5;3;3;0.0;60.0;0.0;40.0;0.0;0.0
2020-06;National;ST PIERRE DES CORPS;PARIS MONTPARNASSE;66;327;17;;252;1.696230159;1.346827957;;20;18.58833333;-0.465752688;;5;46.19;4;1;13.33333333;40.0;6.666666667;20.0;20.0;0.0
2020-06;National;BORDEAUX ST JEAN;TOURCOING;315;8;1;;2;3.233333333;0.45;;0;0.0;1.571428571;;0;0.0;0;0;0.0;0.0;0.0;0.0;0.0;0.0
2020-06;National;LYON PART DIEU;MARNE LA VALLEE;115;218;17;;153;6.212091503;4.6960199;;35;34.0652381;7.550497512;;27;38.87356322;10;9;23.52941176;35.29411765;11.76470588;17.64705882;5.882352941;5.882352941
2020-06;National;MARSEILLE ST CHARLES;MARNE LA VALLEE;221;205;10;;85;4.318235294;1.571880342;;24;40.68125;6.84;;24;38.99551282;8;5;36.84210526;26.31578947;5.263157895;26.31578947;0.0;5.263157895
2020-06;National;PARIS LYON;AVIGNON TGV;162;276;12;;110;3.408181818;1.173106061;;26;33.975;3.352525253;;23;36.58333333;9;4;26.31578947;42.10526316;5.263157895;21.05263158;5.263157895;0.0
2020-06;National;PARIS LYON;CHAMBERY CHALLES LES EAUX;181;111;7;;54;1.312654321;0.518108974;;23;36.39275362;8.282852564;;21;38.67936508;7;3;36.36363636;18.18181818;27.27272727;9.090909091;0.0;9.090909091
2020-06;International;PARIS LYON;ITALIE;429;61;3;;32;0.5921875;0.198850575;;24;38.70833333;16.42241379;;24;38.70833333;9;4;37.5;37.5;25.0;0.0;0.0;0.0
2020-06;National;PARIS LYON;SAINT ETIENNE CHATEAUCREUX;177;27;4;;10;4.24;1.465942029;;1;36.65;-1.548550725;;1;36.65;1;0;0.0;0.0;0.0;100.0;0.0;0.0
2020-06;National;PARIS MONTPARNASSE;BORDEAUX ST JEAN;149;610;33;;482;2.598824343;2.096129405;;43;28.60813953;1.699480069;;29;36.42931034;14;5;27.02702703;27.02702703;2.702702703;37.83783784;5.405405405;0.0
2020-06;National;MARNE LA VALLEE;LYON PART DIEU;114;249;19;;216;5.975925926;5.600797101;;40;34.48458333;7.936594203;;34;39.09411765;14;6;15.0;25.0;10.0;17.5;32.5;0.0
2020-06;National;BELLEGARDE (AIN);PARIS LYON;164;99;10;;55;2.311515152;1.353932584;;6;42.23888889;2.664419476;;5;48.23333333;2;2;0.0;75.0;0.0;0.0;25.0;0.0
2020-06;National;BESANCON FRANCHE COMTE TGV;PARIS LYON;136;119;4;;85;1.556078431;0.986231884;;4;15.575;1.344782609;;1;19.45;0;0;25.0;50.0;0.0;0.0;0.0;25.0
2020-06;National;PARIS LYON;GRENOBLE;181;111;10;;35;1.986666667;0.456930693;;9;37.83333333;3.178217822;;8;40.6875;5;1;0.0;80.0;0.0;0.0;20.0;0.0
2020-06;National;PARIS LYON;TOULON;256;164;11;;47;4.256028369;0.89956427;;16;38.81041667;6.988888889;;16;36.27017544;9;4;28.57142857;14.28571429;28.57142857;28.57142857;0.0;0.0
2020-06;National;SAINT ETIENNE CHATEAUCREUX;PARIS LYON;175;26;4;;21;0.841269841;0.799242424;;2;27.00833333;4.099242424;;1;41.55;1;0;0.0;100.0;0.0;0.0;0.0;0.0
2020-06;International;LAUSANNE;PARIS LYON;211;52;8;;43;2.256976744;2.202272727;;3;36.43333333;1.7875;;3;36.43333333;1;1;0.0;33.33333333;33.33333333;0.0;33.33333333;0.0
2020-06;National;LYON PART DIEU;RENNES;240;54;2;;39;4.076495726;3.013141026;;7;48.14761905;6.820833333;;7;48.14761905;5;3;33.33333333;16.66666667;16.66666667;16.66666667;16.66666667;0.0
2020-06;National;LILLE;PARIS NORD;67;402;23;;211;2.706872038;1.307124011;;58;20.8887931;3.931530343;;20;44.31583333;8;4;23.25581395;41.86046512;13.95348837;6.976744186;9.302325581;4.651162791
2020-06;National;AIX EN PROVENCE TGV;PARIS LYON;188;290;14;;233;4.106795422;3.423007246;;21;48.15793651;3.487741546;;21;48.15793651;9;4;35.0;25.0;10.0;15.0;10.0;5.0
2020-06;National;PARIS LYON;ANNECY;224;80;6;;36;1.858333333;0.718468468;;7;50.64285714;6.222972973;;7;50.64285714;3;2;50.0;25.0;0.0;25.0;0.0;0.0
2020-06;National;GRENOBLE;PARIS LYON;184;113;5;;17;3.797058824;0.597685185;;7;39.29761905;2.111574074;;7;39.29761905;5;1;0.0;0.0;0.0;0.0;100.0;0.0
2020-06;National;TOULON;PARIS LYON;247;160;13;;112;3.217113095;2.382199546;;14;41.31309524;4.343877551;;14;41.31309524;7;2;46.15384615;30.76923077;15.38461538;7.692307692;0.0;0.0
2020-06;National;PARIS LYON;AIX EN PROVENCE TGV;184;286;10;;107;2.965264798;0.881038647;;24;38.90069444;3.999033816;;23;40.10289855;12;4;12.5;43.75;0.0;43.75;0.0;0.0
2020-06;National;NIMES;PARIS LYON;180;170;9;;114;7.34502924;5.105072464;;23;36.78115942;5.561283644;;20;40.40833333;11;4;33.33333333;38.88888889;16.66666667;11.11111111;0.0;0.0
2020-06;National;PARIS MONTPARNASSE;BREST;230;163;9;;128;1.658854167;1.300865801;;11;45.86363636;2.493506494;;11;45.86363636;6;4;33.33333333;22.22222222;22.22222222;22.22222222;0.0;0.0
2020-06;National;PARIS EST;NANCY;97;168;14;;145;1.709770115;1.600649351;;10;32.025;1.879220779;;6;44.83055556;5;1;42.85714286;28.57142857;14.28571429;0.0;14.28571429;0.0
2020-06;National;PARIS MONTPARNASSE;ANGOULEME;131;228;8;;171;3.245224172;2.422727273;;18;29.48796296;2.453560606;;12;38.45;5;2;13.33333333;33.33333333;20.0;26.66666667;6.666666667;0.0
2020-06;National;PARIS NORD;DOUAI;70;50;8;;40;3.896666667;3.699603175;;10;24.76166667;6.30952381;;5;39.57333333;2;1;22.22222222;22.22222222;22.22222222;11.11111111;22.22222222;0.0
2020-06;National;PARIS LYON;BESANCON FRANCHE COMTE TGV;132;115;4;;43;2.405426357;0.736786787;;11;18.07878788;2.407207207;;7;21.69047619;0;0;28.57142857;57.14285714;0.0;14.28571429;0.0;0.0
2020-06;National;PARIS LYON;DIJON VILLE;103;228;18;;89;2.05505618;0.669365079;;14;19.76428571;2.111111111;;8;24.4037037;2;0;22.22222222;44.44444444;0.0;33.33333333;0.0;0.0
2020-06;International;MADRID;MARSEILLE ST CHARLES;0;0;1;;0;0.0;0.0;;0;0.0;0.0;;0;0.0;0;0;0.0;0.0;0.0;0.0;0.0;0.0
2020-06;National;ARRAS;PARIS NORD;53;175;25;;115;4.066376812;3.061333333;;27;19.7808642;4.227555556;;10;37.16666667;2;2;22.72727273;40.90909091;9.090909091;9.090909091;9.090909091;9.090909091
2020-06;National;LA ROCHELLE VILLE;PARIS MONTPARNASSE;171;174;7;;90;2.987777778;1.608183633;;12;29.99861111;0.202095808;;8;39.4875;5;2;14.28571429;28.57142857;0.0;57.14285714;0.0;0.0
2020-06;National;RENNES;PARIS MONTPARNASSE;104;487;28;;269;2.869578686;1.578286129;;28;21.35357143;-0.10399419;;16;28.06666667;3;1;28.0;28.0;12.0;24.0;4.0;4.0
2020-06;National;PARIS MONTPARNASSE;TOULOUSE MATABIAU;272;150;6;;128;2.015625;1.740972222;;12;23.87361111;1.620949074;;12;23.87361111;2;0;40.0;30.0;20.0;10.0;0.0;0.0
2020-06;National;DIJON VILLE;PARIS LYON;103;199;14;;166;2.500903614;2.221081081;;8;27.53958333;2.218198198;;4;41.12916667;2;1;14.28571429;42.85714286;14.28571429;0.0;0.0;28.57142857
2020-06;National;MULHOUSE VILLE;PARIS LYON;174;160;10;;96;1.731423611;0.990222222;;7;22.03333333;2.157333333;;4;29.79166667;2;0;0.0;66.66666667;16.66666667;0.0;0.0;16.66666667
2020-06;International;PARIS LYON;GENEVE;190;100;8;;46;0.620289855;0.153623188;;7;24.0952381;3.642210145;;7;24.0952381;1;0;0.0;100.0;0.0;0.0;0.0;0.0
2020-06;National;PARIS NORD;LILLE;65;392;29;;347;2.237560038;2.128328742;;38;24.35175439;3.001469238;;12;63.65454545;6;6;34.28571429;31.42857143;14.28571429;11.42857143;8.571428571;0.0
2020-06;National;NANCY;PARIS EST;95;165;16;;108;2.266666667;1.603467562;;11;34.45;2.67147651;;8;43.01458333;4;2;0.0;28.57142857;42.85714286;14.28571429;14.28571429;0.0
2020-06;National;LILLE;LYON PART DIEU;191;220;16;;149;5.65950783;4.070669935;;32;37.06927083;7.969035948;;31;38.64408602;12;5;13.79310345;20.68965517;6.896551724;20.68965517;37.93103448;0.0
2020-06;National;BORDEAUX ST JEAN;PARIS MONTPARNASSE;144;591;27;;224;2.939955357;0.927009456;;34;29.41127451;-0.050325059;;21;39.83809524;13;3;35.0;40.0;0.0;10.0;10.0;5.0
2020-06;National;PARIS MONTPARNASSE;LAVAL;86;213;6;;163;1.218507157;0.84468599;;8;19.8875;1.111030596;;3;37.20555556;2;0;28.57142857;14.28571429;28.57142857;28.57142857;0.0;0.0
2020-06;National;NANTES;PARIS MONTPARNASSE;138;432;21;;179;3.079143389;0.990632603;;39;24.98461538;3.780413625;;25;31.94933333;10;1;28.0;52.0;16.0;4.0;0.0;0.0
2020-06;National;VANNES;PARIS MONTPARNASSE;165;158;10;;104;2.166185897;1.522184685;;10;32.28666667;0.510585586;;8;37.23541667;3;1;50.0;12.5;12.5;25.0;0.0;0.0
2020-06;International;MARSEILLE ST CHARLES;MADRID;0;0;1;;0;0.0;0.0;;0;0.0;0.0;;0;0.0;0;0;0.0;0.0;0.0;0.0;0.0;0.0
2020-06;National;LAVAL;PARIS MONTPARNASSE;91;171;7;;95;1.725614035;0.875203252;;9;11.36111111;-0.22449187;;1;17.8;0;0;28.57142857;14.28571429;28.57142857;28.57142857;0.0;0.0
2020-06;National;PARIS MONTPARNASSE;VANNES;154;144;13;;109;3.289143731;2.646310433;;8;41.375;2.717557252;;5;58.4;4;2;28.57142857;14.28571429;14.28571429;28.57142857;14.28571429;0.0
2020-06;National;LYON PART DIEU;PARIS LYON;123;414;23;;249;2.914323963;1.779497016;;26;37.11089744;2.816965047;;20;44.80583333;12;5;20.0;30.0;5.0;30.0;10.0;5.0
2020-06;National;PARIS LYON;NICE VILLE;357;145;7;;40;3.215416667;0.526086957;;13;34.38205128;3.648792271;;13;34.38205128;7;1;33.33333333;33.33333333;16.66666667;16.66666667;0.0;0.0
2020-06;National;NICE VILLE;PARIS LYON;361;153;10;;106;3.017295597;-1.201282051;;14;41.31309524;4.449184149;;14;41.31309524;7;2;54.54545455;18.18181818;18.18181818;9.090909091;0.0;0.0
2020-06;National;PARIS LYON;NIMES;191;152;7;;51;2.749019608;0.651034483;;11;29.2969697;3.383103448;;8;33.3462963;5;1;28.57142857;57.14285714;0.0;14.28571429;0.0;0.0
2020-06;International;GENEVE;PARIS LYON;193;100;9;;91;2.045604396;2.045604396;;7;37.0547619;2.678571429;;5;48.23333333;2;2;0.0;57.14285714;28.57142857;0.0;14.28571429;0.0
2020-06;National;PARIS MONTPARNASSE;ST MALO;165;74;4;;55;2.206363636;1.632857143;;3;32.82222222;3.095952381;;1;74.63333333;1;1;0.0;0.0;0.0;100.0;0.0;0.0
2020-06;National;PARIS MONTPARNASSE;ST PIERRE DES CORPS;66;343;20;;252;1.975;0.510732714;;21;15.67936508;-0.214602683;;6;29.48055556;1;1;16.66666667;22.22222222;16.66666667;38.88888889;5.555555556;0.0
2020-06;National;PARIS EST;STRASBOURG;154;283;22;;239;1.483124128;1.189399745;;12;24.16944444;0.351787995;;10;26.36166667;2;0;18.18181818;54.54545455;9.090909091;9.090909091;9.090909091;0.0
2020-06;International;STUTTGART;PARIS EST;0;0;2;;0;0.0;0.0;;0;0.0;0.0;;0;0.0;0;0;0.0;0.0;0.0;0.0;0.0;0.0
2020-06;National;PARIS MONTPARNASSE;RENNES;105;505;30;;388;1.985867698;1.530947368;;20;32.38666667;0.745578947;;17;36.06372549;6;3;44.44444444;11.11111111;5.555555556;33.33333333;5.555555556;0.0
2020-06;National;RENNES;LYON PART DIEU;252;62;3;;38;1.997807018;1.201412429;;5;35.59666667;3.009887006;;5;35.59666667;2;0;0.0;33.33333333;0.0;33.33333333;0.0;33.33333333
2020-06;National;AVIGNON TGV;PARIS LYON;167;322;17;;164;6.949796748;3.526612022;;25;42.468;3.324808743;;20;49.88166667;11;4;40.0;10.0;0.0;25.0;20.0;5.0
2020-06;National;VALENCE ALIXAN TGV;PARIS LYON;136;232;16;;182;7.860164835;6.574305556;;35;35.34904762;5.822839506;;25;44.62933333;17;6;32.25806452;29.03225806;19.35483871;16.12903226;3.225806452;0.0
2020-06;International;FRANCFORT;PARIS EST;219;59;6;;48;1.584375;1.396226415;;2;24.26666667;1.667295597;;2;24.26666667;0;0;0.0;0.0;0.0;0.0;50.0;50.0
2020-06;National;ANGERS SAINT LAUD;PARIS MONTPARNASSE;98;377;15;;289;2.160495963;1.686786372;;39;21.72692308;3.689963168;;19;33.30175439;7;1;20.68965517;51.72413793;27.5862069;0.0;0.0;0.0
2020-06;National;PARIS LYON;MACON LOCHE;99;135;8;;50;1.344;0.287139108;;4;32.97916667;2.433858268;;4;32.97916667;2;0;0.0;100.0;0.0;0.0;0.0;0.0
2020-06;National;POITIERS;PARIS MONTPARNASSE;101;287;16;;125;2.434;0.88800738;;19;22.1377193;0.100676507;;7;41.32142857;4;1;7.692307692;46.15384615;15.38461538;30.76923077;0.0;0.0
2020-06;National;PARIS MONTPARNASSE;LE MANS;60;400;14;;306;1.599237473;1.153972366;;23;16.27608696;0.852417962;;8;32.88541667;3;1;31.57894737;21.05263158;21.05263158;26.31578947;0.0;0.0
2020-06;National;LE MANS;PARIS MONTPARNASSE;61;355;12;;304;4.95564693;4.367784257;;58;11.04425287;1.800437318;;12;22.74722222;1;0;7.407407407;72.22222222;12.96296296;7.407407407;0.0;0.0
2020-06;National;PARIS LYON;PERPIGNAN;308;93;10;;37;0.742342342;0.092369478;;11;40.94393939;5.390361446;;11;40.94393939;5;1;33.33333333;66.66666667;0.0;0.0;0.0;0.0
2020-06;National;MARSEILLE ST CHARLES;PARIS LYON;203;371;17;;128;6.898177083;2.178013183;;27;47.5;3.325141243;;27;47.5;14;6;31.25;18.75;0.0;31.25;18.75;0.0
2020-06;National;PARIS LYON;MULHOUSE VILLE;178;165;11;;65;1.338205128;0.371645022;;10;26.585;2.756277056;;7;30.99791667;3;1;14.28571429;28.57142857;14.28571429;42.85714286;0.0;0.0
2020-06;International;PARIS EST;FRANCFORT;190;60;7;;33;4.205555556;2.449056604;;14;32.31785714;11.83836478;;11;38.62424242;5;2;37.5;0.0;62.5;0.0;0.0;0.0
2020-06;National;PERPIGNAN;PARIS LYON;315;79;11;;21;3.999206349;1.010294118;;11;44.27727273;8.150980392;;11;44.27727273;7;3;50.0;50.0;0.0;0.0;0.0;0.0
2020-06;International;PARIS EST;STUTTGART;0;0;2;;0;0.0;0.0;;0;0.0;0.0;;0;0.0;0;0;0.0;0.0;0.0;0.0;0.0;0.0
2020-06;National;TOURS;PARIS MONTPARNASSE;81;98;9;;40;1.41375;0.525280899;;2;10.14166667;-0.606928839;;0;0.0;0;0;0.0;0.0;0.0;0.0;100.0;0.0
2020-06;International;PARIS LYON;BARCELONA;230;50;3;;21;2.023809524;0.603191489;;2;45.58333333;4.596099291;;5;71.12222222;5;1;0.0;0.0;0.0;0.0;0.0;0.0
2020-06;National;DOUAI;PARIS NORD;77;51;10;;36;1.584259259;1.366260163;;7;27.97380952;5.308943089;;3;52.33333333;1;1;16.66666667;66.66666667;0.0;16.66666667;0.0;0.0
2020-06;National;MARSEILLE ST CHARLES;LILLE;281;161;8;;72;3.646064815;1.433660131;;21;40.7;7.423311547;;21;40.7;4;3;35.29411765;35.29411765;0.0;29.41176471;0.0;0.0
2020-06;National;MARNE LA VALLEE;MARSEILLE ST CHARLES;215;191;11;;153;6.748474946;5.70712963;;26;51.29038462;9.613796296;;28;51.6845679;16;5;30.43478261;17.39130435;13.04347826;21.73913043;17.39130435;0.0
2020-06;National;ANNECY;PARIS LYON;236;79;5;;2;0.641666667;0.01036036;;12;27.99305556;5.011261261;;12;27.99305556;5;0;0.0;0.0;0.0;0.0;0.0;0.0
2020-06;National;LYON PART DIEU;MONTPELLIER;113;74;7;;54;15.02561728;12.04278607;;17;43.23039216;11.16741294;;13;52.73717949;7;4;20.0;13.33333333;6.666666667;26.66666667;33.33333333;0.0
2020-06;National;LYON PART DIEU;LILLE;191;191;14;;135;6.03617284;4.573352166;;30;31.72611111;7.031826742;;24;36.78819444;8;6;27.5862069;34.48275862;6.896551724;20.68965517;3.448275862;6.896551724
2020-06;National;PARIS MONTPARNASSE;QUIMPER;223;145;10;;113;2.624188791;2.115679012;;3;62.66666667;1.525925926;;3;62.66666667;2;1;33.33333333;0.0;33.33333333;33.33333333;0.0;0.0
2020-06;National;TOULOUSE MATABIAU;PARIS MONTPARNASSE;276;161;3;;89;1.97340824;0.891772152;;8;41.56875;-0.60685654;;8;41.56875;5;1;40.0;60.0;0.0;0.0;0.0;0.0
2020-06;National;REIMS;PARIS EST;46;144;12;;81;0.804938272;0.431691919;;10;8.996666667;1.580050505;;0;0.0;0;0;0.0;0.0;60.0;20.0;20.0;0.0
2020-06;National;PARIS NORD;ARRAS;49;164;31;;124;3.335215054;2.881203008;;15;31.11;4.621553885;;7;57.99761905;5;2;25.0;25.0;16.66666667;8.333333333;25.0;0.0
2020-06;National;PARIS NORD;DUNKERQUE;130;79;8;;64;2.61640625;1.936619718;;2;63.5;1.338028169;;2;63.5;1;1;50.0;50.0;0.0;0.0;0.0;0.0
2020-06;National;PARIS LYON;BELLEGARDE (AIN);162;86;10;;38;0.638596491;0.173684211;;6;24.71944444;4.208991228;;6;24.71944444;1;0;0.0;100.0;0.0;0.0;0.0;0.0
2020-06;National;PARIS LYON;VALENCE ALIXAN TGV;141;187;14;;72;2.006944444;0.567244701;;13;27.07307692;2.623699422;;8;34.21851852;6;1;25.0;62.5;0.0;12.5;0.0;0.0
2020-06;National;PARIS MONTPARNASSE;ANGERS SAINT LAUD;96;358;14;;270;1.791604938;1.285804264;;30;21.82666667;4.890213178;;14;34.21428571;7;2;25.0;37.5;16.66666667;8.333333333;8.333333333;4.166666667
2020-06;National;STRASBOURG;NANTES;379;24;2;;20;1.094166667;0.990151515;;1;15.35;1.415151515;;1;15.35;0;0;0.0;0.0;100.0;0.0;0.0;0.0
2020-06;National;LILLE;MARSEILLE ST CHARLES;298;169;10;;84;6.677777778;3.345807128;;21;46.27619048;8.55870021;;23;46.98787879;13;4;31.25;12.5;18.75;18.75;18.75;0.0
2020-06;National;PARIS LYON;MARSEILLE ST CHARLES;200;395;17;;145;3.14183908;0.904805996;;33;39.62626263;4.730114638;;33;38.34190476;17;7;33.33333333;38.0952381;4.761904762;23.80952381;0.0;0.0
2020-06;National;PARIS EST;METZ;84;175;16;;147;1.592857143;1.450419287;;7;12.73095238;0.211740042;;3;21.86666667;0;0;14.28571429;28.57142857;0.0;42.85714286;14.28571429;0.0
2020-06;National;DUNKERQUE;PARIS NORD;127;95;7;;1;2.0;0.022727273;;10;24.57666667;3.98844697;;4;43.9875;1;1;0.0;0.0;0.0;0.0;0.0;0.0
2020-06;National;PARIS LYON;MONTPELLIER;224;148;7;;49;2.21462585;0.45035461;;10;39.24;2.350827423;;10;39.24;8;2;33.33333333;50.0;16.66666667;0.0;0.0;0.0
2020-06;National;LYON PART DIEU;MARSEILLE ST CHARLES;108;250;21;;183;7.545537341;5.990101892;;33;35.25656566;6.733697234;;29;40.51954023;15;3;24.13793103;27.5862069;10.34482759;10.34482759;24.13793103;3.448275862
2020-06;National;PARIS MONTPARNASSE;NANTES;136;374;20;;281;1.814472123;1.32547081;;30;32.23388889;4.441525424;;21;40.7968254;9;5;20.0;44.0;28.0;4.0;4.0;0.0
2020-06;National;PARIS MONTPARNASSE;POITIERS;99;382;15;;272;2.472794118;0.890554042;;21;34.69126984;2.189191644;;15;44.58666667;7;4;5.882352941;35.29411765;5.882352941;47.05882353;5.882352941;0.0
2020-06;National;STRASBOURG;PARIS EST;158;265;19;;194;2.627319588;2.029471545;;18;29.61018519;0.959688347;;14;34.24642857;8;1;26.66666667;53.33333333;0.0;20.0;0.0;0.0
2020-06;National;NANTES;STRASBOURG;350;26;2;;18;111.4981481;83.52361111;;0;0.0;0.618055556;;0;0.0;0;0;0.0;0.0;0.0;0.0;0.0;0.0
2020-06;National;CHAMBERY CHALLES LES EAUX;PARIS LYON;187;126;6;;102;13.37973856;11.33763889;;33;40.89848485;11.81125;;31;42.84677419;15;4;42.85714286;25.0;14.28571429;14.28571429;3.571428571;0.0
2020-06;International;PARIS LYON;ZURICH;193;79;7;;35;1.124285714;0.339351852;;4;30.65833333;5.94212963;;4;55.425;3;1;0.0;33.33333333;0.0;66.66666667;0.0;0.0
2020-06;International;PARIS LYON;LAUSANNE;194;68;7;;32;1.032291667;0.409289617;;5;24.87666667;4.465027322;;5;24.87666667;1;0;0.0;75.0;25.0;0.0;0.0;0.0
2020-06;National;ST MALO;PARIS MONTPARNASSE;166;52;3;;42;1.724206349;1.444557823;;2;15.65;-0.631972789;;1;19.55;0;0;0.0;100.0;0.0;0.0;0.0;0.0
2020-06;National;TOURCOING;BORDEAUX ST JEAN;298;7;1;;1;246.3833333;40.89722222;;1;35.75;9.861111111;;1;35.75;1;0;0.0;0.0;0.0;0.0;0.0;0.0
2020-06;National;PARIS LYON;LYON PART DIEU;123;448;21;;158;2.892194093;0.807181889;;33;35.57222222;2.371467603;;26;41.93397436;13;5;5.263157895;52.63157895;10.52631579;31.57894737;0.0;0.0
2020-06;National;MACON LOCHE;PARIS LYON;104;153;10;;133;14.93746867;13.86083916;;41;40.64308943;12.85652681;;39;44.39912281;21;6;32.43243243;29.72972973;13.51351351;16.21621622;8.108108108;0.0
2020-06;International;BARCELONA;PARIS LYON;324;58;3;;34;8.101470588;4.812121212;;4;59.69583333;13.79363636;;12;76.22407407;10;4;100.0;0.0;0.0;0.0;0.0;0.0
2020-06;National;PARIS MONTPARNASSE;TOURS;77;105;8;;75;1.471111111;1.017697595;;5;9.91;0.942439863;;0;0.0;0;0;0.0;0.0;33.33333333;66.66666667;0.0;0.0
2020-06;National;PARIS EST;REIMS;46;166;8;;138;1.330193237;1.136814346;;6;20.37777778;0.628902954;;2;38.01666667;1;0;40.0;40.0;20.0;0.0;0.0;0.0
2020-06;National;BREST;PARIS MONTPARNASSE;234;191;8;;116;5.291091954;3.353642987;;11;30.46818182;0.653551913;;11;30.46818182;3;1;42.85714286;0.0;14.28571429;42.85714286;0.0;0.0
2020-06;National;QUIMPER;PARIS MONTPARNASSE;233;154;8;;102;1.425163399;0.9956621;;8;37.23541667;0.515410959;;8;37.23541667;3;1;25.0;0.0;25.0;25.0;0.0;25.0
2020-06;National;METZ;PARIS EST;86;171;13;;109;3.932110092;2.635864979;;17;19.57156863;2.810021097;;8;31.28958333;3;0;17.64705882;17.64705882;35.29411765;23.52941176;5.882352941;0.0
2020-06;National;MONTPELLIER;PARIS LYON;208;171;9;;149;5.148993289;4.722119342;;21;41.43333333;5.909259259;;21;41.43333333;12;5;33.33333333;38.88888889;11.11111111;16.66666667;0.0;0.0
2020-06;National;MARSEILLE ST CHARLES;LYON PART DIEU;108;256;18;;129;3.12002584;1.482563025;;25;25.444;3.206162465;;18;30.68425926;4;2;44.44444444;11.11111111;5.555555556;16.66666667;5.555555556;16.66666667
2020-06;International;ZURICH;PARIS LYON;165;75;7;;57;2.21374269;1.748039216;;5;24.16;3.431617647;;3;33.23888889;2;0;0.0;60.0;20.0;0.0;0.0;20.0
2020-07;National;NICE VILLE;PARIS LYON;361;274;5;;186;2.997311828;1.778624535;;38;42.72280702;7.519021066;;38;42.72280702;23;7;42.10526316;21.05263158;26.31578947;7.894736842;2.631578947;0.0
2020-07;National;LYON PART DIEU;MONTPELLIER;113;183;7;;147;5.568027211;4.624715909;;34;23.34852941;4.806912879;;25;27.304;5;1;11.76470588;14.70588235;38.23529412;11.76470588;14.70588235;8.823529412
2020-07;National;REIMS;PARIS EST;48;192;6;;108;2.831018519;1.440412186;;15;22.63111111;1.596146953;;9;32.09814815;2;1;14.28571429;42.85714286;14.28571429;21.42857143;0.0;7.142857143
2020-07;National;CHAMBERY CHALLES LES EAUX;PARIS LYON;194;112;2;;95;11.35105263;9.771363636;;27;32.87839506;9.631212121;;21;38.61428571;10;2;51.85185185;14.81481481;25.92592593;0.0;7.407407407;0.0
2020-07;National;METZ;PARIS EST;88;243;8;;152;4.204385965;2.634680851;;34;21.81960784;2.801134752;;13;43.21410256;7;2;28.125;28.125;18.75;15.625;3.125;6.25
2020-07;National;PARIS LYON;AVIGNON TGV;162;471;13;;173;4.541811175;1.42150655;;52;25.60608974;3.783406114;;40;29.55583333;15;1;17.30769231;15.38461538;26.92307692;32.69230769;3.846153846;3.846153846
2020-07;National;PARIS LYON;GRENOBLE;182;114;5;;37;1.685135135;0.279357798;;9;25.94444444;3.233944954;;9;25.94444444;3;0;11.11111111;44.44444444;33.33333333;0.0;11.11111111;0.0
2020-07;National;POITIERS;PARIS MONTPARNASSE;100;378;1;;199;4.553852596;2.192484527;;61;16.9010929;3.226702034;;13;43.74615385;7;3;21.42857143;25.0;32.14285714;7.142857143;5.357142857;8.928571429
2020-07;National;PARIS MONTPARNASSE;BORDEAUX ST JEAN;150;708;9;;591;3.423716864;2.807558417;;72;29.83912037;3.54468288;;55;35.24181818;23;7;41.66666667;13.88888889;13.88888889;20.83333333;5.555555556;4.166666667
2020-07;National;PARIS LYON;BELLEGARDE (AIN);165;203;8;;94;2.972340426;1.238034188;;19;39.75175439;5.962051282;;15;47.08222222;9;3;36.84210526;26.31578947;10.52631579;26.31578947;0.0;0.0
2020-07;International;PARIS EST;FRANCFORT;179;124;4;;92;3.273369565;2.400416667;;11;31.28636364;5.002222222;;6;45.42142857;2;1;18.18181818;9.090909091;36.36363636;27.27272727;9.090909091;0.0
2020-07;National;RENNES;PARIS MONTPARNASSE;105;564;4;;424;4.717531447;3.515625;;68;24.80931373;3.738422619;;37;34.8954955;13;4;30.88235294;20.58823529;17.64705882;22.05882353;4.411764706;4.411764706
2020-07;National;PARIS MONTPARNASSE;VANNES;154;259;1;;190;3.520175439;2.417183463;;40;29.425;5.034883721;;31;34.09677419;10;3;42.5;22.5;10.0;22.5;2.5;0.0
2020-07;National;PARIS NORD;LILLE;68;489;14;;463;1.324802016;1.285298246;;41;12.2495935;0.765157895;;9;23.25925926;2;0;32.43243243;10.81081081;32.43243243;13.51351351;10.81081081;0.0
2020-07;National;LILLE;PARIS NORD;68;473;12;;271;2.781426814;1.511966739;;66;19.8719697;3.348806941;;28;35.13630952;14;3;23.80952381;23.80952381;22.22222222;19.04761905;9.523809524;1.587301587
2020-07;National;PARIS LYON;AIX EN PROVENCE TGV;184;416;12;;150;3.847777778;1.128960396;;35;33.18952381;4.244183168;;33;34.51111111;17;3;25.71428571;14.28571429;20.0;31.42857143;5.714285714;2.857142857
2020-07;National;LYON PART DIEU;PARIS LYON;123;579;14;;393;2.935750636;1.982300885;;50;24.79166667;3.183333333;;30;33.28;12;3;34.0;12.0;18.0;22.0;4.0;10.0
2020-07;International;PARIS LYON;BARCELONA;318;36;2;;12;3.913888889;1.00245098;;5;53.83666667;9.17745098;;5;53.83666667;5;1;40.0;0.0;20.0;40.0;0.0;0.0
2020-07;National;LAVAL;PARIS MONTPARNASSE;91;212;0;;139;4.289208633;2.676965409;;28;18.64166667;3.225314465;;12;28.275;4;1;32.14285714;10.71428571;28.57142857;25.0;3.571428571;0.0
2020-07;National;STRASBOURG;NANTES;360;48;2;;31;1.770967742;1.138043478;;3;32.31666667;2.487681159;;3;32.31666667;1;0;33.33333333;33.33333333;0.0;0.0;33.33333333;0.0
2020-07;National;MONTPELLIER;PARIS LYON;210;232;5;;205;7.526747967;6.775697504;;42;39.525;8.858296623;;42;39.525;20;8;35.71428571;14.28571429;28.57142857;11.9047619;9.523809524;0.0
2020-07;National;MARSEILLE ST CHARLES;LYON PART DIEU;104;387;11;;214;5.36347352;2.88820922;;65;30.72564103;6.546852837;;39;42.93760684;24;6;41.53846154;16.92307692;23.07692308;12.30769231;4.615384615;1.538461538
2020-07;National;PARIS MONTPARNASSE;RENNES;104;614;5;;460;3.080833333;2.167487685;;58;28.77126437;2.968418172;;38;37.15921053;15;7;47.36842105;10.52631579;12.28070175;22.80701754;7.01754386;0.0
2020-07;National;RENNES;LYON PART DIEU;241;87;3;;58;6.396551724;4.362896825;;8;39.99583333;6.193849206;;8;39.99583333;4;1;25.0;12.5;25.0;25.0;0.0;12.5
2020-07;National;MULHOUSE VILLE;PARIS LYON;173;233;9;;168;3.034623016;2.205282738;;17;24.08333333;3.437202381;;10;33.11166667;4;1;47.05882353;11.76470588;17.64705882;11.76470588;0.0;11.76470588
2020-07;National;PARIS EST;METZ;87;240;8;;208;1.88525641;1.669971264;;17;19.03137255;0.818965517;;8;29.50555556;4;0;25.0;25.0;25.0;25.0;0.0;0.0
2020-07;National;LYON PART DIEU;LILLE;191;232;7;;186;7.683064516;6.328888889;;53;26.19685535;7.55037037;;36;33.1;15;3;24.52830189;18.86792453;26.41509434;13.20754717;11.32075472;5.660377358
2020-07;National;LE CREUSOT MONTCEAU MONTCHANIN;PARIS LYON;84;210;4;;173;3.498362235;2.881067961;;37;13.07837838;2.705420712;;10;28.73166667;3;1;8.108108108;13.51351351;45.94594595;21.62162162;5.405405405;5.405405405
2020-07;National;PARIS LYON;MACON LOCHE;98;159;4;;66;0.938131313;0.181290323;;5;24.67666667;2.322795699;;3;34.31111111;2;0;20.0;40.0;20.0;0.0;0.0;20.0
2020-07;International;FRANCFORT;PARIS EST;188;117;6;;85;2.911372549;2.002702703;;9;19.94444444;2.338888889;;7;36.61944444;3;1;0.0;22.22222222;44.44444444;22.22222222;0.0;11.11111111
2020-07;International;PARIS EST;STUTTGART;211;54;2;;46;3.018115942;2.635897436;;3;27.19444444;1.566987179;;3;27.19444444;0;0;33.33333333;0.0;33.33333333;0.0;0.0;33.33333333
2020-07;National;QUIMPER;PARIS MONTPARNASSE;230;246;1;;146;1.83173516;1.091564626;;18;38.45277778;3.84047619;;18;38.45277778;7;1;50.0;16.66666667;0.0;22.22222222;5.555555556;5.555555556
2020-07;National;TOULOUSE MATABIAU;PARIS MONTPARNASSE;276;192;1;;69;14.71618357;4.929319372;;30;65.72611111;10.94729494;;30;65.72611111;17;10;31.03448276;31.03448276;10.34482759;20.68965517;3.448275862;3.448275862
2020-07;National;PARIS MONTPARNASSE;TOURS;77;150;1;;118;2.642372881;1.97147651;;20;21.68916667;3.30033557;;9;37.8462963;5;1;27.77777778;11.11111111;38.88888889;16.66666667;0.0;5.555555556
2020-07;National;PARIS LYON;LYON PART DIEU;122;583;16;;233;1.924749642;0.537330982;;25;28.03933333;0.711787184;;21;31.08253968;10;0;24.0;28.0;12.0;16.0;12.0;8.0
2020-07;National;DOUAI;PARIS NORD;75;127;5;;97;1.592268041;1.229234973;;28;18.92619048;5.067486339;;10;38.11833333;5;1;7.692307692;34.61538462;26.92307692;19.23076923;11.53846154;0.0
2020-07;National;MONTPELLIER;LYON PART DIEU;115;162;7;;142;4.665258216;4.260537634;;20;51.345;7.761827957;;15;64.62888889;10;4;20.0;20.0;30.0;20.0;5.0;5.0
2020-07;National;AIX EN PROVENCE TGV;PARIS LYON;189;369;7;;340;4.826568627;4.513996317;;27;34.21296296;3.071362799;;27;34.21296296;14;3;62.96296296;11.11111111;7.407407407;14.81481481;3.703703704;0.0
2020-07;National;PARIS LYON;MULHOUSE VILLE;171;251;10;;116;2.56091954;1.060719225;;20;44.24916667;4.335062241;;15;55.16333333;9;4;50.0;15.0;0.0;30.0;0.0;5.0
2020-07;National;VALENCE ALIXAN TGV;PARIS LYON;136;356;8;;299;9.08277592;7.765469349;;74;33.53445946;7.407279693;;54;41.29969136;30;10;31.50684932;17.80821918;26.02739726;15.06849315;8.219178082;1.369863014
2020-07;National;ARRAS;PARIS NORD;50;247;10;;189;5.468430335;4.310267229;;54;20.2595679;5.199015471;;23;35.4;12;2;17.64705882;35.29411765;17.64705882;19.60784314;7.843137255;1.960784314
2020-07;National;PARIS LYON;PERPIGNAN;307;225;4;;89;3.021910112;0.968552036;;26;41.41474359;3.567873303;;26;41.41474359;16;4;26.92307692;19.23076923;26.92307692;23.07692308;3.846153846;0.0
2020-07;International;GENEVE;PARIS LYON;199;187;7;;179;2.366294227;2.343240741;;11;28.90151515;3.173518519;;11;28.90151515;3;1;9.090909091;45.45454545;27.27272727;0.0;9.090909091;9.090909091
2020-07;National;MARNE LA VALLEE;LYON PART DIEU;109;300;6;;265;4.550062893;4.081972789;;32;25.0625;4.546258503;;22;30.7219697;9;3;16.12903226;25.80645161;6.451612903;25.80645161;22.58064516;3.225806452
2020-07;National;PARIS MONTPARNASSE;BREST;224;203;1;;153;4.200108932;3.02450495;;17;35.94117647;3.923267327;;17;35.94117647;8;2;52.94117647;11.76470588;5.882352941;23.52941176;0.0;5.882352941
2020-07;International;ITALIE;PARIS LYON;454;66;1;;61;4.836065574;4.476923077;;18;48.90277778;19.61487179;;24;48.04015152;10;3;38.88888889;22.22222222;27.77777778;0.0;11.11111111;0.0
2020-07;National;VANNES;PARIS MONTPARNASSE;160;267;2;;236;2.782062147;2.477610063;;31;28.56397849;3.821823899;;19;38.64122807;8;1;35.48387097;16.12903226;12.90322581;19.35483871;6.451612903;9.677419355
2020-07;National;BORDEAUX ST JEAN;TOURCOING;315;31;3;;13;8.730769231;3.853571429;;3;66.0;8.375;;3;66.0;3;1;33.33333333;0.0;33.33333333;33.33333333;0.0;0.0
2020-07;National;BELLEGARDE (AIN);PARIS LYON;169;205;7;;148;2.69786036;1.930555556;;19;21.76578947;2.73013468;;11;28.90151515;3;1;26.31578947;26.31578947;26.31578947;0.0;10.52631579;10.52631579
2020-07;International;PARIS LYON;LAUSANNE;231;134;5;;66;3.381818182;1.558397933;;15;37.16222222;5.543540052;;15;37.16222222;8;1;35.71428571;42.85714286;7.142857143;14.28571429;0.0;0.0
2020-07;National;LA ROCHELLE VILLE;PARIS MONTPARNASSE;173;233;0;;122;1.085655738;0.566165951;;14;26.19047619;2.671602289;;8;37.11458333;3;2;28.57142857;14.28571429;28.57142857;21.42857143;0.0;7.142857143
2020-07;National;PARIS NORD;DUNKERQUE;129;144;1;;133;1.721553885;1.587296037;;17;26.52941176;3.265734266;;11;34.09090909;5;1;11.76470588;52.94117647;0.0;11.76470588;23.52941176;0.0
2020-07;International;ZURICH;PARIS LYON;235;127;7;;120;1.930833333;1.930833333;;7;43.12857143;5.479305556;;7;43.12857143;3;1;57.14285714;0.0;28.57142857;14.28571429;0.0;0.0
2020-07;National;PARIS MONTPARNASSE;TOULOUSE MATABIAU;273;182;1;;158;3.004852321;2.562430939;;24;60.85069444;8.667955801;;24;60.85069444;18;6;41.66666667;29.16666667;8.333333333;12.5;8.333333333;0.0
2020-07;National;LILLE;MARSEILLE ST CHARLES;295;215;2;;112;2.937202381;1.371361502;;20;33.22833333;5.584898279;;20;33.22833333;8;1;45.0;20.0;5.0;10.0;10.0;10.0
2020-07;National;LE MANS;PARIS MONTPARNASSE;62;392;2;;321;4.574247144;3.701837607;;86;18.21182171;4.348076923;;26;39.41025641;14;6;18.18181818;38.96103896;16.88311688;12.98701299;5.194805195;7.792207792
2020-07;National;MARNE LA VALLEE;MARSEILLE ST CHARLES;213;245;2;;215;2.980775194;2.617283951;;20;33.22833333;4.912139918;;20;33.22833333;8;1;45.0;20.0;5.0;10.0;10.0;10.0
2020-07;National;MARSEILLE ST CHARLES;PARIS LYON;203;459;8;;171;9.565692008;3.305025868;;38;37.59035088;3.751921656;;38;37.59035088;21;5;57.89473684;18.42105263;13.15789474;7.894736842;2.631578947;0.0
2020-07;National;TOURS;PARIS MONTPARNASSE;81;157;6;;63;3.376984127;1.280022075;;17;17.80980392;1.968101545;;5;39.66;2;1;28.57142857;21.42857143;21.42857143;21.42857143;7.142857143;0.0
2020-07;National;PARIS NORD;DOUAI;68;124;2;;113;1.867109145;1.714344262;;18;15.88148148;2.477459016;;8;25.45416667;3;0;17.64705882;23.52941176;17.64705882;5.882352941;35.29411765;0.0
2020-07;National;MACON LOCHE;PARIS LYON;100;190;5;;171;7.188693957;6.613963964;;35;24.0552381;6.001081081;;24;29.35972222;9;1;37.14285714;20.0;31.42857143;5.714285714;2.857142857;2.857142857
2020-07;International;STUTTGART;PARIS EST;207;56;2;;44;4.14280303;3.165123457;;4;27.525;1.587345679;;5;38.47083333;1;1;0.0;50.0;25.0;0.0;0.0;25.0
2020-07;International;BARCELONA;PARIS LYON;343;36;2;;16;13.253125;5.336764706;;5;42.33333333;18.31519608;;16;60.18148148;8;2;0.0;20.0;60.0;0.0;20.0;0.0
2020-07;National;PARIS MONTPARNASSE;ANGOULEME;133;294;1;;224;4.319122024;3.161717861;;34;30.7372549;4.409897611;;28;34.74940476;10;4;32.35294118;11.76470588;11.76470588;29.41176471;11.76470588;2.941176471
2020-07;National;ANGERS SAINT LAUD;PARIS MONTPARNASSE;97;459;4;;378;4.05978836;3.341575092;;67;30.85597015;4.893223443;;39;45.19230769;25;9;39.0625;28.125;10.9375;14.0625;3.125;4.6875
2020-07;National;PARIS MONTPARNASSE;NANTES;133;445;5;;371;3.362713387;2.737613636;;50;37.164;4.892727273;;38;45.14210526;20;8;46.0;4.0;18.0;24.0;6.0;2.0
2020-07;International;MADRID;MARSEILLE ST CHARLES;215;5;1;;2;0.508333333;-0.458333333;;1;17.06666667;4.029166667;;1;17.06666667;0;0;100.0;0.0;0.0;0.0;0.0;0.0
2020-07;National;ANGOULEME;PARIS MONTPARNASSE;134;239;0;;189;4.365784832;3.370083682;;26;24.93205128;3.773012552;;12;39.7875;6;2;28.0;20.0;32.0;12.0;4.0;4.0
2020-07;National;PARIS EST;REIMS;47;197;6;;170;2.190098039;1.92547993;;16;17.971875;0.959075044;;7;27.66428571;2;0;18.75;43.75;0.0;25.0;12.5;0.0
2020-07;National;PARIS LYON;SAINT ETIENNE CHATEAUCREUX;176;111;4;;54;0.878395062;0.275545171;;9;22.57037037;-1.250778816;;5;29.80666667;2;0;11.11111111;66.66666667;0.0;22.22222222;0.0;0.0
2020-07;National;LYON PART DIEU;MARNE LA VALLEE;109;259;8;;206;7.43697411;6.081341301;;56;26.74136905;7.881407703;;41;31.96788618;15;3;21.42857143;10.71428571;33.92857143;16.07142857;10.71428571;7.142857143
2020-07;National;PARIS MONTPARNASSE;QUIMPER;225;244;1;;180;3.465925926;2.396707819;;25;28.16;4.096707819;;25;28.16;8;1;40.0;28.0;8.0;24.0;0.0;0.0
2020-07;National;LYON PART DIEU;RENNES;238;90;2;;77;8.904329004;7.769128788;;24;44.08055556;15.08181818;;24;44.08055556;12;3;34.7826087;4.347826087;26.08695652;21.73913043;13.04347826;0.0
2020-07;National;PARIS EST;NANCY;97;212;5;;191;2.697469459;2.477133655;;15;33.27333333;2.159098229;;11;41.19090909;8;2;53.33333333;26.66666667;6.666666667;13.33333333;0.0;0.0
2020-07;National;NANCY;PARIS EST;98;236;5;;221;2.456711916;2.341991342;;17;37.03627451;2.110533911;;14;42.92380952;9;2;17.64705882;35.29411765;5.882352941;29.41176471;11.76470588;0.0
2020-07;National;MARSEILLE ST CHARLES;TOURCOING;294;26;0;;10;4.123333333;1.283974359;;6;26.33333333;10.26923077;;6;26.33333333;1;0;0.0;0.0;66.66666667;16.66666667;16.66666667;0.0
2020-07;National;SAINT ETIENNE CHATEAUCREUX;PARIS LYON;172;109;3;;79;1.847046414;1.229245283;;10;27.39;2.913679245;;6;37.13055556;4;0;40.0;10.0;20.0;20.0;0.0;10.0
2020-07;National;PARIS MONTPARNASSE;POITIERS;100;489;1;;351;3.451994302;2.314788251;;50;25.80066667;3.252015027;;32;34.353125;14;4;28.0;14.0;24.0;20.0;10.0;4.0
2020-07;National;ST PIERRE DES CORPS;PARIS MONTPARNASSE;66;441;6;;344;2.47630814;1.927164751;;66;14.52727273;2.212337165;;14;36.01428571;6;2;16.98113208;24.52830189;30.18867925;15.09433962;7.547169811;5.660377358
2020-07;National;NANTES;STRASBOURG;344;49;1;;24;16.58819444;8.055902778;;6;38.01666667;5.298958333;;6;38.01666667;2;2;33.33333333;50.0;16.66666667;0.0;0.0;0.0
2020-07;National;GRENOBLE;PARIS LYON;183;118;4;;15;12.95111111;1.703654971;;6;38.79722222;3.688596491;;6;38.79722222;2;1;33.33333333;33.33333333;16.66666667;16.66666667;0.0;0.0
2020-07;National;PARIS LYON;MONTPELLIER;208;218;5;;87;2.384099617;0.711345853;;22;31.23257576;3.542957746;;22;31.23257576;8;1;33.33333333;14.28571429;38.0952381;14.28571429;0.0;0.0
2020-07;International;PARIS LYON;ITALIE;428;66;1;;28;1.283333333;0.338974359;;13;46.59871795;9.31974359;;13;46.59871795;7;3;38.46153846;38.46153846;23.07692308;0.0;0.0;0.0
2020-07;National;BREST;PARIS MONTPARNASSE;233;244;2;;141;1.542198582;0.894834711;;15;28.87555556;2.917011019;;15;28.87555556;7;1;46.66666667;20.0;13.33333333;20.0;0.0;0.0
2020-07;National;PARIS LYON;BESANCON FRANCHE COMTE TGV;131;145;3;;62;1.655376344;0.517253521;;6;42.87777778;2.181338028;;5;49.08666667;3;2;33.33333333;16.66666667;0.0;16.66666667;0.0;33.33333333
2020-07;National;DUNKERQUE;PARIS NORD;132;123;3;;6;2.0;0.1;;18;22.35925926;4.763194444;;10;30.09333333;3;0;38.88888889;27.77777778;11.11111111;11.11111111;11.11111111;0.0
2020-07;National;LILLE;LYON PART DIEU;185;275;5;;177;3.619585687;2.290802469;;27;24.13703704;4.352716049;;19;28.77631579;7;2;11.11111111;29.62962963;7.407407407;22.22222222;25.92592593;3.703703704
2020-07;National;DIJON VILLE;PARIS LYON;103;250;9;;219;3.4652207;3.136168741;;9;29.47222222;2.156362379;;5;43.26666667;3;1;33.33333333;33.33333333;11.11111111;0.0;11.11111111;11.11111111
2020-07;National;PARIS LYON;MARSEILLE ST CHARLES;197;512;12;;183;4.866029144;1.4895;;56;32.98630952;5.361666667;;56;32.98630952;26;3;35.71428571;19.64285714;14.28571429;25.0;3.571428571;1.785714286
2020-07;National;BORDEAUX ST JEAN;PARIS MONTPARNASSE;149;738;7;;381;10.38674541;5.238828089;;96;42.07604167;7.096010032;;76;57.44391892;42;23;40.0;28.42105263;10.52631579;12.63157895;6.315789474;2.105263158
2020-07;National;PARIS MONTPARNASSE;LA ROCHELLE VILLE;176;241;0;;162;3.463065844;2.123029046;;18;36.13888889;3.278008299;;15;41.0;7;4;27.77777778;0.0;16.66666667;44.44444444;5.555555556;5.555555556
2020-07;National;PARIS MONTPARNASSE;LE MANS;59;428;3;;325;3.255384615;2.339803922;;78;17.83183761;4.076431373;;25;38.90733333;14;5;27.94117647;7.352941176;32.35294118;22.05882353;7.352941176;2.941176471
2020-07;National;PARIS MONTPARNASSE;ST MALO;161;118;0;;91;1.475457875;0.984039548;;10;30.605;4.308898305;;5;49.34;3;1;30.0;0.0;0.0;40.0;20.0;10.0
2020-07;National;AVIGNON TGV;PARIS LYON;167;460;7;;330;6.256818182;4.425202355;;61;28.13114754;4.19727741;;41;36.0203252;20;4;42.62295082;21.31147541;26.2295082;4.918032787;4.918032787;0.0
2020-07;National;PARIS LYON;NICE VILLE;356;286;7;;101;3.57640264;0.957048984;;38;37.38596491;6.329390681;;38;37.38596491;24;4;31.57894737;34.21052632;18.42105263;10.52631579;5.263157895;0.0
2020-07;National;PERPIGNAN;PARIS LYON;313;215;5;;96;4.310763889;0.517380952;;35;39.04809524;7.959920635;;35;39.04809524;19;6;28.57142857;20.0;25.71428571;20.0;5.714285714;0.0
2020-07;National;NANTES;PARIS MONTPARNASSE;137;535;6;;326;5.7950409;3.352016383;;68;35.14901961;4.984089477;;47;45.29326241;30;11;43.07692308;27.69230769;9.230769231;15.38461538;1.538461538;3.076923077
2020-07;National;PARIS MONTPARNASSE;ST PIERRE DES CORPS;67;419;1;;325;2.489897436;1.799601276;;43;20.24147287;2.373484848;;20;33.7975;10;1;27.5;15.0;37.5;15.0;2.5;2.5
2020-07;National;PARIS LYON;VALENCE ALIXAN TGV;133;338;7;;155;3.091182796;1.236505539;;28;28.09345238;3.033685801;;20;34.0325;11;2;25.92592593;11.11111111;22.22222222;29.62962963;7.407407407;3.703703704
2020-07;International;MARSEILLE ST CHARLES;MADRID;192;6;1;;3;0.822222222;0.363333333;;2;25.15;15.43666667;;2;25.15;1;0;0.0;100.0;0.0;0.0;0.0;0.0
2020-07;National;PARIS EST;STRASBOURG;157;372;12;;323;2.178895769;1.936388889;;21;36.77142857;1.327824074;;16;44.425;9;3;35.0;50.0;5.0;10.0;0.0;0.0
2020-07;National;TOURCOING;BORDEAUX ST JEAN;295;30;2;;10;2.105;0.751785714;;5;28.85666667;5.748809524;;5;28.85666667;2;0;20.0;20.0;40.0;0.0;20.0;0.0
2020-07;National;MARSEILLE ST CHARLES;MARNE LA VALLEE;211;252;5;;111;3.642942943;1.351619433;;41;31.2995935;7.358502024;;41;31.2995935;14;3;21.95121951;12.19512195;34.14634146;14.63414634;12.19512195;4.87804878
2020-07;National;PARIS LYON;ANNECY;224;103;2;;47;1.690780142;0.594719472;;5;39.4;3.935643564;;5;39.4;2;1;40.0;40.0;0.0;20.0;0.0;0.0
2020-07;National;ANNECY;PARIS LYON;234;116;3;;18;4.122222222;0.644100295;;18;26.00277778;5.832300885;;18;26.00277778;5;0;50.0;22.22222222;27.77777778;0.0;0.0;0.0
2020-07;National;BESANCON FRANCHE COMTE TGV;PARIS LYON;136;132;2;;92;2.686775362;1.732948718;;5;39.54;2.455128205;;4;46.0875;2;1;40.0;40.0;20.0;0.0;0.0;0.0
2020-07;National;PARIS LYON;CHAMBERY CHALLES LES EAUX;179;126;2;;54;1.877777778;0.618010753;;11;26.04545455;3.6125;;8;31.3;2;1;27.27272727;36.36363636;18.18181818;9.090909091;9.090909091;0.0
2020-07;National;NIMES;PARIS LYON;182;231;5;;192;8.587413194;7.257300885;;45;36.85592593;8.646386431;;41;39.10487805;19;8;35.55555556;13.33333333;28.88888889;11.11111111;11.11111111;0.0
2020-07;National;LYON PART DIEU;MARSEILLE ST CHARLES;104;394;9;;307;5.103800217;4.029177489;;61;28.85956284;5.791688312;;40;37.56416667;14;3;45.90163934;19.67213115;11.47540984;6.557377049;9.836065574;6.557377049
2020-07;International;PARIS LYON;ZURICH;237;128;6;;62;3.548655914;1.64795082;;18;45.1462963;8.517076503;;15;52.03;10;3;50.0;18.75;0.0;25.0;6.25;0.0
2020-07;National;PARIS MONTPARNASSE;LAVAL;87;248;2;;184;2.336141304;1.586517615;;23;30.74275362;3.883468835;;16;39.52916667;7;3;36.36363636;13.63636364;22.72727273;13.63636364;13.63636364;0.0
2020-07;National;ST MALO;PARIS MONTPARNASSE;172;111;0;;84;2.60952381;1.883783784;;13;26.20512821;4.415465465;;9;32.47962963;2;1;7.692307692;38.46153846;30.76923077;15.38461538;7.692307692;0.0
2020-07;National;PARIS LYON;TOULON;240;335;10;;115;3.814492754;1.002564103;;40;34.60708333;6.789794872;;40;34.60708333;22;5;40.0;25.0;15.0;17.5;2.5;0.0
2020-07;National;TOULON;PARIS LYON;249;328;7;;270;5.134320988;4.269418484;;41;42.80609756;6.658411215;;41;42.80609756;25;8;41.46341463;19.51219512;26.82926829;9.756097561;2.43902439;0.0
2020-07;International;PARIS LYON;GENEVE;192;187;7;;83;3.294176707;1.318611111;;22;39.34924242;7.441111111;;22;39.34924242;10;3;33.33333333;33.33333333;9.523809524;19.04761905;4.761904762;0.0
2020-07;National;PARIS LYON;LE CREUSOT MONTCEAU MONTCHANIN;84;208;2;;92;1.742391304;0.555097087;;18;11.01296296;1.47079288;;2;31.73333333;1;0;22.22222222;22.22222222;38.88888889;11.11111111;5.555555556;0.0
2020-07;National;PARIS LYON;NIMES;178;221;5;;89;2.35093633;0.705709877;;26;24.09423077;4.233641975;;18;29.01111111;8;1;28.0;12.0;32.0;20.0;4.0;4.0
2020-07;International;LAUSANNE;PARIS LYON;235;137;6;;131;1.971501272;1.971501272;;7;30.68095238;3.450254453;;7;30.68095238;2;1;14.28571429;42.85714286;28.57142857;0.0;14.28571429;0.0
2020-07;National;PARIS MONTPARNASSE;ANGERS SAINT LAUD;93;423;2;;353;3.41680831;2.764608076;;58;25.92241379;4.438756928;;34;37.10539216;14;5;36.84210526;7.01754386;22.80701754;22.80701754;8.771929825;1.754385965
2020-07;National;STRASBOURG;PARIS EST;160;374;13;;302;4.381291391;3.637257618;;23;34.67536232;1.063665743;;20;37.98916667;8;2;21.73913043;43.47826087;26.08695652;4.347826087;0.0;4.347826087
2020-07;National;PARIS NORD;ARRAS;49;282;10;;260;1.745320513;1.658088235;;24;14.09583333;1.920833333;;10;21.77166667;1;0;33.33333333;12.5;16.66666667;12.5;25.0;0.0
2020-07;National;MARSEILLE ST CHARLES;LILLE;282;192;4;;91;3.642857143;1.510195035;;36;33.93055556;9.224024823;;36;33.93055556;16;3;27.77777778;19.44444444;25.0;13.88888889;11.11111111;2.777777778
2020-07;National;PARIS LYON;DIJON VILLE;99;287;11;;125;2.674133333;1.023852657;;13;32.53076923;1.312560386;;9;41.64444444;5;2;30.76923077;15.38461538;7.692307692;46.15384615;0.0;0.0
2020-08;National;ANGERS SAINT LAUD;PARIS MONTPARNASSE;97;452;5;;374;3.577361854;2.962229679;;52;32.63301282;3.962005966;;27;52.95061728;13;5;34.04255319;34.04255319;14.89361702;14.89361702;0.0;2.127659574
2020-08;National;PARIS MONTPARNASSE;BORDEAUX ST JEAN;152;707;15;;549;2.970309654;2.235380539;;54;32.43425926;3.237475915;;48;35.54340278;14;5;25.49019608;19.60784314;11.76470588;35.29411765;3.921568627;3.921568627
2020-08;National;QUIMPER;PARIS MONTPARNASSE;230;252;0;;144;1.975347222;1.128769841;;20;25.40666667;3.126521164;;20;25.40666667;7;0;5.0;40.0;10.0;45.0;0.0;0.0
2020-08;National;PARIS MONTPARNASSE;TOULOUSE MATABIAU;273;185;0;;153;1.469934641;1.117477477;;17;91.09901961;8.379459459;;17;91.09901961;14;9;35.29411765;47.05882353;5.882352941;0.0;0.0;11.76470588
2020-08;National;PARIS MONTPARNASSE;TOURS;77;147;3;;112;1.971875;1.413078704;;16;18.00104167;2.42025463;;5;38.24333333;3;0;21.42857143;35.71428571;21.42857143;14.28571429;7.142857143;0.0
2020-08;National;RENNES;LYON PART DIEU;239;90;0;;59;6.234180791;3.980555556;;12;41.89583333;7.674074074;;12;41.89583333;4;2;8.333333333;50.0;8.333333333;8.333333333;8.333333333;16.66666667
2020-08;National;ARRAS;PARIS NORD;50;246;3;;187;4.323707665;3.267352538;;48;15.5375;3.797805213;;12;34.92916667;2;2;12.76595745;51.06382979;17.0212766;6.382978723;8.510638298;4.255319149
2020-08;National;PARIS LYON;DIJON VILLE;98;285;5;;106;2.896698113;0.886904762;;15;22.77222222;1.044464286;;9;30.47777778;4;0;33.33333333;13.33333333;6.666666667;33.33333333;13.33333333;0.0
2020-08;National;PARIS LYON;MONTPELLIER;209;216;0;;114;3.400438596;1.591049383;;17;42.05392157;4.316820988;;17;42.05392157;5;3;18.75;0.0;31.25;37.5;6.25;6.25
2020-08;National;NIMES;PARIS LYON;182;235;2;;204;8.723120915;7.604434907;;45;35.88888889;8.824964235;;41;43.61291667;23;8;42.22222222;13.33333333;20.0;15.55555556;4.444444444;4.444444444
2020-08;National;ANNECY;PARIS LYON;235;117;4;;6;2.405555556;0.118584071;;18;30.95740741;6.743510324;;18;30.95740741;4;1;16.66666667;33.33333333;38.88888889;5.555555556;0.0;5.555555556
2020-08;National;DUNKERQUE;PARIS NORD;133;121;0;;3;2.666666667;0.066115702;;16;24.00520833;4.939118457;;8;35.70208333;1;1;18.75;62.5;12.5;0.0;6.25;0.0
2020-08;National;LYON PART DIEU;PARIS LYON;123;578;5;;429;4.632167832;3.420855148;;55;30.09060606;4.071465969;;38;38.22675439;20;6;14.54545455;10.90909091;38.18181818;14.54545455;10.90909091;10.90909091
2020-08;International;STUTTGART;PARIS EST;153;61;0;;39;9.234615385;5.36147541;;5;63.66;4.296448087;;5;63.66;5;1;60.0;40.0;0.0;0.0;0.0;0.0
2020-08;International;MARSEILLE ST CHARLES;MADRID;0;0;0;;0;0.0;0.0;;0;0.0;0.0;;0;0.0;0;0;0.0;0.0;0.0;0.0;0.0;0.0
2020-08;National;PARIS EST;METZ;85;255;2;;231;1.318975469;1.186429513;;23;12.22318841;0.636890646;;6;24.11388889;1;0;9.090909091;36.36363636;22.72727273;4.545454545;27.27272727;0.0
2020-08;National;MULHOUSE VILLE;PARIS LYON;174;231;4;;188;4.084929078;3.277826725;;31;29.27688172;6.981791483;;23;54.79126984;12;7;6.451612903;32.25806452;41.93548387;16.12903226;3.225806452;0.0
2020-08;National;BREST;PARIS MONTPARNASSE;232;242;5;;165;1.255050505;0.873699015;;12;21.94444444;2.443037975;;12;21.94444444;2;0;8.333333333;41.66666667;8.333333333;25.0;0.0;16.66666667
2020-08;National;MARSEILLE ST CHARLES;MARNE LA VALLEE;211;258;4;;110;4.801666667;1.80511811;;50;35.70266667;9.543832021;;50;35.70266667;17;6;12.0;14.0;28.0;26.0;16.0;4.0
2020-08;National;LE CREUSOT MONTCEAU MONTCHANIN;PARIS LYON;84;212;2;;184;5.076449275;4.414047619;;36;19.81712963;3.703412698;;13;40.19102564;8;3;11.76470588;14.70588235;47.05882353;5.882352941;5.882352941;14.70588235
2020-08;International;PARIS LYON;ITALIE;427;58;0;;37;4.68963964;2.838505747;;9;41.83333333;7.024425287;;9;41.83333333;4;1;22.22222222;11.11111111;22.22222222;33.33333333;11.11111111;0.0
2020-08;National;PARIS MONTPARNASSE;LA ROCHELLE VILLE;176;239;0;;148;2.599436937;1.382426778;;13;37.53846154;2.769874477;;10;44.6;8;1;20.0;40.0;20.0;20.0;0.0;0.0
2020-08;National;LYON PART DIEU;RENNES;234;96;0;;85;6.680392157;5.899479167;;27;34.01851852;11.90086806;;27;34.01851852;8;4;25.0;29.16666667;25.0;12.5;4.166666667;4.166666667
2020-08;National;DIJON VILLE;PARIS LYON;103;250;4;;222;6.164489489;5.542073171;;23;30.98550725;5.196138211;;21;54.66491228;10;7;8.695652174;43.47826087;30.43478261;4.347826087;8.695652174;4.347826087
2020-08;National;NICE VILLE;PARIS LYON;361;278;0;;189;3.833156966;2.475839329;;19;45.61578947;4.500659472;;19;45.61578947;11;6;31.57894737;15.78947368;21.05263158;26.31578947;5.263157895;0.0
2020-08;National;PARIS MONTPARNASSE;BREST;224;188;6;;124;3.169758065;1.946428571;;15;30.6;2.741758242;;15;30.6;5;0;13.33333333;20.0;20.0;33.33333333;13.33333333;0.0
2020-08;National;PARIS MONTPARNASSE;RENNES;104;619;8;;432;2.654861111;1.684478996;;47;24.12411348;2.15365521;;31;30.05989583;11;1;26.08695652;15.2173913;13.04347826;36.95652174;4.347826087;4.347826087
2020-08;National;BORDEAUX ST JEAN;PARIS MONTPARNASSE;149;746;19;;424;16.64599057;9.554126547;;129;52.32196382;11.18473177;;111;66.52222222;66;24;41.26984127;27.77777778;5.555555556;13.49206349;4.761904762;7.142857143
2020-08;National;PARIS MONTPARNASSE;ST PIERRE DES CORPS;67;425;7;;322;2.618167702;1.878548644;;51;17.05;2.372328549;;14;39.40833333;7;2;16.66666667;25.0;33.33333333;10.41666667;10.41666667;4.166666667
2020-08;National;VANNES;PARIS MONTPARNASSE;160;276;0;;246;3.231097561;2.879891304;;32;21.58125;3.224335749;;23;25.1673913;8;0;9.677419355;35.48387097;9.677419355;35.48387097;0.0;9.677419355
2020-08;National;PARIS LYON;MULHOUSE VILLE;171;248;3;;95;3.017894737;0.963197279;;20;31.68916667;2.982244898;;16;36.65729167;10;2;15.0;25.0;25.0;30.0;5.0;0.0
2020-08;National;PARIS NORD;DUNKERQUE;129;146;0;;141;1.226713948;1.180251142;;14;21.14285714;2.767123288;;9;26.44444444;2;1;21.42857143;57.14285714;14.28571429;0.0;0.0;7.142857143
2020-08;National;LILLE;PARIS NORD;69;461;5;;269;1.74417596;0.890899123;;45;13.91185185;2.168019006;;13;26.57820513;2;1;20.0;27.5;20.0;10.0;15.0;7.5
2020-08;National;LYON PART DIEU;MARNE LA VALLEE;109;251;3;;209;7.521610845;6.318682796;;70;23.88928571;8.847782258;;51;28.95666667;11;4;10.0;14.28571429;38.57142857;15.71428571;14.28571429;7.142857143
2020-08;National;BESANCON FRANCHE COMTE TGV;PARIS LYON;138;134;2;;85;6.631176471;4.081186869;;9;25.91296296;5.419823232;;10;73.88125;6;5;11.11111111;44.44444444;22.22222222;0.0;11.11111111;11.11111111
2020-08;National;TOULON;PARIS LYON;250;338;1;;284;3.934800469;3.268892186;;24;47.52083333;4.334421365;;24;47.52083333;14;7;29.16666667;25.0;20.83333333;20.83333333;4.166666667;0.0
2020-08;National;PARIS MONTPARNASSE;ST MALO;160;122;0;;85;2.241372549;1.396311475;;12;22.88194444;1.586338798;;8;28.16666667;2;0;58.33333333;8.333333333;8.333333333;16.66666667;0.0;8.333333333
2020-08;National;PARIS LYON;BELLEGARDE (AIN);165;206;3;;95;3.752105263;1.551724138;;26;24.60897436;5.075944171;;24;25.74722222;2;1;15.38461538;42.30769231;23.07692308;15.38461538;3.846153846;0.0
2020-08;National;PARIS LYON;GRENOBLE;184;111;0;;45;2.447407407;0.741441441;;7;32.92857143;3.612612613;;7;32.92857143;4;0;0.0;28.57142857;28.57142857;28.57142857;0.0;14.28571429
2020-08;National;PARIS LYON;LE CREUSOT MONTCEAU MONTCHANIN;83;210;4;;99;2.254545455;0.860032362;;23;13.11811594;1.849676375;;5;30.68;2;0;4.545454545;18.18181818;40.90909091;18.18181818;18.18181818;0.0
2020-08;National;LYON PART DIEU;MARSEILLE ST CHARLES;105;395;0;;331;6.740382679;5.615696203;;60;34.15583333;6.293080169;;45;41.35148148;19;7;25.0;23.33333333;26.66666667;13.33333333;6.666666667;5.0
2020-08;National;TOURS;PARIS MONTPARNASSE;82;157;2;;67;1.748756219;0.627096774;;21;15.0952381;2.25483871;;7;28.73333333;2;1;18.75;37.5;18.75;18.75;0.0;6.25
2020-08;National;GRENOBLE;PARIS LYON;183;122;0;;18;24.83055556;3.66352459;;12;32.38611111;4.356010929;;12;32.38611111;7;0;16.66666667;25.0;41.66666667;16.66666667;0.0;0.0
2020-08;National;DOUAI;PARIS NORD;75;118;1;;92;1.973550725;1.516239316;;24;10.65486111;3.011111111;;3;23.03888889;0;0;4.166666667;54.16666667;16.66666667;8.333333333;12.5;4.166666667
2020-08;National;PARIS LYON;BESANCON FRANCHE COMTE TGV;131;147;3;;53;3.964465409;1.250462963;;12;24.72777778;2.281365741;;8;31.21666667;4;0;33.33333333;25.0;16.66666667;16.66666667;8.333333333;0.0
2020-08;National;PARIS MONTPARNASSE;QUIMPER;225;240;0;;167;2.670359281;1.644652778;;14;29.39285714;3.0625;;14;29.39285714;6;0;15.38461538;23.07692308;7.692307692;30.76923077;15.38461538;7.692307692
2020-08;National;TOULOUSE MATABIAU;PARIS MONTPARNASSE;276;194;3;;82;16.57682927;6.761169284;;23;92.33478261;11.63621291;;23;92.33478261;14;7;52.17391304;26.08695652;0.0;13.04347826;4.347826087;4.347826087
2020-08;National;MACON LOCHE;PARIS LYON;100;192;5;;168;7.334126984;6.558110517;;40;21.49416667;5.94144385;;26;26.32628205;7;1;25.0;12.5;37.5;12.5;2.5;10.0
2020-08;National;PARIS LYON;SAINT ETIENNE CHATEAUCREUX;171;118;1;;43;1.624418605;0.345441595;;9;27.39074074;3.209116809;;5;40.21666667;3;0;22.22222222;0.0;55.55555556;11.11111111;0.0;11.11111111
2020-08;National;PARIS LYON;TOULON;238;313;3;;104;8.163141026;2.366290323;;40;34.53583333;4.797688172;;40;34.53583333;15;3;30.76923077;23.07692308;7.692307692;30.76923077;7.692307692;0.0
2020-08;International;LAUSANNE;PARIS LYON;231;148;2;;139;2.421223022;2.260159817;;13;29.08333333;3.365182648;;12;30.54722222;3;1;0.0;46.15384615;23.07692308;23.07692308;0.0;7.692307692
2020-08;National;PARIS MONTPARNASSE;ANGERS SAINT LAUD;93;429;3;;356;2.243539326;1.782550861;;51;15.75620915;2.790571205;;17;28.86078431;4;2;22.44897959;14.28571429;28.57142857;18.36734694;8.163265306;8.163265306
2020-08;National;PARIS LYON;NIMES;179;216;0;;114;3.400438596;1.588425926;;26;29.01089744;5.042361111;;16;38.95416667;4;2;4.0;12.0;40.0;32.0;4.0;8.0
2020-08;National;PARIS EST;NANCY;96;217;0;;187;1.240641711;1.040706605;;7;22.96904762;0.864516129;;4;30.8625;1;0;28.57142857;14.28571429;28.57142857;0.0;14.28571429;14.28571429
2020-08;National;STRASBOURG;NANTES;354;53;0;;28;5.319047619;2.716352201;;11;30.84090909;7.151257862;;11;30.84090909;5;1;45.45454545;27.27272727;9.090909091;18.18181818;0.0;0.0
2020-08;National;PARIS NORD;ARRAS;48;278;1;;268;1.471206468;1.417509025;;28;11.67440476;1.745306859;;6;25.21944444;2;0;28.0;16.0;32.0;4.0;20.0;0.0
2020-08;National;LILLE;MARSEILLE ST CHARLES;294;215;0;;103;3.060517799;1.288372093;;26;35.03076923;5.807984496;;26;35.03076923;8;3;34.61538462;11.53846154;23.07692308;23.07692308;7.692307692;0.0
2020-08;National;PARIS LYON;CHAMBERY CHALLES LES EAUX;179;113;0;;59;5.433615819;2.655014749;;15;30.65;4.904277286;;12;35.14305556;5;1;6.666666667;13.33333333;33.33333333;46.66666667;0.0;0.0
2020-08;National;ANGOULEME;PARIS MONTPARNASSE;133;243;4;;201;5.403814262;4.50292887;;36;20.77083333;4.262273361;;19;28.00701754;6;0;9.090909091;30.3030303;12.12121212;21.21212121;9.090909091;18.18181818
2020-08;National;PARIS MONTPARNASSE;LE MANS;59;427;4;;325;3.039128205;2.190622537;;69;15.86594203;3.648108747;;17;39.42156863;8;3;19.35483871;19.35483871;35.48387097;19.35483871;4.838709677;1.612903226
2020-08;National;NANTES;PARIS MONTPARNASSE;137;526;5;;314;4.516825902;2.506877799;;51;37.90522876;4.008349328;;34;50.59166667;17;6;38.7755102;32.65306122;10.20408163;12.24489796;2.040816327;4.081632653
2020-08;National;PARIS MONTPARNASSE;POITIERS;101;495;5;;341;2.739784946;1.719353741;;57;21.54385965;3.262244898;;23;37.51449275;11;2;18.18181818;16.36363636;20.0;25.45454545;10.90909091;9.090909091
2020-08;National;BORDEAUX ST JEAN;TOURCOING;315;34;4;;13;5.287179487;2.052222222;;2;22.5;3.4;;2;22.5;0;0;0.0;0.0;100.0;0.0;0.0;0.0
2020-08;National;MARSEILLE ST CHARLES;TOURCOING;294;30;0;;15;10.21666667;4.831111111;;9;30.44444444;13.06666667;;9;30.44444444;4;0;11.11111111;0.0;22.22222222;44.44444444;11.11111111;11.11111111
2020-08;National;RENNES;PARIS MONTPARNASSE;105;567;7;;391;3.113682864;2.108988095;;57;27.30204678;3.7725;;40;33.66916667;15;4;16.36363636;32.72727273;12.72727273;30.90909091;0.0;7.272727273
2020-08;National;METZ;PARIS EST;86;254;1;;142;2.730985915;1.440447958;;27;14.60061728;1.950790514;;11;22.86666667;2;0;12.0;12.0;44.0;16.0;16.0;0.0
2020-08;National;PARIS EST;REIMS;46;201;0;;179;1.477653631;1.288971808;;16;16.215625;1.391956882;;7;23.67619048;1;0;6.25;75.0;0.0;18.75;0.0;0.0
2020-08;National;PARIS LYON;LYON PART DIEU;122;584;7;;254;3.652755906;1.362247256;;37;27.51846847;2.05011554;;26;33.95128205;11;3;21.62162162;13.51351351;32.43243243;24.32432432;8.108108108;0.0
2020-08;International;PARIS LYON;ZURICH;235;127;2;;52;3.06474359;1.0496;;13;35.41153846;5.461466667;;13;35.41153846;7;2;11.11111111;22.22222222;22.22222222;44.44444444;0.0;0.0
2020-08;National;LA ROCHELLE VILLE;PARIS MONTPARNASSE;173;238;0;;133;1.953007519;1.08802521;;21;23.83968254;3.454691877;;16;27.44895833;3;1;0.0;42.85714286;9.523809524;19.04761905;9.523809524;19.04761905
2020-08;National;NANTES;STRASBOURG;337;57;0;;32;6.678125;3.523976608;;4;139.5458333;10.75935673;;4;139.5458333;4;4;50.0;50.0;0.0;0.0;0.0;0.0
2020-08;National;BELLEGARDE (AIN);PARIS LYON;171;207;3;;141;3.121631206;2.049673203;;25;22.05733333;3.235702614;;18;25.84166667;3;1;12.0;40.0;20.0;20.0;0.0;8.0
2020-08;National;PERPIGNAN;PARIS LYON;315;220;2;;104;4.409134615;1.20412844;;32;36.93385417;7.88058104;;36;42.01813725;19;5;31.25;28.125;15.625;9.375;9.375;6.25
2020-08;National;MONTPELLIER;LYON PART DIEU;115;167;1;;151;3.553863135;3.211947791;;21;38.49444444;6.132630522;;13;54.67307692;8;5;28.57142857;42.85714286;23.80952381;0.0;4.761904762;0.0
2020-08;International;FRANCFORT;PARIS EST;133;120;3;;74;10.74144144;6.531196581;;22;27.64469697;6.091452991;;14;36.32261905;6;2;40.90909091;18.18181818;18.18181818;9.090909091;13.63636364;0.0
2020-08;National;ST MALO;PARIS MONTPARNASSE;170;118;0;;82;1.647560976;0.979943503;;11;32.1530303;4.478813559;;10;34.21666667;4;1;27.27272727;27.27272727;27.27272727;18.18181818;0.0;0.0
2020-08;National;LILLE;LYON PART DIEU;183;282;0;;182;3.813278388;2.391607565;;32;20.04375;4.206560284;;15;28.27777778;4;0;21.875;12.5;25.0;21.875;15.625;3.125
2020-08;National;LYON PART DIEU;LILLE;191;221;3;;184;7.735507246;6.510244648;;59;23.61242938;7.875229358;;44;28.39534884;9;4;20.33898305;16.94915254;30.50847458;11.86440678;13.55932203;6.779661017
2020-08;National;PARIS LYON;ANNECY;223;104;2;;36;5.744444444;1.778594771;;6;42.16666667;4.034313725;;6;42.16666667;1;1;16.66666667;33.33333333;16.66666667;33.33333333;0.0;0.0
2020-08;National;MARSEILLE ST CHARLES;PARIS LYON;203;465;1;;162;9.640226337;3.020186782;;42;44.87460317;4.979418103;;42;44.87460317;23;12;40.47619048;26.19047619;21.42857143;9.523809524;2.380952381;0.0
2020-08;International;MADRID;MARSEILLE ST CHARLES;0;0;0;;0;0.0;0.0;;0;0.0;0.0;;0;0.0;0;0;0.0;0.0;0.0;0.0;0.0;0.0
2020-08;National;STRASBOURG;PARIS EST;158;376;6;;298;5.220861298;4.161936937;;29;37.01666667;2.33527027;;23;43.73623188;11;5;41.37931034;17.24137931;20.68965517;10.34482759;6.896551724;3.448275862
2020-08;National;PARIS LYON;PERPIGNAN;306;232;0;;111;3.535435435;1.463002874;;25;41.57466667;3.649784483;;25;41.57466667;14;3;20.0;48.0;4.0;24.0;0.0;4.0
2020-08;National;MONTPELLIER;PARIS LYON;210;236;2;;204;7.315604575;6.352136752;;39;39.69102564;8.782193732;;41;43.61291667;23;8;41.02564103;15.38461538;17.94871795;17.94871795;5.128205128;2.564102564
2020-08;National;MARSEILLE ST CHARLES;LYON PART DIEU;104;381;3;;210;4.673333333;2.434082892;;50;38.30766667;6.628042328;;37;47.50945946;17;9;18.36734694;28.57142857;16.32653061;18.36734694;12.24489796;6.12244898
2020-08;National;LYON PART DIEU;MONTPELLIER;113;185;0;;146;6.119977169;4.793873874;;32;21.7796875;3.895135135;;27;23.62962963;5;1;6.25;31.25;43.75;6.25;6.25;6.25
2020-08;International;PARIS LYON;GENEVE;191;186;2;;81;2.070781893;0.693025362;;24;22.75486111;4.977173913;;24;22.75486111;5;0;13.04347826;43.47826087;21.73913043;13.04347826;8.695652174;0.0
2020-08;National;PARIS MONTPARNASSE;ANGOULEME;133;296;5;;205;3.963170732;2.603264605;;31;30.96182796;4.248739977;;19;42.50087719;8;3;24.13793103;13.79310345;17.24137931;37.93103448;3.448275862;3.448275862
2020-08;International;BARCELONA;PARIS LYON;315;31;1;;18;4.842592593;1.915555556;;6;58.02222222;13.93388889;;6;58.02222222;4;2;16.66666667;16.66666667;0.0;66.66666667;0.0;0.0
2020-08;National;PARIS NORD;DOUAI;68;120;1;;113;1.013126844;0.958263305;;13;10.13974359;1.269607843;;2;18.40833333;0;0;8.333333333;25.0;33.33333333;25.0;8.333333333;0.0
2020-08;International;ITALIE;PARIS LYON;438;59;1;;54;3.268518519;3.043103448;;23;28.94130435;15.03304598;;23;28.94130435;10;1;26.08695652;13.04347826;52.17391304;4.347826087;0.0;4.347826087
2020-08;National;PARIS LYON;AVIGNON TGV;162;454;3;;172;5.607945736;1.843348115;;57;27.76578947;4.260125647;;40;34.51291667;13;4;19.29824561;12.28070175;33.33333333;28.07017544;5.263157895;1.754385965
2020-08;National;SAINT ETIENNE CHATEAUCREUX;PARIS LYON;172;115;1;;78;1.197649573;0.409649123;;5;31.66666667;2.046783626;;3;45.86111111;2;0;0.0;20.0;40.0;0.0;40.0;0.0
2020-08;National;PARIS LYON;VALENCE ALIXAN TGV;133;353;0;;181;2.819337017;1.251794145;;31;26.91935484;3.262606232;;15;42.55222222;6;2;3.225806452;9.677419355;29.03225806;48.38709677;3.225806452;6.451612903
2020-08;International;PARIS LYON;LAUSANNE;224;146;3;;63;1.781481481;0.580885781;;14;24.09880952;3.172144522;;14;24.09880952;2;0;14.28571429;42.85714286;14.28571429;14.28571429;7.142857143;7.142857143
2020-08;National;REIMS;PARIS EST;46;201;0;;119;0.432633053;0.205555556;;12;10.69583333;1.467578773;;2;33.6;1;0;11.11111111;11.11111111;55.55555556;22.22222222;0.0;0.0
2020-08;National;PARIS LYON;MARSEILLE ST CHARLES;196;492;4;;173;5.246435453;1.549692623;;51;29.63202614;4.647984973;;51;29.63202614;17;2;25.49019608;19.60784314;23.52941176;29.41176471;1.960784314;0.0
2020-08;National;PARIS MONTPARNASSE;LAVAL;87;248;1;;192;2.038541667;1.454318489;;32;15.81145833;2.932726046;;12;25.75833333;2;0;22.58064516;19.35483871;25.80645161;29.03225806;0.0;3.225806452
2020-08;National;PARIS MONTPARNASSE;NANTES;133;460;3;;381;1.894094488;1.485667396;;34;29.4754902;2.777899344;;21;40.79285714;8;5;39.39393939;12.12121212;24.24242424;12.12121212;3.03030303;9.090909091
2020-08;National;PARIS MONTPARNASSE;VANNES;154;250;0;;175;2.626380952;1.627866667;;25;24.2;2.82;;17;29.29411765;6;0;12.5;29.16666667;16.66666667;20.83333333;8.333333333;12.5
2020-08;National;NANCY;PARIS EST;96;239;1;;227;2.474816446;2.35140056;;11;25.3530303;0.957843137;;8;31.025;4;0;27.27272727;18.18181818;36.36363636;9.090909091;9.090909091;0.0
2020-08;National;PARIS EST;STRASBOURG;157;377;3;;326;2.309662577;1.990196078;;21;58.80396825;3.660784314;;18;66.75185185;14;7;38.0952381;23.80952381;0.0;28.57142857;9.523809524;0.0
2020-08;National;PARIS NORD;LILLE;68;485;2;;471;1.325831564;1.288612836;;35;14.71809524;0.861628709;;10;27.695;3;1;32.35294118;11.76470588;23.52941176;5.882352941;23.52941176;2.941176471
2020-08;National;AVIGNON TGV;PARIS LYON;167;470;1;;363;5.336225895;4.033439943;;57;32.20087719;4.650888415;;41;39.94186992;19;8;35.0877193;24.56140351;29.8245614;7.01754386;3.50877193;0.0
2020-08;National;PARIS LYON;NICE VILLE;356;278;2;;95;8.177192982;2.448852657;;28;35.40059524;4.758031401;;28;35.40059524;16;4;28.57142857;21.42857143;10.71428571;35.71428571;3.571428571;0.0
2020-08;National;VALENCE ALIXAN TGV;PARIS LYON;137;370;2;;308;8.64788961;7.189311594;;69;31.15434783;6.673505435;;53;41.11185897;27;10;33.82352941;20.58823529;19.11764706;14.70588235;4.411764706;7.352941176
2020-08;National;TOURCOING;BORDEAUX ST JEAN;297;33;3;;9;1.55;0.451111111;;7;46.72857143;11.4;;7;46.72857143;3;1;14.28571429;0.0;42.85714286;14.28571429;28.57142857;0.0
2020-08;National;AIX EN PROVENCE TGV;PARIS LYON;189;374;1;;351;5.564719848;5.217649687;;32;48.4859375;4.820420018;;32;48.4859375;19;8;40.625;25.0;21.875;12.5;0.0;0.0
2020-08;International;PARIS LYON;BARCELONA;319;31;0;;11;8.521212121;2.724193548;;3;99.91111111;10.48763441;;3;99.91111111;3;2;0.0;33.33333333;0.0;66.66666667;0.0;0.0
2020-08;National;POITIERS;PARIS MONTPARNASSE;100;381;4;;217;5.931336406;3.197435897;;66;17.3959596;3.719938108;;23;34.38115942;7;4;10.9375;37.5;12.5;10.9375;7.8125;20.3125
2020-08;National;MARSEILLE ST CHARLES;LILLE;283;194;4;;90;3.916851852;1.629385965;;39;37.7991453;10.54789474;;39;37.7991453;12;6;23.07692308;20.51282051;23.07692308;17.94871795;12.82051282;2.564102564
2020-08;National;PARIS LYON;MACON LOCHE;98;164;4;;60;4.543888889;1.443958333;;12;30.24444444;3.450625;;7;43.50952381;4;1;8.333333333;8.333333333;33.33333333;41.66666667;8.333333333;0.0
2020-08;National;LE MANS;PARIS MONTPARNASSE;62;394;5;;308;5.775324675;4.493916024;;68;30.18210784;5.517523565;;27;63.07716049;15;8;26.5625;31.25;14.0625;21.875;0.0;6.25
2020-08;National;ST PIERRE DES CORPS;PARIS MONTPARNASSE;66;444;4;;350;2.96747619;2.31530303;;71;16.81737089;2.842613636;;25;32.59333333;8;3;13.1147541;36.06557377;16.39344262;18.03278689;8.196721311;8.196721311
2020-08;National;MARNE LA VALLEE;LYON PART DIEU;110;314;1;;292;3.749143836;3.484025559;;36;20.7787037;4.20228967;;16;30.50416667;5;1;22.22222222;13.88888889;25.0;22.22222222;13.88888889;2.777777778
2020-08;National;PARIS LYON;AIX EN PROVENCE TGV;184;401;4;;146;4.846347032;1.483669186;;30;28.535;3.394668346;;28;29.74940476;6;2;16.66666667;16.66666667;26.66666667;36.66666667;3.333333333;0.0
2020-08;National;LAVAL;PARIS MONTPARNASSE;91;217;3;;140;5.349285714;3.359423676;;28;30.6375;4.75194704;;18;42.19444444;7;4;19.23076923;26.92307692;23.07692308;30.76923077;0.0;0.0
2020-08;National;MARNE LA VALLEE;MARSEILLE ST CHARLES;213;246;0;;215;2.980620155;2.586314363;;27;34.38209877;5.323102981;;27;34.38209877;8;3;33.33333333;11.11111111;25.92592593;22.22222222;7.407407407;0.0
2020-08;International;PARIS EST;STUTTGART;160;57;1;;49;3.171428571;2.752380952;;2;82.625;3.311011905;;2;82.625;2;1;50.0;0.0;0.0;50.0;0.0;0.0
2020-08;National;CHAMBERY CHALLES LES EAUX;PARIS LYON;195;107;4;;91;10.65054945;9.385436893;;28;29.64404762;9.733656958;;23;33.1884058;7;2;28.57142857;21.42857143;42.85714286;3.571428571;0.0;3.571428571
2020-08;International;PARIS EST;FRANCFORT;122;127;1;;89;2.284269663;1.53994709;;8;28.2125;3.103042328;;4;43.90833333;2;1;12.5;25.0;12.5;25.0;25.0;0.0
2020-08;International;GENEVE;PARIS LYON;200;186;2;;182;2.181135531;2.136231884;;15;27.31222222;3.331793478;;14;28.44047619;3;1;6.666666667;40.0;20.0;26.66666667;0.0;6.666666667
2020-08;International;ZURICH;PARIS LYON;235;128;2;;123;1.176151762;1.141269841;;19;40.60350877;8.757142857;;17;43.88921569;8;4;10.52631579;21.05263158;36.84210526;26.31578947;5.263157895;0.0
2020-09;National;PARIS LYON;MARSEILLE ST CHARLES;197;510;1;;177;3.484839925;0.907662083;;34;33.83235294;3.385527177;;34;33.83235294;15;3;41.17647059;23.52941176;11.76470588;17.64705882;5.882352941;0.0
2020-09;National;MULHOUSE VILLE;PARIS LYON;173;271;1;;208;2.399358974;1.79117284;;24;32.53055556;4.695123457;;15;44.61555556;10;3;4.166666667;29.16666667;25.0;16.66666667;20.83333333;4.166666667
2020-09;National;PARIS MONTPARNASSE;LA ROCHELLE VILLE;176;216;0;;163;2.209304703;1.546450617;;10;39.7;2.636574074;;7;51.5;4;3;40.0;20.0;20.0;20.0;0.0;0.0
2020-09;National;PARIS MONTPARNASSE;NANTES;132;492;3;;355;2.127981221;1.387559646;;44;28.20681818;2.48609407;;30;35.52388889;11;3;50.0;19.04761905;19.04761905;9.523809524;2.380952381;0.0
2020-09;National;POITIERS;PARIS MONTPARNASSE;101;399;0;;204;6.247712418;2.967000835;;67;22.68855721;3.971428571;;32;38.25364583;14;6;19.04761905;46.03174603;22.22222222;7.936507937;3.174603175;1.587301587
2020-09;International;GENEVE;PARIS LYON;195;207;3;;203;2.619047619;2.600081699;;16;41.1125;4.908496732;;16;41.1125;7;1;18.75;25.0;0.0;37.5;12.5;6.25
2020-09;National;GRENOBLE;PARIS LYON;184;214;1;;23;6.502898551;0.702190923;;13;37.92051282;3.933646322;;12;40.05694444;8;3;30.76923077;46.15384615;7.692307692;7.692307692;7.692307692;0.0
2020-09;National;PARIS LYON;MACON LOCHE;97;199;1;;94;2.033333333;0.771801347;;12;23.18194444;3.468602694;;7;31.13095238;2;1;25.0;16.66666667;16.66666667;41.66666667;0.0;0.0
2020-09;National;MACON LOCHE;PARIS LYON;99;208;3;;174;5.673084291;4.783739837;;29;21.67701149;4.760325203;;20;25.6925;4;0;27.5862069;24.13793103;37.93103448;0.0;10.34482759;0.0
2020-09;National;MONTPELLIER;PARIS LYON;208;209;1;;188;3.667464539;3.283413462;;14;36.25238095;3.460016026;;14;36.25238095;4;3;21.42857143;28.57142857;14.28571429;21.42857143;7.142857143;7.142857143
2020-09;International;PARIS LYON;LAUSANNE;223;174;3;;66;2.166161616;0.619980507;;21;35.40952381;5.45877193;;20;36.61333333;6;1;19.04761905;52.38095238;19.04761905;4.761904762;4.761904762;0.0
2020-09;National;ANGERS SAINT LAUD;PARIS MONTPARNASSE;97;434;2;;344;2.153439922;1.675810185;;50;26.036;3.034915123;;28;38.41845238;15;4;29.16666667;39.58333333;10.41666667;12.5;2.083333333;6.25
2020-09;National;TOULOUSE MATABIAU;PARIS MONTPARNASSE;278;198;1;;61;6.65;1.666835871;;31;35.35806452;6.281133672;;33;38.58125;16;5;43.33333333;23.33333333;23.33333333;10.0;0.0;0.0
2020-09;National;LILLE;LYON PART DIEU;184;268;3;;161;2.712939959;1.551006289;;23;27.41086957;4.846981132;;18;31.3212963;7;1;34.7826087;13.04347826;21.73913043;17.39130435;13.04347826;0.0
2020-09;National;SAINT ETIENNE CHATEAUCREUX;PARIS LYON;170;113;1;;69;1.093961353;0.59672619;;10;16.57333333;2.233630952;;5;20.92;0;0;0.0;10.0;60.0;10.0;10.0;10.0
2020-09;National;VALENCE ALIXAN TGV;PARIS LYON;134;264;1;;202;4.623349835;3.48365019;;25;32.07466667;3.620468948;;21;35.92142857;6;3;28.0;32.0;8.0;16.0;8.0;8.0
2020-09;National;PARIS MONTPARNASSE;QUIMPER;225;243;1;;173;2.642678227;1.690082645;;21;28.47619048;3.090909091;;21;28.47619048;7;0;38.0952381;19.04761905;14.28571429;14.28571429;4.761904762;9.523809524
2020-09;National;METZ;PARIS EST;86;255;1;;154;2.841341991;1.644094488;;24;17.58611111;2.262729659;;12;27.09583333;2;1;19.04761905;14.28571429;33.33333333;19.04761905;4.761904762;9.523809524
2020-09;National;PARIS MONTPARNASSE;RENNES;104;609;3;;430;2.288604651;1.44639714;;44;26.46363636;1.868591859;;37;29.20720721;14;1;40.90909091;22.72727273;11.36363636;15.90909091;9.090909091;0.0
2020-09;National;PARIS MONTPARNASSE;TOULOUSE MATABIAU;272;174;2;;141;3.749881797;2.99244186;;22;45.35378788;5.766085271;;22;45.35378788;16;4;50.0;18.18181818;4.545454545;22.72727273;4.545454545;0.0
2020-09;National;TOURS;PARIS MONTPARNASSE;80;186;0;;71;1.038967136;0.229480287;;24;16.82222222;2.026612903;;8;35.38333333;5;1;19.04761905;23.80952381;38.0952381;19.04761905;0.0;0.0
2020-09;National;PARIS NORD;ARRAS;48;276;4;;253;1.453227931;1.321813725;;23;14.40942029;1.990318627;;4;41.95416667;4;0;18.18181818;27.27272727;13.63636364;27.27272727;13.63636364;0.0
2020-09;International;PARIS LYON;ZURICH;230;137;1;;54;2.787037037;0.821446078;;26;27.04038462;7.140318627;;22;29.89772727;8;3;0.0;52.0;16.0;24.0;8.0;0.0
2020-09;National;LYON PART DIEU;MONTPELLIER;112;196;1;;137;5.014963504;3.463931624;;24;29.76597222;4.048205128;;14;42.31190476;8;3;41.66666667;20.83333333;16.66666667;12.5;8.333333333;0.0
2020-09;International;PARIS LYON;ITALIE;425;73;0;;34;3.981862745;1.632876712;;11;37.31818182;6.920547945;;11;37.31818182;6;2;18.18181818;18.18181818;27.27272727;27.27272727;9.090909091;0.0
2020-09;National;STRASBOURG;PARIS EST;154;379;6;;295;2.958361582;2.257059875;;18;23.4962963;0.932350313;;11;31.13484848;6;0;38.88888889;5.555555556;22.22222222;27.77777778;5.555555556;0.0
2020-09;National;AIX EN PROVENCE TGV;PARIS LYON;188;362;1;;322;4.566459627;4.044598338;;28;36.07440476;3.46278855;;28;36.07440476;11;3;25.0;17.85714286;21.42857143;35.71428571;0.0;0.0
2020-09;National;PARIS LYON;BELLEGARDE (AIN);165;200;4;;88;3.479924242;1.364370748;;26;32.77435897;5.956037415;;20;40.93333333;7;4;15.38461538;30.76923077;11.53846154;38.46153846;3.846153846;0.0
2020-09;National;PARIS LYON;NIMES;179;219;2;;94;2.859219858;0.977803379;;16;27.23541667;2.974884793;;13;30.77051282;5;1;20.0;13.33333333;33.33333333;33.33333333;0.0;0.0
2020-09;International;STUTTGART;PARIS EST;177;63;2;;44;6.106818182;4.098907104;;5;18.70666667;1.325409836;;3;22.8;0;0;20.0;20.0;40.0;20.0;0.0;0.0
2020-09;National;LILLE;PARIS NORD;68;586;7;;282;1.60821513;0.587996546;;58;10.50804598;1.678411054;;10;21.25;1;0;8.333333333;18.75;39.58333333;12.5;18.75;2.083333333
2020-09;International;BARCELONA;PARIS LYON;314;29;0;;3;4.822222222;-2.989655172;;1;25.21666667;1.460344828;;1;25.21666667;0;0;100.0;0.0;0.0;0.0;0.0;0.0
2020-09;International;PARIS LYON;BARCELONA;318;31;1;;13;8.616666667;3.536111111;;6;61.36111111;13.09277778;;6;61.36111111;4;2;0.0;50.0;16.66666667;33.33333333;0.0;0.0
2020-09;National;REIMS;PARIS EST;46;192;1;;99;1.539225589;0.308726003;;18;12.79351852;2.109947644;;4;27.64583333;2;0;29.41176471;5.882352941;41.17647059;11.76470588;5.882352941;5.882352941
2020-09;National;PARIS LYON;AIX EN PROVENCE TGV;185;390;0;;132;3.101262626;0.753504274;;23;33.95869565;2.784871795;;23;33.95869565;11;2;43.47826087;13.04347826;4.347826087;39.13043478;0.0;0.0
2020-09;National;ANNECY;PARIS LYON;230;140;2;;8;1.885416667;0.100483092;;13;22.41153846;5.214613527;;13;22.41153846;2;0;38.46153846;23.07692308;38.46153846;0.0;0.0;0.0
2020-09;National;PARIS LYON;GRENOBLE;184;207;0;;67;2.133333333;0.393639291;;16;30.34375;3.362318841;;12;35.83333333;3;2;0.0;43.75;31.25;18.75;6.25;0.0
2020-09;National;PARIS LYON;TOULON;242;255;1;;73;2.701141553;0.417322835;;22;41.85151515;3.774015748;;22;41.85151515;11;3;18.18181818;40.90909091;18.18181818;18.18181818;4.545454545;0.0
2020-09;International;MADRID;MARSEILLE ST CHARLES;0;0;0;;0;0.0;0.0;;0;0.0;0.0;;0;0.0;0;0;0.0;0.0;0.0;0.0;0.0;0.0
2020-09;National;BORDEAUX ST JEAN;PARIS MONTPARNASSE;148;750;5;;392;7.086096939;3.559328859;;118;33.79759887;6.229038031;;113;37.57987988;59;11;54.7008547;23.93162393;12.82051282;6.837606838;1.709401709;0.0
2020-09;National;MARSEILLE ST CHARLES;PARIS LYON;201;480;2;;169;6.017554241;1.813702929;;45;33.25185185;3.864400279;;45;33.25185185;17;3;31.11111111;20.0;20.0;26.66666667;2.222222222;0.0
2020-09;International;PARIS EST;FRANCFORT;185;121;2;;83;2.153815261;1.418487395;;13;21.95384615;4.849579832;;10;25.41833333;3;0;38.46153846;23.07692308;15.38461538;15.38461538;7.692307692;0.0
2020-09;International;MARSEILLE ST CHARLES;MADRID;0;0;0;;0;0.0;0.0;;0;0.0;0.0;;0;0.0;0;0;0.0;0.0;0.0;0.0;0.0;0.0
2020-09;National;BREST;PARIS MONTPARNASSE;232;276;2;;182;7.946428571;5.278223844;;26;75.48012821;8.396107056;;26;75.48012821;13;7;38.46153846;26.92307692;3.846153846;19.23076923;7.692307692;3.846153846
2020-09;National;LYON PART DIEU;LILLE;190;214;0;;163;4.502862986;3.388006231;;38;20.2627193;4.395482866;;21;26.71428571;7;0;21.05263158;23.68421053;26.31578947;15.78947368;7.894736842;5.263157895
2020-09;National;AVIGNON TGV;PARIS LYON;167;396;1;;268;5.258022388;3.4407173;;45;27.3437037;3.407805907;;31;34.26021505;12;3;17.77777778;20.0;35.55555556;24.44444444;2.222222222;0.0
2020-09;National;BESANCON FRANCHE COMTE TGV;PARIS LYON;134;168;0;;104;2.169230769;1.125694444;;7;29.39761905;2.668353175;;4;41.34583333;2;2;14.28571429;28.57142857;28.57142857;14.28571429;14.28571429;0.0
2020-09;National;PARIS LYON;SAINT ETIENNE CHATEAUCREUX;170;111;0;;52;3.512820513;1.338738739;;16;18.96354167;3.841141141;;10;23.12833333;2;0;6.25;12.5;37.5;37.5;6.25;0.0
2020-09;National;TOULON;PARIS LYON;251;273;2;;223;3.556875934;2.878905289;;20;33.3775;3.179766298;;20;33.3775;7;1;40.0;30.0;20.0;10.0;0.0;0.0
2020-09;National;MONTPELLIER;LYON PART DIEU;114;169;1;;156;2.487713675;2.291765873;;10;26.24;2.152083333;;9;27.80555556;2;0;10.0;30.0;10.0;50.0;0.0;0.0
2020-09;National;PARIS EST;STRASBOURG;155;367;3;;304;2.481469298;2.03228022;;17;29.95686275;1.066117216;;12;37.37361111;6;1;23.52941176;17.64705882;23.52941176;29.41176471;5.882352941;0.0
2020-09;International;PARIS EST;STUTTGART;181;56;1;;48;3.897222222;3.377575758;;3;25.67222222;2.328181818;;2;33.33333333;1;0;33.33333333;33.33333333;0.0;33.33333333;0.0;0.0
2020-09;International;PARIS LYON;GENEVE;188;206;4;;94;4.370744681;1.844059406;;28;35.24642857;6.474587459;;26;36.89679487;8;5;14.28571429;25.0;7.142857143;39.28571429;14.28571429;0.0
2020-09;National;ST MALO;PARIS MONTPARNASSE;161;88;0;;63;1.367724868;0.907007576;;12;17.53611111;3.835606061;;6;22.90833333;0;0;16.66666667;58.33333333;8.333333333;0.0;0.0;16.66666667
2020-09;National;VANNES;PARIS MONTPARNASSE;161;261;3;;234;1.83454416;1.663888889;;32;23.7515625;3.791989664;;19;32.0622807;7;1;28.125;34.375;9.375;21.875;0.0;6.25
2020-09;National;PARIS EST;METZ;85;257;0;;243;1.745198903;1.36232166;;19;19.53508772;1.35155642;;10;30.28833333;4;1;21.05263158;10.52631579;10.52631579;36.84210526;21.05263158;0.0
2020-09;National;PARIS EST;REIMS;46;193;0;;169;1.424260355;1.218480138;;12;19.12361111;1.400345423;;4;35.75416667;2;1;50.0;16.66666667;16.66666667;8.333333333;8.333333333;0.0
2020-09;National;PARIS MONTPARNASSE;ANGOULEME;133;310;3;;232;3.487787356;2.503365907;;30;27.50888889;3.423289902;;24;33.30289855;8;2;43.33333333;23.33333333;10.0;16.66666667;3.333333333;3.333333333
2020-09;National;LYON PART DIEU;RENNES;239;78;0;;55;3.304848485;2.277136752;;10;31.915;5.172435897;;10;31.915;3;1;20.0;0.0;40.0;30.0;0.0;10.0
2020-09;National;PARIS LYON;LYON PART DIEU;121;636;3;;255;2.12869281;0.572432859;;36;21.1375;1.805344918;;19;29.03596491;5;2;22.85714286;25.71428571;11.42857143;31.42857143;8.571428571;0.0
2020-09;National;LE MANS;PARIS MONTPARNASSE;62;422;4;;327;2.756523955;2.073923445;;72;17.75671296;3.203110048;;26;33.20833333;10;2;21.21212121;42.42424242;18.18181818;9.090909091;1.515151515;7.575757576
2020-09;National;PARIS MONTPARNASSE;TOURS;77;191;1;;96;3.092534722;1.223859649;;12;25.17638889;1.860964912;;5;47.61333333;4;1;27.27272727;27.27272727;18.18181818;18.18181818;9.090909091;0.0
2020-09;National;PARIS MONTPARNASSE;VANNES;156;255;1;;181;2.641344383;1.684055118;;39;25.8974359;4.507874016;;28;30.96428571;12;0;28.94736842;21.05263158;13.15789474;18.42105263;7.894736842;10.52631579
2020-09;National;ARRAS;PARIS NORD;50;290;5;;213;3.462989045;2.518187135;;54;10.77098765;2.797368421;;11;21.33030303;1;0;10.41666667;31.25;39.58333333;4.166666667;10.41666667;4.166666667
2020-09;National;DUNKERQUE;PARIS NORD;130;166;2;;9;6.0;0.329268293;;13;17.75512821;3.176321138;;7;22.52380952;1;0;15.38461538;46.15384615;30.76923077;0.0;7.692307692;0.0
2020-09;National;BELLEGARDE (AIN);PARIS LYON;167;204;3;;147;2.713038549;1.919237148;;23;31.81376812;4.904311774;;17;39.12352941;6;1;17.39130435;30.43478261;13.04347826;26.08695652;8.695652174;4.347826087
2020-09;National;LYON PART DIEU;PARIS LYON;122;654;4;;392;2.635629252;1.507358974;;48;22.11527778;2.391948718;;33;26.84848485;10;0;18.75;18.75;29.16666667;14.58333333;16.66666667;2.083333333
2020-09;National;PARIS LYON;MONTPELLIER;209;217;2;;92;2.912137681;0.982945736;;18;30.15648148;2.441782946;;18;30.15648148;7;1;29.41176471;11.76470588;35.29411765;23.52941176;0.0;0.0
2020-09;National;PARIS LYON;MULHOUSE VILLE;172;275;1;;128;3.832161458;1.604805353;;24;29.69236111;3.507664234;;14;42.45833333;10;3;12.5;33.33333333;12.5;33.33333333;8.333333333;0.0
2020-09;National;RENNES;LYON PART DIEU;234;81;0;;61;2.386612022;1.745679012;;9;31.47222222;5.422427984;;9;31.47222222;2;1;22.22222222;22.22222222;44.44444444;0.0;0.0;11.11111111
2020-09;National;PARIS NORD;DUNKERQUE;130;161;0;;148;1.339189189;1.182712215;;13;25.15384615;1.968944099;;11;27.27272727;3;0;30.76923077;38.46153846;0.0;23.07692308;7.692307692;0.0
2020-09;National;PARIS NORD;LILLE;66;602;4;;566;1.291136631;1.205964326;;36;15.15509259;0.638963211;;11;28.77424242;4;0;27.77777778;11.11111111;38.88888889;8.333333333;13.88888889;0.0
2020-09;National;MARSEILLE ST CHARLES;MARNE LA VALLEE;212;240;0;;87;4.244636015;1.219305556;;26;41.55384615;6.715555556;;26;41.55384615;8;5;30.76923077;11.53846154;26.92307692;19.23076923;7.692307692;3.846153846
2020-09;National;NICE VILLE;PARIS LYON;360;213;1;;130;2.220641026;1.220125786;;17;35.98529412;4.146069182;;17;35.98529412;7;1;47.05882353;23.52941176;17.64705882;11.76470588;0.0;0.0
2020-09;International;ZURICH;PARIS LYON;231;159;1;;157;1.715605096;1.698628692;;14;39.27738095;6.057278481;;12;43.78611111;8;1;7.142857143;28.57142857;21.42857143;21.42857143;21.42857143;0.0
2020-09;National;LYON PART DIEU;MARNE LA VALLEE;109;247;0;;191;4.413874346;3.375641026;;47;20.39219858;5.54217274;;28;26.08571429;6;1;19.14893617;19.14893617;29.78723404;17.0212766;10.63829787;4.255319149
2020-09;National;PARIS MONTPARNASSE;ANGERS SAINT LAUD;94;435;2;;305;2.349016393;1.489107005;;41;27.73699187;3.391647421;;25;37.776;9;3;47.5;20.0;15.0;12.5;5.0;0.0
2020-09;National;PARIS MONTPARNASSE;BREST;225;229;1;;164;3.013109756;1.981871345;;20;27.55;2.453947368;;20;27.55;8;0;45.0;15.0;10.0;15.0;10.0;5.0
2020-09;National;NANTES;PARIS MONTPARNASSE;137;534;2;;278;3.694364508;1.701441103;;58;29.47385057;3.360056391;;40;37.01958333;21;5;33.33333333;40.35087719;8.771929825;12.28070175;1.754385965;3.50877193
2020-09;National;MARSEILLE ST CHARLES;LILLE;284;178;0;;73;2.949086758;0.942977528;;20;44.21333333;6.784082397;;20;44.21333333;8;2;30.0;0.0;35.0;30.0;0.0;5.0
2020-09;National;DIJON VILLE;PARIS LYON;101;358;1;;269;3.341078067;2.469561158;;24;27.84583333;3.234593838;;11;46.26212121;7;2;12.5;25.0;33.33333333;16.66666667;12.5;0.0
2020-09;National;LA ROCHELLE VILLE;PARIS MONTPARNASSE;170;210;1;;105;1.471111111;0.737480064;;20;31.02333333;3.274800638;;17;34.48333333;5;2;20.0;50.0;15.0;5.0;0.0;10.0
2020-09;National;NANTES;STRASBOURG;336;55;1;;33;4.089393939;2.336419753;;7;35.4952381;5.086111111;;7;35.4952381;5;1;28.57142857;14.28571429;28.57142857;28.57142857;0.0;0.0
2020-09;National;MARSEILLE ST CHARLES;TOURCOING;293;29;0;;9;14.21481481;3.992528736;;6;51.5;13.24137931;;6;51.5;3;2;33.33333333;33.33333333;33.33333333;0.0;0.0;0.0
2020-09;National;CHAMBERY CHALLES LES EAUX;PARIS LYON;189;134;2;;98;5.98622449;4.368560606;;27;22.35;6.80530303;;19;26.60263158;5;0;33.33333333;22.22222222;37.03703704;7.407407407;0.0;0.0
2020-09;International;LAUSANNE;PARIS LYON;231;175;2;;171;2.897465887;2.843834297;;8;49.04375;4.026782274;;8;49.04375;2;1;12.5;12.5;12.5;37.5;12.5;12.5
2020-09;National;ST PIERRE DES CORPS;PARIS MONTPARNASSE;67;400;0;;306;2.453921569;1.824583333;;48;19.04340278;2.039708333;;21;33.70555556;8;2;21.42857143;26.19047619;35.71428571;11.9047619;0.0;4.761904762
2020-09;National;PARIS LYON;LE CREUSOT MONTCEAU MONTCHANIN;82;203;1;;78;1.651923077;0.376567657;;22;11.67348485;2.235478548;;5;25.61333333;1;0;27.27272727;27.27272727;31.81818182;9.090909091;4.545454545;0.0
2020-09;National;STRASBOURG;NANTES;353;50;1;;30;1.164444444;0.626530612;;7;37.35952381;5.454761905;;7;37.35952381;3;2;71.42857143;0.0;14.28571429;14.28571429;0.0;0.0
2020-09;International;ITALIE;PARIS LYON;435;73;0;;66;3.515151515;3.171232877;;14;29.03214286;8.843835616;;14;29.03214286;5;0;35.71428571;21.42857143;28.57142857;14.28571429;0.0;0.0
2020-09;National;PARIS MONTPARNASSE;ST PIERRE DES CORPS;67;443;3;;282;3.033037825;1.727272727;;34;23.71960784;2.035;;18;40.42647059;10;2;38.23529412;20.58823529;20.58823529;14.70588235;5.882352941;0.0
2020-09;National;BORDEAUX ST JEAN;TOURCOING;315;28;2;;13;3.946153846;1.780128205;;6;54.83333333;13.96153846;;6;54.83333333;4;1;50.0;16.66666667;33.33333333;0.0;0.0;0.0
2020-09;National;MARNE LA VALLEE;LYON PART DIEU;109;304;3;;265;3.52427673;3.078571429;;36;24.95972222;5.016777409;;21;33.70714286;8;2;29.41176471;17.64705882;23.52941176;14.70588235;11.76470588;2.941176471
2020-09;National;PARIS LYON;DIJON VILLE;99;372;2;;163;2.600613497;0.968198198;;36;22.35740741;3.155990991;;16;35.915625;8;3;11.11111111;44.44444444;22.22222222;16.66666667;5.555555556;0.0
2020-09;National;PARIS MONTPARNASSE;LAVAL;86;235;1;;155;1.96655914;1.109045584;;16;26.13541667;2.751709402;;12;31.84444444;6;0;31.25;12.5;31.25;12.5;12.5;0.0
2020-09;National;QUIMPER;PARIS MONTPARNASSE;229;238;2;;163;1.667791411;1.15190678;;18;32.49166667;3.661793785;;18;32.49166667;7;1;33.33333333;33.33333333;5.555555556;22.22222222;0.0;5.555555556
2020-09;National;DOUAI;PARIS NORD;74;150;0;;123;1.377100271;1.017333333;;33;12.11060606;3.663444444;;9;22.07037037;1;0;17.85714286;28.57142857;39.28571429;3.571428571;7.142857143;3.571428571
2020-09;National;PARIS MONTPARNASSE;LE MANS;60;474;3;;329;2.435663627;1.537225761;;56;15.41845238;2.666135881;;18;30.58611111;8;0;26.53061224;18.36734694;34.69387755;10.20408163;10.20408163;0.0
2020-09;National;NANCY;PARIS EST;96;271;1;;254;2.256364829;2.113333333;;13;31.23333333;1.493518519;;10;37.04666667;6;1;38.46153846;15.38461538;23.07692308;23.07692308;0.0;0.0
2020-09;International;FRANCFORT;PARIS EST;194;119;3;;84;2.195833333;1.451724138;;9;26.21666667;2.773478261;;5;38.60333333;2;1;22.22222222;11.11111111;55.55555556;0.0;0.0;11.11111111
2020-09;National;PARIS MONTPARNASSE;BORDEAUX ST JEAN;152;735;9;;564;3.256855792;2.415289256;;84;34.07837302;4.634894399;;78;36.48461538;40;10;57.14285714;13.0952381;5.952380952;17.85714286;3.571428571;2.380952381
2020-09;National;PARIS EST;NANCY;96;244;0;;200;1.2435;0.976844262;;8;22.24375;0.692144809;;8;22.24375;1;0;50.0;25.0;0.0;25.0;0.0;0.0
2020-09;National;PARIS LYON;CHAMBERY CHALLES LES EAUX;179;145;0;;64;2.8609375;1.052873563;;13;40.95512821;3.976436782;;11;46.24545455;6;3;0.0;30.76923077;30.76923077;30.76923077;7.692307692;0.0
2020-09;National;PERPIGNAN;PARIS LYON;312;178;1;;80;3.486458333;1.375141243;;13;34.35384615;3.322787194;;13;34.35384615;3;1;53.84615385;30.76923077;7.692307692;0.0;7.692307692;0.0
2020-09;National;ANGOULEME;PARIS MONTPARNASSE;130;265;0;;210;5.634920635;4.40327044;;38;26.94035088;4.33327044;;24;36.87222222;8;4;27.02702703;45.94594595;16.21621622;5.405405405;5.405405405;0.0
2020-09;National;PARIS NORD;DOUAI;71;138;1;;128;1.15625;1.060340633;;23;13.67536232;2.943065693;;7;27.6452381;3;0;23.80952381;23.80952381;23.80952381;14.28571429;14.28571429;0.0
2020-09;National;PARIS LYON;PERPIGNAN;305;196;2;;89;3.285018727;1.289175258;;21;43.10714286;2.861082474;;21;43.10714286;8;6;19.04761905;47.61904762;14.28571429;19.04761905;0.0;0.0
2020-09;National;LAVAL;PARIS MONTPARNASSE;90;221;0;;132;4.733459596;2.686425339;;26;31.55192308;4.359502262;;15;46.63111111;7;1;30.76923077;38.46153846;15.38461538;7.692307692;0.0;7.692307692
2020-09;National;LILLE;MARSEILLE ST CHARLES;295;208;2;;100;5.128333333;2.306796117;;20;47.115;5.830339806;;20;47.115;12;3;45.0;20.0;10.0;10.0;15.0;0.0
2020-09;National;PARIS LYON;AVIGNON TGV;163;392;0;;150;3.518;1.081930272;;32;29.19947917;2.54502551;;24;34.82430556;11;3;25.0;15.625;12.5;37.5;6.25;3.125
2020-09;National;NIMES;PARIS LYON;181;208;1;;163;3.90593047;3.02705314;;15;34.55777778;3.496457327;;14;36.25238095;4;3;20.0;26.66666667;20.0;20.0;6.666666667;6.666666667
2020-09;National;PARIS MONTPARNASSE;POITIERS;100;514;2;;343;2.554421769;1.504296875;;40;22.48291667;2.762011719;;20;34.37916667;9;2;35.0;20.0;10.0;22.5;2.5;10.0
2020-09;National;LE CREUSOT MONTCEAU MONTCHANIN;PARIS LYON;84;214;2;;164;3.849898374;2.893789308;;25;16.73266667;2.116981132;;10;41.27037037;6;1;18.18181818;22.72727273;40.90909091;0.0;13.63636364;4.545454545
2020-09;National;RENNES;PARIS MONTPARNASSE;105;596;6;;439;5.805808656;4.266101695;;73;31.5630137;5.796186441;;48;57.11666667;19;8;30.1369863;34.24657534;9.589041096;15.06849315;2.739726027;8.219178082
2020-09;National;PARIS LYON;BESANCON FRANCHE COMTE TGV;131;163;0;;80;3.275416667;1.47402863;;15;32.42777778;3.44805726;;8;49.90625;6;4;13.33333333;33.33333333;33.33333333;20.0;0.0;0.0
2020-09;National;TOURCOING;BORDEAUX ST JEAN;297;26;0;;20;2.060833333;1.58525641;;4;30.45416667;5.416025641;;4;30.45416667;2;0;50.0;25.0;0.0;25.0;0.0;0.0
2020-09;National;LYON PART DIEU;MARSEILLE ST CHARLES;106;371;2;;295;6.326497175;5.007542909;;44;41.68143939;5.900180668;;35;49.2947619;20;7;39.53488372;25.58139535;13.95348837;11.62790698;9.302325581;0.0
2020-09;National;MARSEILLE ST CHARLES;LYON PART DIEU;105;359;4;;168;6.195833333;2.742300469;;24;39.47708333;3.719953052;;17;50.59705882;6;3;33.33333333;16.66666667;25.0;12.5;12.5;0.0
2020-09;National;PARIS MONTPARNASSE;ST MALO;158;97;0;;61;1.813661202;0.942268041;;8;22.34166667;1.605841924;;5;28.98666667;2;0;25.0;25.0;12.5;25.0;12.5;0.0
2020-09;National;MARNE LA VALLEE;MARSEILLE ST CHARLES;214;238;2;;190;5.793070175;4.621892655;;25;48.186;6.285451977;;25;48.186;15;4;40.0;16.0;8.0;16.0;16.0;4.0
2020-09;National;PARIS LYON;ANNECY;223;144;0;;65;1.253846154;0.384143519;;7;56.57142857;4.538194444;;7;56.57142857;4;1;14.28571429;14.28571429;57.14285714;14.28571429;0.0;0.0
2020-09;National;PARIS LYON;NICE VILLE;356;207;1;;62;3.080645161;0.566019417;;23;60.52536232;7.362378641;;23;60.52536232;15;5;21.73913043;34.7826087;21.73913043;21.73913043;0.0;0.0
2020-09;National;PARIS LYON;VALENCE ALIXAN TGV;132;311;2;;142;2.466666667;0.920927724;;24;24.50694444;3.237162891;;11;39.2530303;7;2;25.0;20.83333333;25.0;25.0;4.166666667;0.0
2020-10;National;ANGOULEME;PARIS MONTPARNASSE;128;203;1;;171;4.838693957;4.058580858;;27;24.69506173;3.763448845;;18;31.06203704;5;1;40.74074074;40.74074074;11.11111111;7.407407407;0.0;0.0
2020-10;National;BREST;PARIS MONTPARNASSE;231;191;3;;88;2.694318182;1.261170213;;22;32.16818182;5.735638298;;22;32.16818182;6;3;33.33333333;33.33333333;19.04761905;14.28571429;0.0;0.0
2020-10;National;STRASBOURG;NANTES;324;30;1;;16;5.153125;2.767816092;;6;30.225;5.859770115;;6;30.225;2;0;33.33333333;16.66666667;16.66666667;16.66666667;16.66666667;0.0
2020-10;International;PARIS EST;FRANCFORT;224;97;1;;55;3.153333333;1.682118056;;15;34.52777778;8.917013889;;13;38.11410256;6;2;13.33333333;20.0;40.0;20.0;6.666666667;0.0
2020-10;National;POITIERS;PARIS MONTPARNASSE;98;284;3;;166;4.521084337;2.334519573;;53;14.5427673;3.031079478;;17;25.34722222;4;0;26.92307692;42.30769231;13.46153846;7.692307692;7.692307692;1.923076923
2020-10;National;SAINT ETIENNE CHATEAUCREUX;PARIS LYON;169;76;0;;58;3.317528736;2.186403509;;10;32.17333333;5.471491228;;7;40.3952381;2;2;40.0;0.0;20.0;30.0;10.0;0.0
2020-10;International;ITALIE;PARIS LYON;422;61;2;;58;5.836206897;5.737288136;;17;32.57843137;11.4319209;;17;32.57843137;8;2;35.29411765;11.76470588;29.41176471;23.52941176;0.0;0.0
2020-10;National;RENNES;PARIS MONTPARNASSE;103;404;16;;319;6.081713689;4.960266323;;80;23.56666667;5.846477663;;39;37.00791667;14;6;28.75;32.5;16.25;15.0;5.0;2.5
2020-10;National;PARIS LYON;VALENCE ALIXAN TGV;129;192;1;;102;1.899019608;0.871553229;;14;19.5202381;2.202006981;;8;25.31458333;2;0;14.28571429;35.71428571;21.42857143;14.28571429;7.142857143;7.142857143
2020-10;National;PARIS MONTPARNASSE;TOULOUSE MATABIAU;270;118;3;;61;7.240983607;3.615072464;;23;58.35;12.28;;23;58.35;13;8;43.47826087;21.73913043;17.39130435;8.695652174;8.695652174;0.0
2020-10;National;VALENCE ALIXAN TGV;PARIS LYON;130;194;3;;159;10.97400419;9.084729494;;44;37.26439394;9.367888307;;35;43.79285714;20;5;29.54545455;6.818181818;31.81818182;29.54545455;2.272727273;0.0
2020-10;National;LA ROCHELLE VILLE;PARIS MONTPARNASSE;168;145;1;;81;2.31872428;1.304282407;;15;23.74777778;3.780671296;;7;36.59761905;5;1;40.0;40.0;20.0;0.0;0.0;0.0
2020-10;National;BORDEAUX ST JEAN;PARIS MONTPARNASSE;148;567;13;;360;8.485972222;5.408333333;;94;31.69379433;6.396089049;;68;41.18482587;33;11;43.61702128;26.59574468;19.14893617;8.510638298;1.063829787;1.063829787
2020-10;National;PARIS MONTPARNASSE;LAVAL;86;142;1;;83;3.715060241;1.972340426;;29;18.07873563;4.8321513;;14;28.07619048;5;0;13.79310345;17.24137931;41.37931034;20.68965517;6.896551724;0.0
2020-10;National;QUIMPER;PARIS MONTPARNASSE;228;165;7;;72;1.177083333;0.536392405;;19;31.68596491;6.275843882;;19;31.68596491;6;3;21.05263158;47.36842105;21.05263158;10.52631579;0.0;0.0
2020-10;National;PARIS MONTPARNASSE;ST MALO;159;67;1;;41;4.283333333;2.465909091;;15;33.74333333;8.220454545;;13;37.05641026;8;1;21.42857143;21.42857143;28.57142857;28.57142857;0.0;0.0
2020-10;National;TOULOUSE MATABIAU;PARIS MONTPARNASSE;276;152;4;;57;15.23684211;5.583220721;;16;49.46354167;6.15213964;;18;54.15;11;7;43.75;18.75;25.0;12.5;0.0;0.0
2020-10;National;PARIS EST;STRASBOURG;132;288;6;;231;4.527849928;3.674822695;;25;41.96666667;4.955791962;;18;53.25462963;9;7;56.0;20.0;8.0;16.0;0.0;0.0
2020-10;National;PARIS MONTPARNASSE;TOURS;77;108;3;;54;2.518209877;0.99968254;;15;23.34111111;3.753492063;;9;33.96111111;4;1;6.666666667;0.0;46.66666667;40.0;6.666666667;0.0
2020-10;National;PARIS LYON;BESANCON FRANCHE COMTE TGV;131;104;0;;56;2.471428571;1.205929487;;6;18.67777778;3.190224359;;4;21.8;0;0;33.33333333;16.66666667;16.66666667;33.33333333;0.0;0.0
2020-10;National;NANTES;PARIS MONTPARNASSE;136;363;9;;212;6.661949686;3.786581921;;63;30.7531746;5.833804143;;39;41.96880342;17;9;49.18032787;14.75409836;18.03278689;16.39344262;1.639344262;0.0
2020-10;National;PARIS LYON;MULHOUSE VILLE;172;157;0;;89;2.886329588;1.482696391;;15;27.76777778;4.407961783;;10;35.45;7;0;26.66666667;20.0;6.666666667;40.0;6.666666667;0.0
2020-10;National;PARIS NORD;DUNKERQUE;132;109;0;;84;1.3625;0.939755352;;21;22.14285714;5.19266055;;15;25.86666667;4;0;33.33333333;23.80952381;33.33333333;4.761904762;4.761904762;0.0
2020-10;National;TOURCOING;BORDEAUX ST JEAN;297;22;0;;4;3.191666667;0.58030303;;3;33.27222222;5.185606061;;3;33.27222222;1;1;33.33333333;0.0;66.66666667;0.0;0.0;0.0
2020-10;National;MARNE LA VALLEE;MARSEILLE ST CHARLES;217;170;3;;142;4.083920188;3.448003992;;24;40.71111111;7.654091816;;24;40.71111111;12;4;54.16666667;12.5;16.66666667;12.5;4.166666667;0.0
2020-10;National;PARIS LYON;CHAMBERY CHALLES LES EAUX;177;113;2;;57;2.291520468;0.941441441;;19;22.17894737;6.175375375;;10;31.02833333;4;0;15.78947368;26.31578947;15.78947368;31.57894737;10.52631579;0.0
2020-10;National;LE CREUSOT MONTCEAU MONTCHANIN;PARIS LYON;82;138;1;;117;6.934900285;5.860097324;;29;18.99425287;3.694890511;;12;43.1969697;6;3;24.13793103;27.5862069;31.03448276;13.79310345;0.0;3.448275862
2020-10;National;LILLE;PARIS NORD;71;349;2;;242;2.086088154;1.36820365;;83;14.47148594;3.531748319;;20;33.605;5;4;12.5;28.75;31.25;8.75;16.25;2.5
2020-10;National;PARIS MONTPARNASSE;NANTES;132;300;5;;153;5.659912854;2.711073446;;59;33.0559322;6.779096045;;47;38.23297872;19;7;29.31034483;18.96551724;24.13793103;22.4137931;5.172413793;0.0
2020-10;National;PARIS LYON;GRENOBLE;184;152;0;;60;3.232222222;0.991666667;;23;21.93478261;5.286184211;;23;21.93478261;1;0;26.08695652;30.43478261;8.695652174;26.08695652;8.695652174;0.0
2020-10;National;PARIS MONTPARNASSE;RENNES;104;364;8;;208;5.058573718;2.730524345;;51;24.78954248;4.510018727;;42;32.25081301;18;4;27.45098039;15.68627451;23.52941176;25.49019608;7.843137255;0.0
2020-10;National;PARIS MONTPARNASSE;ST PIERRE DES CORPS;66;246;4;;135;4.240617284;2.115702479;;51;18.25359477;3.796900826;;20;33.775;7;1;13.7254902;1.960784314;37.25490196;27.45098039;15.68627451;3.921568627
2020-10;International;PARIS EST;STUTTGART;160;61;1;;52;2.430769231;2.083333333;;10;27.6;7.574166667;;1;169.6166667;1;1;50.0;10.0;40.0;0.0;0.0;0.0
2020-10;National;PARIS MONTPARNASSE;BREST;224;158;2;;79;5.118565401;2.314102564;;24;38.10416667;7.871794872;;24;38.10416667;17;2;45.83333333;12.5;25.0;12.5;4.166666667;0.0
2020-10;National;ARRAS;PARIS NORD;53;200;4;;164;4.103353659;3.388180272;;63;12.96878307;4.350935374;;15;28.15444444;3;1;5.0;35.0;33.33333333;3.333333333;18.33333333;5.0
2020-10;National;DUNKERQUE;PARIS NORD;132;111;1;;8;7.625;0.554545455;;17;19.78431373;5.224393939;;11;24.48484848;2;0;11.76470588;41.17647059;23.52941176;0.0;17.64705882;5.882352941
2020-10;National;LILLE;LYON PART DIEU;184;192;4;;124;4.955913978;3.206205674;;19;30.52368421;4.601950355;;14;37.23095238;7;2;52.63157895;5.263157895;21.05263158;10.52631579;10.52631579;0.0
2020-10;National;PARIS MONTPARNASSE;ANGERS SAINT LAUD;93;259;5;;136;6.343627451;3.171850394;;61;26.11393443;6.934120735;;34;38.34901961;16;4;27.11864407;15.25423729;28.81355932;25.42372881;3.389830508;0.0
2020-10;National;PARIS LYON;BELLEGARDE (AIN);164;81;1;;38;1.452631579;0.4825;;23;28.76884058;9.940416667;;17;34.68529412;8;1;25.0;60.0;10.0;5.0;0.0;0.0
2020-10;National;CHAMBERY CHALLES LES EAUX;PARIS LYON;185;116;2;;90;9.379814815;7.346052632;;26;32.18076923;8.940643275;;21;36.73492063;9;4;23.07692308;30.76923077;34.61538462;11.53846154;0.0;0.0
2020-10;National;PARIS LYON;MACON LOCHE;96;126;1;;73;2.515981735;1.3108;;10;20.535;2.502266667;;7;24.68333333;1;0;30.0;10.0;10.0;50.0;0.0;0.0
2020-10;National;PARIS LYON;NIMES;179;156;0;;75;1.369555556;0.484935897;;14;20.75952381;3.476282051;;10;24.1;2;1;35.71428571;35.71428571;28.57142857;0.0;0.0;0.0
2020-10;National;PARIS LYON;PERPIGNAN;306;137;1;;75;2.448444444;1.189093137;;15;53.02666667;3.917769608;;15;53.02666667;8;4;40.0;20.0;13.33333333;20.0;0.0;6.666666667
2020-10;National;PERPIGNAN;PARIS LYON;310;142;2;;65;5.891025641;2.56;;29;47.00344828;11.13452381;;29;47.00344828;17;5;34.48275862;10.34482759;24.13793103;27.5862069;3.448275862;0.0
2020-10;National;MONTPELLIER;LYON PART DIEU;115;129;2;;110;4.932272727;4.243569554;;24;33.35277778;7.706430446;;17;42.29313725;11;3;29.16666667;16.66666667;25.0;25.0;0.0;4.166666667
2020-10;International;ZURICH;PARIS LYON;223;113;0;;113;3.153687316;3.153687316;;28;23.41309524;8.072566372;;24;25.39513889;4;0;14.28571429;14.28571429;42.85714286;10.71428571;17.85714286;0.0
2020-10;National;NIMES;PARIS LYON;180;160;1;;144;8.429398148;7.61163522;;35;42.29;9.979454927;;30;47.30611111;17;7;45.71428571;14.28571429;20.0;17.14285714;2.857142857;0.0
2020-10;National;MARSEILLE ST CHARLES;PARIS LYON;199;411;7;;178;8.564044944;3.492120462;;61;39.01857923;6.918069307;;61;39.01857923;37;11;45.90163934;18.03278689;9.836065574;21.31147541;1.639344262;3.278688525
2020-10;National;ST PIERRE DES CORPS;PARIS MONTPARNASSE;65;267;3;;214;3.97258567;3.164962121;;57;14.35321637;2.996212121;;15;31.23333333;3;2;24.56140351;24.56140351;28.07017544;14.03508772;5.263157895;3.50877193
2020-10;National;NANCY;PARIS EST;96;182;3;;168;2.171130952;2.028119181;;17;24.88921569;3.431005587;;7;44.89285714;4;2;31.25;25.0;31.25;6.25;6.25;0.0
2020-10;National;BORDEAUX ST JEAN;TOURCOING;315;24;2;;9;19.75740741;7.90530303;;2;119.0;11.59090909;;2;119.0;2;2;0.0;50.0;0.0;50.0;0.0;0.0
2020-10;International;BARCELONA;PARIS LYON;313;24;0;;2;27.55;-2.030555556;;4;40.22916667;7.281944444;;4;40.22916667;3;0;25.0;25.0;0.0;25.0;25.0;0.0
2020-10;National;PARIS MONTPARNASSE;ANGOULEME;132;200;0;;110;5.671212121;2.874333333;;33;32.11111111;6.195083333;;28;35.6625;13;3;28.125;6.25;25.0;25.0;12.5;3.125
2020-10;National;RENNES;LYON PART DIEU;234;64;1;;52;2.742628205;2.238095238;;5;28.34666667;1.846031746;;5;28.34666667;3;0;20.0;0.0;60.0;0.0;0.0;20.0
2020-10;National;REIMS;PARIS EST;46;121;1;;66;4.749747475;2.541944444;;18;25.10555556;4.763611111;;7;51.18095238;6;2;17.64705882;41.17647059;35.29411765;5.882352941;0.0;0.0
2020-10;National;PARIS LYON;AIX EN PROVENCE TGV;186;270;2;;111;7.172522523;2.690671642;;40;35.30125;6.74869403;;39;35.93247863;15;4;32.5;10.0;12.5;35.0;5.0;5.0
2020-10;National;GRENOBLE;PARIS LYON;183;165;0;;51;1.287581699;0.397979798;;17;27.92156863;4.134141414;;16;28.79895833;6;0;23.52941176;52.94117647;11.76470588;5.882352941;5.882352941;0.0
2020-10;National;PARIS LYON;MONTPELLIER;208;164;0;;79;1.335443038;0.463211382;;9;25.66111111;2.640650407;;9;25.66111111;2;1;44.44444444;22.22222222;22.22222222;11.11111111;0.0;0.0
2020-10;National;MONTPELLIER;PARIS LYON;207;160;1;;142;7.541197183;6.701048218;;30;47.30611111;9.979454927;;30;47.30611111;17;7;46.66666667;13.33333333;20.0;16.66666667;3.333333333;0.0
2020-10;National;LYON PART DIEU;MONTPELLIER;113;161;3;;121;6.459779614;4.908227848;;27;32.36358025;6.529008439;;16;45.97291667;7;1;33.33333333;14.81481481;33.33333333;7.407407407;7.407407407;3.703703704
2020-10;National;BESANCON FRANCHE COMTE TGV;PARIS LYON;132;114;1;;50;1.977333333;0.537610619;;5;23.41666667;1.936135693;;4;26.64166667;1;0;20.0;20.0;40.0;20.0;0.0;0.0
2020-10;International;PARIS LYON;BARCELONA;317;21;0;;7;1.673809524;0.254761905;;2;164.3916667;16.48174603;;2;164.3916667;2;2;100.0;0.0;0.0;0.0;0.0;0.0
2020-10;National;PARIS MONTPARNASSE;POITIERS;100;297;2;;158;4.485654008;2.142146893;;47;24.7535461;4.838757062;;26;36.50320513;11;3;21.73913043;10.86956522;26.08695652;30.43478261;8.695652174;2.173913043
2020-10;International;PARIS LYON;ITALIE;409;60;2;;32;1.382291667;0.541666667;;8;31.8125;6.56954023;;8;31.8125;2;1;37.5;25.0;12.5;25.0;0.0;0.0
2020-10;International;MARSEILLE ST CHARLES;MADRID;0;0;0;;0;0.0;0.0;;0;0.0;0.0;;0;0.0;0;0;0.0;0.0;0.0;0.0;0.0;0.0
2020-10;National;LAVAL;PARIS MONTPARNASSE;90;139;5;;89;6.790262172;4.395895522;;21;30.01825397;5.887562189;;11;46.86818182;5;2;38.0952381;33.33333333;14.28571429;4.761904762;4.761904762;4.761904762
2020-10;National;METZ;PARIS EST;88;188;2;;126;4.762830688;3.16218638;;27;23.40493827;3.863172043;;12;42.24583333;5;3;23.07692308;19.23076923;34.61538462;15.38461538;7.692307692;0.0
2020-10;National;MARSEILLE ST CHARLES;LILLE;287;153;5;;75;4.847555556;2.255743243;;22;40.18409091;7.955518018;;22;40.18409091;13;3;36.36363636;13.63636364;13.63636364;36.36363636;0.0;0.0
2020-10;National;PARIS LYON;ANNECY;222;114;0;;63;2.035449735;0.952777778;;9;33.33333333;5.254385965;;9;33.33333333;4;0;22.22222222;11.11111111;11.11111111;33.33333333;22.22222222;0.0
2020-10;National;ANNECY;PARIS LYON;228;112;0;;11;1.777272727;0.152232143;;13;33.80897436;6.463392857;;13;33.80897436;4;2;23.07692308;30.76923077;38.46153846;7.692307692;0.0;0.0
2020-10;National;LYON PART DIEU;MARSEILLE ST CHARLES;110;306;10;;225;6.180518519;4.647747748;;55;32.08515152;7.394031532;;43;37.57906977;20;5;32.72727273;21.81818182;20.0;20.0;3.636363636;1.818181818
2020-10;International;PARIS LYON;ZURICH;217;76;0;;39;3.13974359;1.374122807;;21;26.98412698;9.771052632;;14;34.36309524;9;0;15.0;45.0;10.0;20.0;10.0;0.0
2020-10;National;PARIS MONTPARNASSE;VANNES;154;179;5;;92;5.633333333;2.681034483;;39;33.1025641;8.586206897;;26;43.19230769;16;3;41.02564103;17.94871795;15.38461538;17.94871795;2.564102564;5.128205128
2020-10;National;LYON PART DIEU;LILLE;190;192;5;;164;8.21199187;7.185204991;;36;28.54027778;7.26942959;;26;39.418;13;3;27.77777778;13.88888889;33.33333333;22.22222222;0.0;2.777777778
2020-10;National;PARIS LYON;LE CREUSOT MONTCEAU MONTCHANIN;80;116;0;;56;2.294642857;0.849856322;;10;13.37833333;0.720689655;;2;28.69166667;1;0;70.0;10.0;10.0;10.0;0.0;0.0
2020-10;National;MARSEILLE ST CHARLES;LYON PART DIEU;107;280;9;;164;8.540243902;5.04501845;;69;34.6826087;10.41654367;;52;42.02724359;28;4;42.02898551;15.94202899;14.49275362;18.84057971;4.347826087;4.347826087
2020-10;National;TOURS;PARIS MONTPARNASSE;80;110;2;;47;4.162411348;1.70787037;;17;18.19313725;2.767592593;;7;32.10238095;1;1;41.17647059;11.76470588;29.41176471;17.64705882;0.0;0.0
2020-10;National;PARIS EST;METZ;87;168;1;;159;3.589412998;3.409281437;;25;30.826;4.84510978;;10;63.625;5;3;62.5;16.66666667;12.5;4.166666667;4.166666667;0.0
2020-10;National;MARSEILLE ST CHARLES;TOURCOING;293;21;0;;12;14.62777778;8.115873016;;4;35.5;11.61904762;;4;35.5;2;0;25.0;25.0;0.0;50.0;0.0;0.0
2020-10;National;NICE VILLE;PARIS LYON;357;172;8;;88;2.682575758;1.252439024;;29;43.77126437;9.003861789;;29;43.77126437;16;8;51.72413793;17.24137931;10.34482759;13.79310345;0.0;6.896551724
2020-10;National;TOULON;PARIS LYON;250;240;9;;176;4.900757576;3.658513709;;40;41.65833333;8.038961039;;40;41.65833333;22;9;45.0;22.5;7.5;20.0;0.0;5.0
2020-10;National;MARSEILLE ST CHARLES;MARNE LA VALLEE;213;195;6;;90;8.097037037;3.617548501;;35;39.21285714;9.0670194;;35;39.21285714;17;3;34.28571429;17.14285714;14.28571429;31.42857143;2.857142857;0.0
2020-10;National;LE MANS;PARIS MONTPARNASSE;61;273;8;;245;6.567414966;6.047987421;;75;22.13111111;6.52918239;;27;45.22098765;11;7;33.33333333;31.94444444;18.05555556;12.5;2.777777778;1.388888889
2020-10;National;PARIS NORD;LILLE;69;314;2;;279;2.433811231;2.147702991;;46;17.98224638;2.557211538;;16;36.215625;6;4;40.0;28.88888889;13.33333333;15.55555556;2.222222222;0.0
2020-10;National;AIX EN PROVENCE TGV;PARIS LYON;187;299;4;;266;8.505200501;7.64079096;;47;42.31312057;8.003898305;;47;42.31312057;27;11;42.55319149;27.65957447;6.382978723;23.40425532;0.0;0.0
2020-10;National;PARIS LYON;MARSEILLE ST CHARLES;198;366;5;;142;5.706807512;1.947645429;;57;35.54766082;7.382917821;;57;35.54766082;24;7;42.10526316;14.03508772;12.28070175;26.31578947;1.754385965;3.50877193
2020-10;International;FRANCFORT;PARIS EST;222;95;1;;92;2.423007246;2.369680851;;9;27.55;4.303900709;;9;27.55;3;0;22.22222222;22.22222222;44.44444444;0.0;11.11111111;0.0
2020-10;National;PARIS MONTPARNASSE;BORDEAUX ST JEAN;157;479;10;;269;6.121561338;3.293710021;;69;32.7557971;6.079886283;;52;41.57156863;26;12;33.33333333;17.39130435;15.94202899;21.73913043;10.14492754;1.449275362
2020-10;National;PARIS EST;NANCY;96;164;1;;141;3.417730496;2.92801636;;12;32.02222222;3.777300613;;6;51.31666667;4;2;66.66666667;25.0;0.0;8.333333333;0.0;0.0
2020-10;National;PARIS LYON;AVIGNON TGV;164;249;1;;102;6.007189542;2.21875;;35;26.43238095;3.85094086;;28;29.91011905;7;1;25.71428571;8.571428571;20.0;37.14285714;2.857142857;5.714285714
2020-10;National;PARIS LYON;SAINT ETIENNE CHATEAUCREUX;170;76;1;;35;2.741904762;1.015111111;;8;42.71458333;6.158222222;;6;52.54166667;5;1;37.5;12.5;0.0;50.0;0.0;0.0
2020-10;International;GENEVE;PARIS LYON;189;98;2;;92;3.458876812;3.282986111;;13;60.23205128;10.46302083;;13;60.23205128;10;6;11.11111111;44.44444444;11.11111111;33.33333333;0.0;0.0
2020-10;National;VANNES;PARIS MONTPARNASSE;160;185;8;;138;5.123188406;3.994350282;;39;23.03717949;6.743596987;;22;31.26060606;7;3;28.20512821;38.46153846;15.38461538;17.94871795;0.0;0.0
2020-10;National;PARIS EST;REIMS;46;116;2;;96;5.434201389;4.524707602;;16;31.51354167;4.772953216;;6;68.86388889;3;3;33.33333333;6.666666667;33.33333333;13.33333333;13.33333333;0.0
2020-10;National;MACON LOCHE;PARIS LYON;98;155;3;;126;11.25661376;9.278289474;;32;28.91770833;7.674342105;;23;39.40378788;11;4;21.875;34.375;28.125;9.375;3.125;3.125
2020-10;National;PARIS LYON;TOULON;246;223;8;;84;6.629960317;2.270155039;;35;43.25428571;7.220542636;;35;43.25428571;19;5;37.14285714;28.57142857;11.42857143;17.14285714;2.857142857;2.857142857
2020-10;National;AVIGNON TGV;PARIS LYON;168;310;5;;266;8.343922306;7.236174863;;56;37.69077381;7.401584699;;45;43.90222222;28;9;39.28571429;21.42857143;16.07142857;19.64285714;3.571428571;0.0
2020-10;National;PARIS LYON;NICE VILLE;356;163;8;;66;5.814393939;2.170860215;;26;44.18782051;8.507526882;;26;44.18782051;20;5;42.30769231;30.76923077;7.692307692;19.23076923;0.0;0.0
2020-10;International;PARIS LYON;GENEVE;187;87;1;;37;1.447297297;0.362209302;;22;33.02348485;10.78604651;;21;34.06746032;9;2;27.77777778;55.55555556;11.11111111;5.555555556;0.0;0.0
2020-10;International;LAUSANNE;PARIS LYON;226;91;5;;85;3.479803922;3.439341085;;10;46.465;7.263178295;;9;50.01851852;4;3;22.22222222;55.55555556;11.11111111;0.0;0.0;11.11111111
2020-10;International;MADRID;MARSEILLE ST CHARLES;0;0;0;;0;0.0;0.0;;0;0.0;0.0;;0;0.0;0;0;0.0;0.0;0.0;0.0;0.0;0.0
2020-10;National;LILLE;MARSEILLE ST CHARLES;299;149;3;;75;4.843111111;2.365296804;;21;42.04285714;7.976255708;;21;42.04285714;11;3;61.9047619;9.523809524;19.04761905;9.523809524;0.0;0.0
2020-10;International;STUTTGART;PARIS EST;167;64;1;;55;5.916363636;5.101058201;;8;36.21875;4.852116402;;6;44.8;3;2;37.5;12.5;12.5;37.5;0.0;0.0
2020-10;National;ANGERS SAINT LAUD;PARIS MONTPARNASSE;97;299;9;;262;6.131361323;5.521609195;;58;28.14252874;5.718505747;;30;44.64777778;13;8;51.78571429;16.07142857;17.85714286;10.71428571;3.571428571;0.0
2020-10;National;PARIS MONTPARNASSE;LA ROCHELLE VILLE;176;147;1;;77;3.64978355;1.6793379;;21;18.54761905;3.955479452;;10;24.15;1;0;33.33333333;9.523809524;28.57142857;19.04761905;4.761904762;4.761904762
2020-10;National;ST MALO;PARIS MONTPARNASSE;160;62;1;;33;4.9;2.522677596;;19;29.81052632;10.63825137;;11;42.68030303;5;1;36.84210526;26.31578947;10.52631579;15.78947368;5.263157895;5.263157895
2020-10;National;STRASBOURG;PARIS EST;133;280;7;;224;5.817931548;4.742735043;;34;34.85882353;5.086996337;;24;44.42986111;14;7;26.47058824;32.35294118;17.64705882;20.58823529;2.941176471;0.0
2020-10;International;PARIS LYON;LAUSANNE;217;87;3;;35;1.02952381;0.268055556;;26;27.45448718;10.74900794;;25;28.064;7;1;8.0;56.0;20.0;12.0;4.0;0.0
2020-10;National;NANTES;STRASBOURG;309;40;1;;23;2.541304348;1.304273504;;3;17.29444444;2.947863248;;3;17.29444444;0;0;33.33333333;0.0;33.33333333;33.33333333;0.0;0.0
2020-10;National;DIJON VILLE;PARIS LYON;100;250;5;;200;4.329166667;3.496666667;;25;26.70133333;3.605782313;;18;32.60092593;6;1;20.0;40.0;28.0;8.0;0.0;4.0
2020-10;National;PARIS NORD;ARRAS;51;138;1;;125;2.168;1.949026764;;22;21.36060606;3.518126521;;7;52.49047619;5;3;28.57142857;28.57142857;23.80952381;19.04761905;0.0;0.0
2020-10;National;PARIS NORD;DOUAI;73;78;1;;63;1.527777778;1.177705628;;19;10.80263158;3.514069264;;2;42.475;1;1;16.66666667;11.11111111;38.88888889;22.22222222;11.11111111;0.0
2020-10;National;MARNE LA VALLEE;LYON PART DIEU;108;233;4;;215;5.708992248;5.354075691;;30;32.97;5.447379913;;20;43.33083333;11;3;50.0;13.33333333;13.33333333;16.66666667;6.666666667;0.0
2020-10;National;BELLEGARDE (AIN);PARIS LYON;164;95;2;;71;5.128638498;3.831541219;;15;48.43222222;9.603763441;;12;57.41388889;9;5;16.66666667;50.0;8.333333333;25.0;0.0;0.0
2020-10;National;PARIS MONTPARNASSE;LE MANS;59;265;1;;148;6.055405405;3.183459596;;68;17.45686275;5.435858586;;24;35.49027778;10;2;13.1147541;13.1147541;44.26229508;22.95081967;6.557377049;0.0
2020-10;National;PARIS MONTPARNASSE;QUIMPER;224;169;5;;89;5.33164794;2.597764228;;26;53.23076923;9.725609756;;26;53.23076923;18;5;57.69230769;11.53846154;15.38461538;11.53846154;3.846153846;0.0
2020-10;National;LYON PART DIEU;RENNES;238;62;0;;41;6.648373984;4.347043011;;8;36.43125;6.798924731;;8;36.43125;4;1;50.0;12.5;0.0;37.5;0.0;0.0
2020-10;National;LYON PART DIEU;MARNE LA VALLEE;108;214;6;;186;8.667921147;7.737179487;;54;27.17160494;7.690705128;;36;34.35231481;16;2;22.22222222;18.51851852;24.07407407;29.62962963;3.703703704;1.851851852
2020-10;National;LYON PART DIEU;PARIS LYON;120;428;4;;251;7.988247012;4.64158805;;55;30.27424242;4.729559748;;40;43.39529915;18;9;49.09090909;16.36363636;12.72727273;18.18181818;3.636363636;0.0
2020-10;National;DOUAI;PARIS NORD;75;104;2;;84;2.984325397;2.427777778;;33;10.3959596;3.59248366;;6;20.52222222;0;0;3.125;18.75;43.75;6.25;21.875;6.25
2020-10;National;PARIS LYON;DIJON VILLE;98;237;2;;111;2.138888889;0.849716312;;29;22.78505747;4.853900709;;15;33.28333333;6;2;17.24137931;37.93103448;27.5862069;13.79310345;3.448275862;0.0
2020-10;National;PARIS LYON;LYON PART DIEU;120;363;2;;186;4.243817204;1.948060942;;23;35.64492754;3.112973223;;19;53.60648148;10;4;39.13043478;21.73913043;4.347826087;21.73913043;13.04347826;0.0
2020-10;National;MULHOUSE VILLE;PARIS LYON;170;179;1;;137;2.913990268;2.186329588;;28;21.13690476;4.679307116;;19;25.86315789;4;0;14.28571429;17.85714286;46.42857143;10.71428571;10.71428571;0.0
2020-11;National;RENNES;LYON PART DIEU;232;33;4;;18;3.381481481;2.045402299;;1;50.5;0.475862069;;1;50.5;1;0;0.0;0.0;0.0;100.0;0.0;0.0
2020-11;National;PARIS EST;STRASBOURG;123;127;20;;45;2.752222222;-1.55529595;;6;25.63888889;1.463084112;;5;27.93;1;0;33.33333333;0.0;0.0;66.66666667;0.0;0.0
2020-11;National;BORDEAUX ST JEAN;PARIS MONTPARNASSE;145;279;42;;94;12.62340426;4.793530239;;47;36.81985816;8.309423347;;32;48.39375;21;5;17.0212766;51.06382979;14.89361702;8.510638298;4.255319149;4.255319149
2020-11;National;BREST;PARIS MONTPARNASSE;231;78;13;;9;34.61111111;4.792307692;;14;55.01904762;14.15333333;;14;55.01904762;7;3;50.0;35.71428571;7.142857143;0.0;7.142857143;0.0
2020-11;National;PARIS MONTPARNASSE;LA ROCHELLE VILLE;181;65;13;;9;5.77037037;0.667628205;;3;25.0;2.990384615;;3;25.0;0;0;0.0;33.33333333;0.0;0.0;66.66666667;0.0
2020-11;National;TOURS;PARIS MONTPARNASSE;76;77;8;;29;2.868390805;1.05531401;;28;13.4577381;6.732125604;;4;43.62916667;2;1;10.71428571;64.28571429;3.571428571;7.142857143;10.71428571;3.571428571
2020-11;National;LYON PART DIEU;LILLE;178;52;13;;30;9.458333333;7.22008547;;5;43.36;6.002991453;;5;43.36;3;2;60.0;40.0;0.0;0.0;0.0;0.0
2020-11;National;POITIERS;PARIS MONTPARNASSE;94;142;21;;75;5.810444444;3.461707989;;30;16.955;5.938429752;;11;29.62727273;4;0;13.33333333;43.33333333;30.0;13.33333333;0.0;0.0
2020-11;National;DUNKERQUE;PARIS NORD;127;89;7;;4;9.25;0.451219512;;6;15.95;2.723373984;;1;31.78333333;1;0;0.0;33.33333333;33.33333333;0.0;33.33333333;0.0
2020-11;International;PARIS LYON;LAUSANNE;210;10;5;;1;0.116666667;-0.18;;0;0.0;2.576666667;;0;0.0;0;0;0.0;0.0;0.0;0.0;0.0;0.0
2020-11;National;NANTES;PARIS MONTPARNASSE;133;144;32;;63;3.194973545;1.585565476;;12;25.85972222;4.701041667;;9;30.78703704;2;1;16.66666667;33.33333333;33.33333333;8.333333333;0.0;8.333333333
2020-11;National;PARIS MONTPARNASSE;RENNES;101;253;43;;45;4.556666667;-0.446507937;;18;19.89444444;1.766269841;;10;31.90555556;2;2;33.33333333;27.77777778;16.66666667;16.66666667;5.555555556;0.0
2020-11;National;BORDEAUX ST JEAN;TOURCOING;315;5;1;;1;19.36666667;4.5375;;0;0.0;0.5;;0;0.0;0;0;0.0;0.0;0.0;0.0;0.0;0.0
2020-11;National;ANNECY;PARIS LYON;245;45;6;;2;26.0;1.333333333;;1;20.45;1.814529915;;1;20.45;0;0;0.0;0.0;100.0;0.0;0.0;0.0
2020-11;International;PARIS LYON;ITALIE;431;26;1;;15;1.278888889;0.648666667;;6;102.1666667;23.54;;6;102.1666667;6;3;33.33333333;50.0;16.66666667;0.0;0.0;0.0
2020-11;International;BARCELONA;PARIS LYON;313;25;0;;2;0.833333333;-4.618666667;;3;73.99444444;10.28;;3;73.99444444;2;2;100.0;0.0;0.0;0.0;0.0;0.0
2020-11;National;PARIS MONTPARNASSE;ANGOULEME;133;107;12;;24;4.330555556;-0.051403509;;9;45.15555556;4.52122807;;7;54.31190476;4;2;11.11111111;44.44444444;11.11111111;33.33333333;0.0;0.0
2020-11;National;ANGOULEME;PARIS MONTPARNASSE;127;95;10;;63;5.213492063;3.789607843;;19;23.2245614;6.794901961;;11;31.52272727;5;0;10.52631579;42.10526316;31.57894737;10.52631579;5.263157895;0.0
2020-11;National;RENNES;PARIS MONTPARNASSE;106;270;40;;124;10.76370968;5.673913043;;49;24.68197279;7.093695652;;32;42.86222222;13;4;22.91666667;47.91666667;12.5;8.333333333;4.166666667;4.166666667
2020-11;National;PARIS NORD;DOUAI;67;57;6;;5;2.31;-0.236601307;;8;9.1875;1.274183007;;0;0.0;0;0;0.0;12.5;37.5;12.5;37.5;0.0
2020-11;National;DOUAI;PARIS NORD;76;58;7;;25;0.444;0.125816993;;7;7.99047619;1.568954248;;0;0.0;0;0;0.0;42.85714286;28.57142857;14.28571429;14.28571429;0.0
2020-11;National;PARIS NORD;DUNKERQUE;129;74;5;;17;1.348039216;-0.123913043;;3;21.66666667;1.217391304;;2;25.5;1;0;33.33333333;33.33333333;33.33333333;0.0;0.0;0.0
2020-11;National;GRENOBLE;PARIS LYON;182;56;8;;7;0.5;0.072916667;;1;21.7;2.792361111;;1;21.7;0;0;0.0;0.0;0.0;100.0;0.0;0.0
2020-11;National;NICE VILLE;PARIS LYON;357;54;8;;14;3.423809524;0.782971014;;6;51.16666667;7.952898551;;6;51.16666667;4;2;66.66666667;16.66666667;16.66666667;0.0;0.0;0.0
2020-11;International;PARIS LYON;BARCELONA;317;26;0;;7;7.997619048;1.860897436;;0;0.0;1.646153846;;0;0.0;0;0;0.0;0.0;0.0;0.0;0.0;0.0
2020-11;National;LYON PART DIEU;RENNES;240;32;4;;16;7.629166667;4.300595238;;3;50.62777778;6.498809524;;3;50.62777778;1;1;66.66666667;0.0;33.33333333;0.0;0.0;0.0
2020-11;National;PARIS MONTPARNASSE;QUIMPER;218;59;15;;9;14.51666667;2.590909091;;5;40.4;5.795454545;;5;40.4;3;1;40.0;20.0;0.0;40.0;0.0;0.0
2020-11;National;LILLE;MARSEILLE ST CHARLES;291;26;13;;4;22.0625;6.491025641;;5;76.63333333;30.81025641;;5;76.63333333;5;3;40.0;40.0;0.0;20.0;0.0;0.0
2020-11;National;TOURCOING;BORDEAUX ST JEAN;297;2;1;;0;0.0;0.0;;0;0.0;1.483333333;;0;0.0;0;0;0.0;0.0;0.0;0.0;0.0;0.0
2020-11;National;MONTPELLIER;PARIS LYON;208;99;10;;53;6.386477987;3.70917603;;5;57.8;2.904307116;;5;57.8;3;2;80.0;20.0;0.0;0.0;0.0;0.0
2020-11;National;PARIS MONTPARNASSE;TOURS;74;53;8;;7;5.016666667;0.455185185;;4;10.975;1.005185185;;1;15.88333333;0;0;0.0;0.0;0.0;66.66666667;0.0;33.33333333
2020-11;International;LAUSANNE;PARIS LYON;218;17;6;;11;7.506060606;7.506060606;;2;40.05;9.881818182;;2;40.05;2;0;0.0;0.0;0.0;0.0;100.0;0.0
2020-11;National;NIMES;PARIS LYON;181;98;10;;59;7.143502825;4.704166667;;7;44.61666667;2.773863636;;5;57.8;3;2;71.42857143;28.57142857;0.0;0.0;0.0;0.0
2020-11;National;CHAMBERY CHALLES LES EAUX;PARIS LYON;189;75;5;;55;7.60969697;5.915238095;;10;21.77;5.878095238;;8;30.58571429;2;0;30.0;40.0;30.0;0.0;0.0;0.0
2020-11;National;MARSEILLE ST CHARLES;MARNE LA VALLEE;213;29;12;;10;21.60333333;12.60294118;;6;68.69722222;25.07058824;;6;68.69722222;5;4;66.66666667;33.33333333;0.0;0.0;0.0;0.0
2020-11;National;PARIS MONTPARNASSE;LE MANS;57;189;21;;30;2.89;-1.165277778;;31;9.033870968;2.366765873;;3;20.66111111;0;0;10.0;26.66666667;40.0;20.0;0.0;3.333333333
2020-11;National;ST MALO;PARIS MONTPARNASSE;167;34;4;;19;0.85877193;0.474444444;;7;20.52619048;6.111666667;;6;21.46111111;0;0;28.57142857;42.85714286;0.0;14.28571429;0.0;14.28571429
2020-11;National;PARIS MONTPARNASSE;ST PIERRE DES CORPS;62;191;25;;31;3.444623656;-0.154819277;;24;11.40069444;1.830722892;;3;22.69444444;1;0;8.695652174;39.13043478;21.73913043;13.04347826;8.695652174;8.695652174
2020-11;National;SAINT ETIENNE CHATEAUCREUX;PARIS LYON;185;10;4;;4;1.9;1.180555556;;0;0.0;4.052777778;;0;0.0;0;0;0.0;0.0;0.0;0.0;0.0;0.0
2020-11;National;PARIS MONTPARNASSE;ANGERS SAINT LAUD;92;137;28;;25;2.652666667;0.101529052;;16;15.49375;4.347247706;;6;25.57777778;3;0;12.5;62.5;12.5;0.0;6.25;6.25
2020-11;National;PARIS LYON;AVIGNON TGV;165;99;13;;13;5.680769231;0.396124031;;7;41.2952381;3.194186047;;5;53.17333333;4;2;42.85714286;57.14285714;0.0;0.0;0.0;0.0
2020-11;International;ZURICH;PARIS LYON;235;40;5;;35;3.182857143;3.182857143;;3;18.06111111;0.401904762;;3;18.06111111;0;0;0.0;66.66666667;33.33333333;0.0;0.0;0.0
2020-11;National;LYON PART DIEU;MONTPELLIER;112;83;9;;50;1.846333333;1.189414414;;10;22.90166667;3.867342342;;6;29.96111111;1;1;20.0;0.0;40.0;10.0;10.0;20.0
2020-11;National;LA ROCHELLE VILLE;PARIS MONTPARNASSE;167;68;11;;9;1.722222222;0.271929825;;5;16.31;3.947953216;;3;19.42222222;0;0;40.0;20.0;40.0;0.0;0.0;0.0
2020-11;National;LAVAL;PARIS MONTPARNASSE;89;133;11;;75;7.479555556;4.493306011;;22;22.46969697;5.150956284;;14;29.00357143;5;2;18.18181818;45.45454545;18.18181818;9.090909091;4.545454545;4.545454545
2020-11;National;ST PIERRE DES CORPS;PARIS MONTPARNASSE;63;198;23;;157;3.244904459;2.896666667;;61;13.97622951;5.649142857;;12;36.83333333;7;1;11.86440678;52.54237288;16.94915254;6.779661017;8.474576271;3.389830508
2020-11;National;METZ;PARIS EST;86;76;13;;44;7.871590909;5.446825397;;15;24.59222222;6.702910053;;10;32.05166667;5;1;13.33333333;33.33333333;40.0;6.666666667;0.0;6.666666667
2020-11;National;LYON PART DIEU;MARNE LA VALLEE;107;57;16;;33;14.31212121;11.48211382;;6;64.88611111;9.925203252;;6;64.88611111;5;4;66.66666667;33.33333333;0.0;0.0;0.0;0.0
2020-11;National;LYON PART DIEU;MARSEILLE ST CHARLES;109;60;20;;29;4.55;3.26;;12;65.8875;20.00916667;;12;65.8875;8;6;33.33333333;41.66666667;0.0;8.333333333;0.0;16.66666667
2020-11;National;PARIS MONTPARNASSE;TOULOUSE MATABIAU;281;63;9;;10;4.245;0.383641975;;10;45.00166667;8.505246914;;12;44.12272727;4;2;20.0;50.0;20.0;0.0;0.0;10.0
2020-11;National;PARIS EST;REIMS;46;47;12;;14;0.564285714;0.081904762;;1;6.766666667;0.694285714;;0;0.0;0;0;0.0;100.0;0.0;0.0;0.0;0.0
2020-11;National;MARNE LA VALLEE;MARSEILLE ST CHARLES;214;28;14;;13;13.22307692;12.22142857;;6;74.05555556;32.97857143;;6;74.05555556;6;4;33.33333333;33.33333333;0.0;33.33333333;0.0;0.0
2020-11;National;PARIS LYON;NICE VILLE;358;44;9;;7;4.514285714;0.387619048;;6;28.73611111;6.647619048;;6;28.73611111;2;0;16.66666667;66.66666667;0.0;16.66666667;0.0;0.0
2020-11;National;PARIS MONTPARNASSE;LAVAL;83;98;11;;18;2.999074074;-2.305555556;;13;14.91666667;2.863601533;;4;30.30833333;2;0;53.84615385;30.76923077;7.692307692;7.692307692;0.0;0.0
2020-11;National;ARRAS;PARIS NORD;51;161;21;;104;3.140224359;2.255;;26;11.40512821;2.75547619;;3;32.83333333;2;0;3.846153846;38.46153846;15.38461538;7.692307692;26.92307692;7.692307692
2020-11;National;PARIS LYON;AIX EN PROVENCE TGV;187;102;12;;14;6.671428571;0.587407407;;7;50.04285714;5.290185185;;7;50.04285714;4;2;14.28571429;57.14285714;0.0;28.57142857;0.0;0.0
2020-11;National;PARIS LYON;MACON LOCHE;98;76;9;;13;0.685897436;-0.289054726;;3;22.25555556;2.213930348;;2;26.65;0;0;33.33333333;33.33333333;0.0;33.33333333;0.0;0.0
2020-11;National;PARIS LYON;BESANCON FRANCHE COMTE TGV;128;41;8;;11;1.607575758;0.293434343;;2;12.03333333;3.822222222;;0;0.0;0;0;0.0;0.0;0.0;100.0;0.0;0.0
2020-11;National;DIJON VILLE;PARIS LYON;101;85;19;;63;6.332539683;6.028535354;;8;24.95833333;3.325;;5;32.77333333;3;0;0.0;62.5;25.0;0.0;12.5;0.0
2020-11;International;FRANCFORT;PARIS EST;220;74;7;;60;2.932222222;2.541044776;;7;29.34285714;4.020646766;;7;29.34285714;2;0;28.57142857;28.57142857;42.85714286;0.0;0.0;0.0
2020-11;National;PARIS EST;METZ;85;63;16;;20;0.428333333;0.061702128;;4;16.1125;1.665602837;;2;26.475;0;0;25.0;25.0;50.0;0.0;0.0;0.0
2020-11;National;NANCY;PARIS EST;95;56;19;;16;1.139583333;0.404054054;;3;21.62222222;1.858558559;;3;21.62222222;0;0;0.0;100.0;0.0;0.0;0.0;0.0
2020-11;National;LILLE;LYON PART DIEU;178;50;18;;27;12.00432099;10.10885417;;7;31.43809524;8.551041667;;4;46.1125;2;2;14.28571429;0.0;14.28571429;28.57142857;42.85714286;0.0
2020-11;National;MARSEILLE ST CHARLES;TOURCOING;293;3;1;;2;84.51666667;84.51666667;;2;92.0;92.0;;2;92.0;2;2;50.0;50.0;0.0;0.0;0.0;0.0
2020-11;National;PARIS LYON;NIMES;181;89;9;;22;5.237121212;1.053541667;;10;24.82833333;5.071875;;7;30.30952381;2;0;30.0;50.0;0.0;20.0;0.0;0.0
2020-11;National;PARIS EST;NANCY;99;44;19;;11;1.348484848;0.517333333;;1;10.83333333;0.294666667;;0;0.0;0;0;0.0;100.0;0.0;0.0;0.0;0.0
2020-11;National;PARIS LYON;VALENCE ALIXAN TGV;130;88;14;;19;5.53245614;1.012387387;;6;15.425;2.163738739;;2;23.6;0;0;16.66666667;50.0;0.0;33.33333333;0.0;0.0
2020-11;National;MONTPELLIER;LYON PART DIEU;114;77;5;;56;2.312797619;1.755787037;;8;22.60625;3.350925926;;8;22.60625;2;0;50.0;25.0;12.5;12.5;0.0;0.0
2020-11;National;PARIS MONTPARNASSE;BORDEAUX ST JEAN;154;255;42;;48;3.998263889;0.169796557;;25;47.40133333;6.344053208;;24;47.13461538;10;5;12.5;66.66666667;4.166666667;12.5;0.0;4.166666667
2020-11;National;AVIGNON TGV;PARIS LYON;168;115;16;;76;9.98004386;7.56043771;;9;80.09814815;6.624242424;;9;80.09814815;7;2;88.88888889;11.11111111;0.0;0.0;0.0;0.0
2020-11;National;PARIS MONTPARNASSE;NANTES;132;146;33;;30;3.578333333;0.463421829;;15;17.55444444;4.077286136;;7;24.77857143;0;0;20.0;40.0;20.0;6.666666667;6.666666667;6.666666667
2020-11;National;BELLEGARDE (AIN);PARIS LYON;168;52;5;;23;5.170289855;2.404609929;;2;59.93333333;1.417375887;;2;59.93333333;1;1;50.0;50.0;0.0;0.0;0.0;0.0
2020-11;National;PARIS LYON;DIJON VILLE;96;82;17;;17;1.668627451;0.187948718;;3;11.45;2.679230769;;0;0.0;0;0;0.0;33.33333333;0.0;66.66666667;0.0;0.0
2020-11;National;MARSEILLE ST CHARLES;LYON PART DIEU;105;67;18;;23;21.17971014;9.77585034;;11;78.68787879;18.98095238;;11;78.68787879;9;7;72.72727273;18.18181818;0.0;9.090909091;0.0;0.0
2020-11;International;PARIS LYON;ZURICH;229;31;4;;6;1.788888889;0.133333333;;6;46.625;12.73580247;;6;46.625;2;1;16.66666667;66.66666667;16.66666667;0.0;0.0;0.0
2020-11;National;VANNES;PARIS MONTPARNASSE;156;65;13;;21;3.766666667;1.521153846;;10;20.79666667;4.329807692;;7;24.77380952;2;0;40.0;20.0;10.0;20.0;0.0;10.0
2020-11;National;LYON PART DIEU;PARIS LYON;125;154;26;;91;3.837179487;2.672395833;;8;18.86875;1.8390625;;6;31.40666667;2;0;25.0;12.5;25.0;0.0;12.5;25.0
2020-11;National;PARIS LYON;LYON PART DIEU;121;170;23;;25;3.9;0.221768707;;10;29.30666667;2.356575964;;6;41.12777778;3;1;10.0;20.0;10.0;50.0;10.0;0.0
2020-11;National;STRASBOURG;NANTES;337;8;2;;3;0.183333333;-0.047222222;;0;0.0;0.508333333;;0;0.0;0;0;0.0;0.0;0.0;0.0;0.0;0.0
2020-11;National;PARIS LYON;MULHOUSE VILLE;170;69;10;;17;1.680392157;0.224858757;;7;32.46904762;6.481073446;;3;59.71666667;1;1;14.28571429;71.42857143;14.28571429;0.0;0.0;0.0
2020-11;National;PARIS MONTPARNASSE;VANNES;149;62;18;;9;14.51666667;2.604166667;;6;35.16666667;6.340909091;;5;39.8;3;1;33.33333333;50.0;0.0;16.66666667;0.0;0.0
2020-11;National;NANTES;STRASBOURG;302;10;2;;3;0.994444444;0.154166667;;0;0.0;0.535416667;;0;0.0;0;0;0.0;0.0;0.0;0.0;0.0;0.0
2020-11;National;MARSEILLE ST CHARLES;LILLE;286;24;10;;7;2.588095238;1.173809524;;4;41.22916667;12.38333333;;4;41.22916667;2;1;75.0;25.0;0.0;0.0;0.0;0.0
2020-11;National;MACON LOCHE;PARIS LYON;101;105;12;;76;8.730921053;7.070967742;;17;18.2872549;5.84874552;;9;30.95416667;3;0;17.64705882;41.17647059;29.41176471;0.0;5.882352941;5.882352941
2020-11;National;VALENCE ALIXAN TGV;PARIS LYON;131;103;14;;60;7.940833333;5.248314607;;11;37.53333333;4.117790262;;8;46.89583333;3;2;72.72727273;9.090909091;18.18181818;0.0;0.0;0.0
2020-11;National;PARIS MONTPARNASSE;BREST;223;64;15;;16;2.357291667;0.453741497;;5;57.6;7.591836735;;5;57.6;2;1;40.0;60.0;0.0;0.0;0.0;0.0
2020-11;National;AIX EN PROVENCE TGV;PARIS LYON;186;95;15;;60;4.418333333;3.257083333;;7;89.78571429;7.841041667;;7;89.78571429;6;2;71.42857143;14.28571429;14.28571429;0.0;0.0;0.0
2020-11;National;PARIS LYON;GRENOBLE;181;43;9;;11;2.739393939;0.655882353;;2;24.0;3.279411765;;2;24.0;0;0;0.0;50.0;0.0;50.0;0.0;0.0
2020-11;National;PERPIGNAN;PARIS LYON;306;41;9;;18;4.30462963;2.220833333;;3;35.38333333;4.78125;;3;35.38333333;1;1;66.66666667;0.0;33.33333333;0.0;0.0;0.0
2020-11;International;PARIS EST;STUTTGART;161;34;2;;20;1.499166667;-7.686979167;;5;23.39;6.2125;;5;23.39;0;0;40.0;0.0;20.0;20.0;20.0;0.0
2020-11;National;PARIS MONTPARNASSE;POITIERS;97;171;25;;29;6.255172414;0.912442922;;14;17.55714286;1.383219178;;6;25.1;1;0;7.142857143;14.28571429;21.42857143;28.57142857;21.42857143;7.142857143
2020-11;National;QUIMPER;PARIS MONTPARNASSE;226;60;11;;5;3.8;0.387755102;;5;27.9;3.886734694;;5;27.9;2;0;60.0;20.0;0.0;20.0;0.0;0.0
2020-11;National;LILLE;PARIS NORD;73;172;33;;68;4.920833333;2.245923261;;26;12.40641026;3.103357314;;4;33.03333333;3;0;8.0;28.0;12.0;12.0;32.0;8.0
2020-11;National;BESANCON FRANCHE COMTE TGV;PARIS LYON;134;44;9;;26;4.023076923;2.823809524;;4;27.55416667;4.748571429;;2;43.58333333;2;0;0.0;50.0;50.0;0.0;0.0;0.0
2020-11;National;PARIS LYON;MONTPELLIER;210;90;9;;22;5.237121212;1.044444444;;10;26.43666667;4.13127572;;10;26.43666667;2;1;20.0;60.0;0.0;20.0;0.0;0.0
2020-11;National;MULHOUSE VILLE;PARIS LYON;176;79;11;;52;2.434615385;1.81004902;;8;22.15208333;2.672794118;;5;28.27;2;0;0.0;50.0;50.0;0.0;0.0;0.0
2020-11;National;PARIS LYON;PERPIGNAN;331;40;10;;9;6.47962963;1.639444444;;1;53.35;0.996666667;;1;53.35;1;0;0.0;100.0;0.0;0.0;0.0;0.0
2020-11;International;PARIS EST;FRANCFORT;214;62;4;;30;2.7;1.283045977;;6;31.53611111;5.942528736;;6;31.53611111;2;0;16.66666667;16.66666667;33.33333333;16.66666667;16.66666667;0.0
2020-11;International;MADRID;MARSEILLE ST CHARLES;0;0;0;;0;0.0;0.0;;0;0.0;0.0;;0;0.0;0;0;0.0;0.0;0.0;0.0;0.0;0.0
2020-11;National;REIMS;PARIS EST;46;73;15;;25;0.975333333;0.316666667;;3;5.672222222;1.639367816;;0;0.0;0;0;0.0;33.33333333;66.66666667;0.0;0.0;0.0
2020-11;National;MARNE LA VALLEE;LYON PART DIEU;107;58;21;;36;9.862037037;9.58963964;;7;31.43809524;7.744594595;;4;46.1125;2;2;14.28571429;0.0;14.28571429;28.57142857;42.85714286;0.0
2020-11;National;PARIS LYON;ANNECY;221;36;6;;11;0.395454545;-0.061111111;;1;16.0;1.666666667;;1;16.0;0;0;0.0;100.0;0.0;0.0;0.0;0.0
2020-11;National;LE CREUSOT MONTCEAU MONTCHANIN;PARIS LYON;83;61;11;;41;5.364227642;4.31;;12;10.7125;1.996333333;;1;33.68333333;1;0;16.66666667;41.66666667;16.66666667;8.333333333;0.0;16.66666667
2020-11;National;MARSEILLE ST CHARLES;PARIS LYON;198;161;18;;46;10.80326087;3.134615385;;15;82.17555556;8.518531469;;15;82.17555556;12;6;93.33333333;6.666666667;0.0;0.0;0.0;0.0
2020-11;National;PARIS LYON;TOULON;246;56;12;;10;7.508333333;1.223106061;;8;37.18958333;5.984469697;;8;37.18958333;5;1;12.5;50.0;0.0;25.0;12.5;0.0
2020-11;National;PARIS NORD;LILLE;70;163;33;;33;4.634848485;0.812179487;;18;18.05185185;2.503846154;;8;28.68958333;3;1;0.0;27.77777778;11.11111111;33.33333333;27.77777778;0.0
2020-11;International;PARIS LYON;GENEVE;189;51;3;;17;0.796078431;0.085069444;;4;16.5875;2.847222222;;4;16.5875;0;0;50.0;25.0;25.0;0.0;0.0;0.0
2020-11;National;TOULOUSE MATABIAU;PARIS MONTPARNASSE;274;63;9;;36;4.328240741;2.757716049;;10;78.15;15.1212963;;10;78.15;8;5;20.0;50.0;10.0;10.0;10.0;0.0
2020-11;National;PARIS LYON;BELLEGARDE (AIN);162;53;5;;17;0.796078431;0.085069444;;3;16.53888889;4.073958333;;2;18.59166667;0;0;33.33333333;33.33333333;33.33333333;0.0;0.0;0.0
2020-11;National;PARIS LYON;LE CREUSOT MONTCEAU MONTCHANIN;81;79;6;;8;6.872916667;0.247945205;;4;18.99583333;0.530593607;;1;45.33333333;1;0;0.0;50.0;25.0;25.0;0.0;0.0
2020-11;International;GENEVE;PARIS LYON;185;56;3;;46;1.607246377;1.327672956;;2;59.93333333;1.199371069;;2;59.93333333;1;1;50.0;50.0;0.0;0.0;0.0;0.0
2020-11;National;ANGERS SAINT LAUD;PARIS MONTPARNASSE;91;136;27;;82;2.382520325;1.75733945;;15;15.56888889;3.714373089;;7;23.37857143;1;0;6.666666667;40.0;33.33333333;6.666666667;0.0;13.33333333
2020-11;National;PARIS MONTPARNASSE;ST MALO;164;33;7;;8;0.927083333;0.062820513;;1;11.48333333;1.340384615;;0;0.0;0;0;100.0;0.0;0.0;0.0;0.0;0.0
2020-11;National;PARIS NORD;ARRAS;48;121;19;;27;5.916666667;1.184803922;;9;19.79259259;2.832843137;;2;63.3;2;2;0.0;37.5;25.0;25.0;12.5;0.0
2020-11;National;PARIS LYON;SAINT ETIENNE CHATEAUCREUX;173;8;4;;2;11.80833333;5.629166667;;2;13.78333333;7.558333333;;0;0.0;0;0;0.0;0.0;0.0;100.0;0.0;0.0
2020-11;International;ITALIE;PARIS LYON;420;28;1;;22;0.75;0.537037037;;6;26.68888889;9.312962963;;6;26.68888889;2;0;16.66666667;33.33333333;50.0;0.0;0.0;0.0
2020-11;National;PARIS LYON;MARSEILLE ST CHARLES;199;136;19;;19;4.684210526;0.287321937;;14;60.42261905;8.227492877;;14;60.42261905;12;4;35.71428571;42.85714286;7.142857143;14.28571429;0.0;0.0
2020-11;National;LE MANS;PARIS MONTPARNASSE;59;182;23;;124;4.422311828;3.377358491;;52;11.57884615;4.643920335;;14;22.55714286;2;0;5.882352941;56.8627451;15.68627451;7.843137255;1.960784314;11.76470588
2020-11;National;STRASBOURG;PARIS EST;124;151;24;;98;3.646768707;2.766141732;;11;21.15606061;1.905249344;;6;26.41190476;2;0;9.090909091;27.27272727;45.45454545;9.090909091;0.0;9.090909091
2020-11;National;PARIS LYON;CHAMBERY CHALLES LES EAUX;184;33;5;;14;1.369047619;0.506547619;;3;36.61666667;4.60952381;;3;36.61666667;2;0;0.0;66.66666667;0.0;33.33333333;0.0;0.0
2020-11;National;TOULON;PARIS LYON;247;64;10;;27;8.621604938;4.121604938;;7;66.78571429;9.345679012;;7;66.78571429;5;3;71.42857143;14.28571429;14.28571429;0.0;0.0;0.0
2020-11;International;STUTTGART;PARIS EST;170;41;3;;35;3.507619048;3.017982456;;0;0.0;-1.047807018;;0;0.0;0;0;0.0;0.0;0.0;0.0;0.0;0.0
2020-11;International;MARSEILLE ST CHARLES;MADRID;0;0;0;;0;0.0;0.0;;0;0.0;0.0;;0;0.0;0;0;0.0;0.0;0.0;0.0;0.0;0.0
2020-12;National;TOURS;PARIS MONTPARNASSE;74;147;7;;54;1.380555556;0.387738095;;24;14.70347222;3.622738095;;9;27.02962963;3;0;26.08695652;34.7826087;26.08695652;8.695652174;0.0;4.347826087
2020-12;National;ST MALO;PARIS MONTPARNASSE;160;71;3;;24;0.368055556;-0.029411765;;9;21.42777778;2.850735294;;5;29.47333333;2;0;22.22222222;55.55555556;0.0;0.0;11.11111111;11.11111111
2020-12;National;LILLE;LYON PART DIEU;186;179;17;;112;4.900446429;3.304218107;;14;40.80714286;3.84372428;;13;43.11153846;6;3;21.42857143;42.85714286;7.142857143;28.57142857;0.0;0.0
2020-12;National;LILLE;MARSEILLE ST CHARLES;297;131;13;;50;3.712666667;1.341949153;;10;74.07833333;7.444915254;;10;74.07833333;6;2;60.0;10.0;0.0;30.0;0.0;0.0
2020-12;National;PARIS LYON;ANNECY;221;117;7;;37;1.827477477;0.378787879;;6;42.83333333;4.654545455;;6;42.83333333;5;1;16.66666667;50.0;0.0;33.33333333;0.0;0.0
2020-12;National;PARIS MONTPARNASSE;ANGERS SAINT LAUD;90;357;23;;74;6.149099099;0.994810379;;52;22.19198718;5.393413174;;26;34.14551282;7;3;26.92307692;32.69230769;26.92307692;5.769230769;7.692307692;0.0
2020-12;National;REIMS;PARIS EST;46;186;15;;84;0.982539683;0.40380117;;17;11.0372549;1.987719298;;4;21.09166667;0;0;26.66666667;13.33333333;46.66666667;13.33333333;0.0;0.0
2020-12;National;MARSEILLE ST CHARLES;LILLE;282;122;9;;63;2.812962963;1.361946903;;12;33.76388889;5.401032448;;12;33.76388889;6;2;66.66666667;16.66666667;0.0;8.333333333;0.0;8.333333333
2020-12;National;LYON PART DIEU;MARNE LA VALLEE;108;174;16;;131;5.649363868;4.660759494;;24;26.38263889;3.681962025;;18;30.57685185;5;2;33.33333333;16.66666667;16.66666667;20.83333333;4.166666667;8.333333333
2020-12;National;ANNECY;PARIS LYON;230;109;6;;6;3.0;0.174757282;;8;27.12708333;3.11828479;;8;27.12708333;1;1;50.0;25.0;25.0;0.0;0.0;0.0
2020-12;National;CHAMBERY CHALLES LES EAUX;PARIS LYON;187;140;9;;93;6.724193548;4.670610687;;20;21.995;4.711704835;;17;28.42777778;3;1;45.0;25.0;25.0;0.0;5.0;0.0
2020-12;National;TOULON;PARIS LYON;246;178;10;;86;4.151550388;1.970634921;;16;41.96979167;2.957837302;;16;41.96979167;11;3;50.0;25.0;18.75;6.25;0.0;0.0
2020-12;National;LYON PART DIEU;MONTPELLIER;114;169;8;;128;3.876041667;3.041097308;;16;50.07291667;4.945341615;;11;67.22878788;5;2;12.5;25.0;0.0;25.0;25.0;12.5
2020-12;International;MARSEILLE ST CHARLES;MADRID;0;0;0;;0;0.0;0.0;;0;0.0;0.0;;0;0.0;0;0;0.0;0.0;0.0;0.0;0.0;0.0
2020-12;National;PARIS LYON;LE CREUSOT MONTCEAU MONTCHANIN;80;170;6;;52;1.498717949;0.182621951;;6;24.30277778;-0.144004065;;5;26.94;1;0;50.0;16.66666667;0.0;33.33333333;0.0;0.0
2020-12;National;PARIS MONTPARNASSE;LAVAL;82;202;11;;34;10.77941176;1.597643979;;31;14.36344086;3.167975567;;8;32.8;2;1;29.03225806;35.48387097;22.58064516;9.677419355;3.225806452;0.0
2020-12;National;VALENCE ALIXAN TGV;PARIS LYON;132;229;16;;128;6.223567708;3.600234742;;17;36.25294118;1.611580595;;13;43.32051282;5;2;29.41176471;29.41176471;17.64705882;23.52941176;0.0;0.0
2020-12;International;ZURICH;PARIS LYON;229;107;5;;100;1.1435;1.104411765;;2;31.90833333;-0.65751634;;2;31.90833333;1;0;0.0;0.0;50.0;50.0;0.0;0.0
2020-12;National;NANTES;PARIS MONTPARNASSE;131;401;30;;183;5.136520947;2.272506739;;41;37.17317073;5.120080863;;33;43.1489899;19;8;32.5;27.5;25.0;7.5;5.0;2.5
2020-12;National;DOUAI;PARIS NORD;75;126;8;;80;2.387916667;1.55720339;;20;11.9025;2.493502825;;3;31.9;1;0;33.33333333;44.44444444;5.555555556;16.66666667;0.0;0.0
2020-12;National;TOURCOING;BORDEAUX ST JEAN;298;23;2;;1;6.0;0.285714286;;0;0.0;1.962698413;;0;0.0;0;0;0.0;0.0;0.0;0.0;0.0;0.0
2020-12;National;PARIS MONTPARNASSE;BREST;220;185;14;;39;5.551282051;0.81042885;;13;35.38461538;3.418128655;;13;35.38461538;5;1;38.46153846;23.07692308;7.692307692;15.38461538;7.692307692;7.692307692
2020-12;National;PARIS MONTPARNASSE;LE MANS;56;391;20;;86;7.949418605;1.509838275;;56;15.14642857;3.011680144;;18;31.46111111;4;2;33.33333333;20.83333333;27.08333333;8.333333333;10.41666667;0.0
2020-12;National;METZ;PARIS EST;87;226;14;;137;1.903649635;1.169261006;;19;19.77105263;2.049371069;;8;32.34166667;4;0;26.31578947;21.05263158;42.10526316;5.263157895;0.0;5.263157895
2020-12;National;PARIS LYON;NICE VILLE;357;137;6;;26;6.036538462;0.800254453;;9;49.36111111;3.125699746;;9;49.36111111;7;2;37.5;12.5;12.5;37.5;0.0;0.0
2020-12;International;PARIS LYON;ITALIE;415;47;1;;26;0.809615385;0.32173913;;2;33.75;-0.457608696;;2;33.75;1;0;100.0;0.0;0.0;0.0;0.0;0.0
2020-12;National;PARIS MONTPARNASSE;BORDEAUX ST JEAN;149;597;41;;127;6.52664042;1.093735012;;45;46.15666667;3.841426859;;38;50.26788618;24;10;65.90909091;18.18181818;0.0;13.63636364;2.272727273;0.0
2020-12;National;STRASBOURG;NANTES;322;32;2;;13;3.864102564;1.585;;5;40.74333333;6.359444444;;5;40.74333333;3;1;40.0;20.0;0.0;0.0;20.0;20.0
2020-12;National;AIX EN PROVENCE TGV;PARIS LYON;186;283;15;;170;4.666372549;2.854664179;;15;41.20666667;1.612375622;;15;41.20666667;11;2;40.0;20.0;20.0;6.666666667;13.33333333;0.0
2020-12;National;MONTPELLIER;PARIS LYON;206;178;10;;92;4.825905797;2.560515873;;13;50.68974359;3.164285714;;13;50.68974359;5;4;46.15384615;30.76923077;15.38461538;7.692307692;0.0;0.0
2020-12;National;TOULOUSE MATABIAU;PARIS MONTPARNASSE;263;160;8;;89;5.070411985;2.85252193;;25;39.56066667;7.855701754;;25;39.56066667;11;4;48.0;36.0;8.0;4.0;4.0;0.0
2020-12;National;PARIS NORD;DOUAI;69;108;7;;17;7.040196078;0.844884488;;10;16.55333333;1.991419142;;4;29.81666667;1;1;40.0;20.0;10.0;10.0;20.0;0.0
2020-12;National;BESANCON FRANCHE COMTE TGV;PARIS LYON;131;126;9;;30;3.736666667;0.449287749;;3;55.66666667;0.884615385;;3;55.66666667;3;1;66.66666667;33.33333333;0.0;0.0;0.0;0.0
2020-12;National;BREST;PARIS MONTPARNASSE;226;207;11;;11;8.98030303;0.503996599;;19;38.25;5.470238095;;19;38.25;11;2;42.10526316;42.10526316;5.263157895;10.52631579;0.0;0.0
2020-12;National;BELLEGARDE (AIN);PARIS LYON;166;136;6;;72;2.943287037;1.496666667;;4;41.2375;0.551282051;;4;41.2375;3;1;25.0;25.0;25.0;25.0;0.0;0.0
2020-12;National;PARIS EST;STRASBOURG;131;369;21;;136;4.199632353;1.441858238;;15;42.43555556;1.677586207;;14;44.6202381;5;2;20.0;33.33333333;0.0;33.33333333;6.666666667;6.666666667
2020-12;National;MARSEILLE ST CHARLES;TOURCOING;294;23;1;;11;6.922727273;3.26969697;;3;34.0;6.863636364;;3;34.0;2;0;33.33333333;0.0;33.33333333;33.33333333;0.0;0.0
2020-12;National;NICE VILLE;PARIS LYON;356;143;8;;39;5.338888889;1.075555556;;12;41.51805556;3.19037037;;12;41.51805556;8;2;58.33333333;16.66666667;16.66666667;8.333333333;0.0;0.0
2020-12;National;ANGERS SAINT LAUD;PARIS MONTPARNASSE;92;350;25;;256;5.014453125;3.916153846;;42;32.99603175;5.096871795;;28;44.73392857;16;7;25.0;25.0;35.0;7.5;7.5;0.0
2020-12;National;PARIS NORD;ARRAS;48;248;20;;69;4.548792271;1.064327485;;18;20.78981481;2.711184211;;6;47.94444444;4;3;29.41176471;23.52941176;29.41176471;11.76470588;5.882352941;0.0
2020-12;National;PARIS LYON;AIX EN PROVENCE TGV;183;283;14;;67;5.035323383;0.897459727;;16;33.75625;2.897831475;;15;35.13777778;8;2;43.75;18.75;6.25;31.25;0.0;0.0
2020-12;National;PARIS MONTPARNASSE;NANTES;129;374;29;;79;5.561603376;0.918454106;;51;27.95424837;4.588985507;;34;35.75784314;10;5;27.45098039;39.21568627;23.52941176;3.921568627;5.882352941;0.0
2020-12;National;PARIS MONTPARNASSE;POITIERS;95;408;23;;80;7.75125;1.188701299;;31;28.48817204;3.184502165;;23;37.88409091;12;3;45.16129032;6.451612903;25.80645161;9.677419355;9.677419355;3.225806452
2020-12;National;MARNE LA VALLEE;LYON PART DIEU;107;224;21;;178;5.982865169;5.16543514;;18;42.59907407;3.979392447;;16;46.565625;9;4;22.22222222;38.88888889;5.555555556;27.77777778;5.555555556;0.0
2020-12;National;PARIS LYON;MULHOUSE VILLE;169;219;11;;75;3.323333333;0.979086538;;14;58.52380952;4.845112179;;14;58.52380952;8;3;50.0;21.42857143;0.0;28.57142857;0.0;0.0
2020-12;National;PARIS LYON;VALENCE ALIXAN TGV;131;238;16;;73;2.629680365;0.598048048;;8;31.53541667;0.856531532;;5;43.52666667;4;1;12.5;37.5;12.5;12.5;25.0;0.0
2020-12;National;BORDEAUX ST JEAN;PARIS MONTPARNASSE;145;622;40;;264;12.39785354;5.411626575;;92;35.48550725;7.161884307;;79;44.61776316;46;13;59.5505618;20.2247191;14.60674157;1.123595506;3.370786517;1.123595506
2020-12;National;LA ROCHELLE VILLE;PARIS MONTPARNASSE;167;166;10;;5;4.6;0.147435897;;14;21.50833333;3.340491453;;8;28.24375;3;0;28.57142857;64.28571429;0.0;7.142857143;0.0;0.0
2020-12;National;ST PIERRE DES CORPS;PARIS MONTPARNASSE;62;368;22;;282;3.133806147;2.52283237;;53;18.63553459;3.270809249;;15;46.55;5;2;28.26086957;34.7826087;21.73913043;6.52173913;0.0;8.695652174
2020-12;National;PARIS EST;REIMS;46;169;12;;41;6.183333333;1.359129512;;9;42.71666667;2.801380042;;4;82.6375;2;2;33.33333333;44.44444444;0.0;11.11111111;11.11111111;0.0
2020-12;National;LYON PART DIEU;LILLE;190;145;12;;108;5.90308642;4.769047619;;22;26.41212121;4.829197995;;14;34.375;6;3;31.81818182;22.72727273;18.18181818;18.18181818;4.545454545;4.545454545
2020-12;National;PARIS LYON;MONTPELLIER;209;166;9;;49;2.254421769;0.373460722;;6;37.07222222;1.898407643;;6;37.07222222;4;1;16.66666667;33.33333333;0.0;0.0;50.0;0.0
2020-12;National;SAINT ETIENNE CHATEAUCREUX;PARIS LYON;169;56;4;;33;1.124242424;-5.712820513;;6;20.74722222;3.228846154;;3;29.52222222;2;0;0.0;16.66666667;0.0;33.33333333;50.0;0.0
2020-12;National;PARIS EST;NANCY;96;228;18;;78;5.560897436;1.816428571;;15;45.81222222;3.282698413;;10;62.48666667;5;3;13.33333333;40.0;13.33333333;20.0;0.0;13.33333333
2020-12;National;MARNE LA VALLEE;MARSEILLE ST CHARLES;209;157;14;;117;4.412108262;3.491491841;;11;74.0;6.922960373;;11;74.0;7;3;54.54545455;9.090909091;0.0;36.36363636;0.0;0.0
2020-12;National;PARIS EST;METZ;86;240;16;;77;6.042207792;1.88608631;;14;40.61547619;2.775446429;;9;59.08703704;3;3;28.57142857;42.85714286;7.142857143;14.28571429;7.142857143;0.0
2020-12;National;AVIGNON TGV;PARIS LYON;166;279;16;;157;3.592887473;1.940621039;;16;33.00520833;0.957224335;;12;40.11527778;8;2;25.0;25.0;25.0;12.5;12.5;0.0
2020-12;National;NANCY;PARIS EST;94;244;19;;96;3.64375;1.457925926;;12;44.11527778;2.660814815;;10;50.285;6;3;33.33333333;41.66666667;0.0;16.66666667;8.333333333;0.0
2020-12;National;PARIS MONTPARNASSE;TOULOUSE MATABIAU;268;162;8;;34;4.231372549;0.507900433;;18;33.39351852;4.532683983;;18;33.39351852;7;2;38.88888889;33.33333333;11.11111111;5.555555556;5.555555556;5.555555556
2020-12;National;NIMES;PARIS LYON;178;179;10;;121;4.383333333;3.070907298;;15;45.60222222;3.14112426;;13;50.68974359;5;4;40.0;40.0;13.33333333;6.666666667;0.0;0.0
2020-12;National;PARIS LYON;BELLEGARDE (AIN);166;142;6;;51;2.984640523;0.903553922;;10;25.72;3.631372549;;9;26.93888889;1;0;50.0;20.0;0.0;10.0;20.0;0.0
2020-12;National;LE CREUSOT MONTCEAU MONTCHANIN;PARIS LYON;83;143;11;;88;4.899431818;3.146212121;;21;14.39761905;1.407323232;;6;25.55714286;2;0;33.33333333;14.28571429;14.28571429;0.0;9.523809524;28.57142857
2020-12;International;MADRID;MARSEILLE ST CHARLES;0;0;0;;0;0.0;0.0;;0;0.0;0.0;;0;0.0;0;0;0.0;0.0;0.0;0.0;0.0;0.0
2020-12;National;QUIMPER;PARIS MONTPARNASSE;224;187;10;;12;4.431944444;0.30047081;;13;30.80384615;3.772693032;;13;30.80384615;4;1;38.46153846;38.46153846;7.692307692;7.692307692;7.692307692;0.0
2020-12;National;PARIS MONTPARNASSE;RENNES;99;543;38;;100;7.77;1.145181518;;60;20.01361111;2.729867987;;25;35.80733333;10;3;26.66666667;21.66666667;25.0;16.66666667;6.666666667;3.333333333
2020-12;International;PARIS EST;STUTTGART;177;70;2;;29;3.234482759;1.182843137;;6;28.73333333;5.165441176;;4;37.51666667;2;1;0.0;20.0;0.0;60.0;20.0;0.0
2020-12;International;PARIS LYON;ZURICH;231;100;4;;35;5.339047619;1.738020833;;9;76.68148148;8.555381944;;9;76.68148148;7;3;44.44444444;11.11111111;11.11111111;33.33333333;0.0;0.0
2020-12;National;PARIS NORD;DUNKERQUE;129;121;5;;25;9.612666667;1.664367816;;13;40.0;3.629310345;;12;42.33333333;9;2;53.84615385;30.76923077;0.0;7.692307692;7.692307692;0.0
2020-12;National;PARIS MONTPARNASSE;ST MALO;156;81;6;;8;1.89375;-0.192;;5;23.64333333;1.959777778;;2;38.16666667;2;0;20.0;20.0;40.0;20.0;0.0;0.0
2020-12;National;LYON PART DIEU;PARIS LYON;121;430;26;;266;3.813408521;2.442161716;;32;25.84375;2.317079208;;22;37.67619048;14;2;37.5;18.75;9.375;9.375;21.875;3.125
2020-12;National;PARIS LYON;MARSEILLE ST CHARLES;194;383;19;;80;4.306041667;0.586584249;;17;34.07941176;2.540384615;;17;34.07941176;8;2;52.94117647;23.52941176;5.882352941;17.64705882;0.0;0.0
2020-12;National;MARSEILLE ST CHARLES;PARIS LYON;198;365;18;;144;5.815046296;2.115898175;;19;40.77807018;1.486215178;;19;40.77807018;12;4;36.84210526;21.05263158;15.78947368;15.78947368;10.52631579;0.0
2020-12;National;LYON PART DIEU;MARSEILLE ST CHARLES;105;284;20;;188;3.847429078;2.678535354;;22;30.90454545;3.498295455;;17;36.41862745;7;2;31.81818182;18.18181818;27.27272727;13.63636364;9.090909091;0.0
2020-12;International;FRANCFORT;PARIS EST;210;99;5;;83;1.976706827;1.693617021;;11;43.81212121;6.296453901;;9;50.6962963;6;2;27.27272727;36.36363636;9.090909091;9.090909091;0.0;18.18181818
2020-12;International;LAUSANNE;PARIS LYON;215;113;5;;103;2.696116505;2.534104938;;3;48.65555556;0.35617284;;3;48.65555556;2;1;0.0;66.66666667;0.0;33.33333333;0.0;0.0
2020-12;National;POITIERS;PARIS MONTPARNASSE;95;321;21;;207;4.838808374;3.206388889;;44;26.30833333;4.463555556;;23;42.11449275;9;3;34.88372093;32.55813953;11.62790698;6.976744186;4.651162791;9.302325581
2020-12;International;PARIS LYON;GENEVE;187;122;3;;45;3.343333333;1.055602241;;9;25.27777778;2.474089636;;9;25.27777778;1;0;55.55555556;22.22222222;0.0;11.11111111;11.11111111;0.0
2020-12;National;PARIS MONTPARNASSE;ANGOULEME;129;247;12;;58;7.406609195;1.433900709;;18;37.76018519;3.355673759;;12;50.26388889;9;3;61.11111111;5.555555556;11.11111111;5.555555556;16.66666667;0.0
2020-12;National;PARIS MONTPARNASSE;TOURS;73;152;8;;27;9.449382716;1.30462963;;22;22.74015152;3.854513889;;9;43.92037037;6;2;30.0;5.0;25.0;15.0;20.0;5.0
2020-12;National;VANNES;PARIS MONTPARNASSE;156;202;12;;77;3.403030303;1.379122807;;21;22.61904762;3.361754386;;13;29.00769231;4;1;28.57142857;42.85714286;14.28571429;9.523809524;4.761904762;0.0
2020-12;National;MARSEILLE ST CHARLES;MARNE LA VALLEE;210;162;11;;82;3.363821138;1.625607064;;17;31.01764706;3.701766004;;17;31.01764706;6;2;52.94117647;11.76470588;11.76470588;17.64705882;5.882352941;0.0
2020-12;National;PARIS LYON;DIJON VILLE;96;279;17;;78;3.017735043;0.664185751;;13;34.01666667;0.650954198;;7;53.48333333;4;2;38.46153846;38.46153846;0.0;15.38461538;7.692307692;0.0
2020-12;International;ITALIE;PARIS LYON;402;45;1;;41;3.219512195;3.0;;11;23.52575758;9.239015152;;11;23.52575758;2;0;54.54545455;27.27272727;18.18181818;0.0;0.0;0.0
2020-12;International;PARIS EST;FRANCFORT;188;105;5;;36;5.025;1.559;;12;49.78194444;7.847166667;;12;49.78194444;5;3;36.36363636;36.36363636;0.0;18.18181818;9.090909091;0.0
2020-12;National;MONTPELLIER;LYON PART DIEU;113;145;4;;93;3.013799283;1.925886525;;17;29.10196078;4.712765957;;14;32.75833333;5;1;23.52941176;41.17647059;17.64705882;17.64705882;0.0;0.0
2020-12;National;PARIS MONTPARNASSE;QUIMPER;220;187;14;;27;5.587037037;0.386897881;;16;52.0;5.239884393;;16;52.0;7;5;62.5;6.25;18.75;6.25;0.0;6.25
2020-12;National;PARIS MONTPARNASSE;VANNES;150;202;17;;30;5.511111111;0.411171171;;27;39.25925926;6.967567568;;14;64.35714286;10;5;37.03703704;22.22222222;22.22222222;3.703703704;7.407407407;7.407407407
2020-12;National;LYON PART DIEU;RENNES;235;67;4;;53;3.227044025;2.695767196;;3;19.01111111;3.751587302;;3;19.01111111;0;0;0.0;33.33333333;0.0;66.66666667;0.0;0.0
2020-12;National;PARIS LYON;AVIGNON TGV;161;267;15;;66;4.068686869;0.739021164;;12;31.78194444;1.663359788;;9;38.54444444;5;2;25.0;25.0;8.333333333;33.33333333;8.333333333;0.0
2020-12;National;PARIS LYON;NIMES;179;167;9;;50;2.271333333;0.391139241;;13;23.77564103;2.936708861;;6;37.31944444;4;1;30.76923077;30.76923077;7.692307692;0.0;30.76923077;0.0
2020-12;International;PARIS LYON;LAUSANNE;215;114;5;;26;4.436538462;0.789143731;;9;38.20925926;4.094189602;;9;38.20925926;2;1;42.85714286;28.57142857;0.0;14.28571429;0.0;14.28571429
2020-12;National;NANTES;STRASBOURG;324;34;2;;13;3.034615385;0.8578125;;3;40.06111111;4.7171875;;3;40.06111111;2;0;50.0;50.0;0.0;0.0;0.0;0.0
2020-12;National;BORDEAUX ST JEAN;TOURCOING;315;22;1;;10;9.14;4.21031746;;5;27.0;6.761904762;;5;27.0;2;0;40.0;0.0;0.0;40.0;0.0;20.0
2020-12;National;PARIS LYON;GRENOBLE;181;115;9;;30;1.294444444;0.051257862;;4;21.0;1.504716981;;2;28.5;1;0;25.0;25.0;0.0;50.0;0.0;0.0
2020-12;National;PARIS LYON;PERPIGNAN;304;121;10;;46;1.620289855;0.454654655;;9;38.57037037;2.355105105;;9;38.57037037;4;2;22.22222222;22.22222222;33.33333333;11.11111111;11.11111111;0.0
2020-12;National;PARIS LYON;LYON PART DIEU;120;439;22;;141;2.384515366;0.506914468;;16;25.06041667;0.873860911;;14;26.95595238;5;0;31.25;25.0;6.25;31.25;6.25;0.0
2020-12;National;PARIS LYON;SAINT ETIENNE CHATEAUCREUX;170;57;4;;26;1.107051282;0.377044025;;2;25.43333333;2.574528302;;2;25.43333333;0;0;50.0;0.0;0.0;50.0;0.0;0.0
2020-12;National;DUNKERQUE;PARIS NORD;129;134;7;;3;34.66666667;0.818897638;;13;33.13589744;4.855774278;;7;50.74285714;6;2;46.15384615;46.15384615;0.0;7.692307692;0.0;0.0
2020-12;National;PARIS LYON;TOULON;240;168;10;;29;6.609195402;0.80664557;;11;33.13787879;1.791983122;;11;33.13787879;7;0;45.45454545;27.27272727;0.0;18.18181818;9.090909091;0.0
2020-12;National;ANGOULEME;PARIS MONTPARNASSE;126;227;10;;156;4.388568376;3.050384025;;25;38.17533333;5.003225806;;19;46.35964912;8;3;52.0;24.0;12.0;4.0;4.0;4.0
2020-12;National;LAVAL;PARIS MONTPARNASSE;87;195;9;;110;4.812878788;2.711290323;;31;22.6688172;4.174103943;;13;40.65833333;8;2;34.48275862;44.82758621;17.24137931;0.0;0.0;3.448275862
2020-12;National;LE MANS;PARIS MONTPARNASSE;58;353;19;;263;5.166983523;4.016716567;;71;19.48403756;4.3499501;;25;40.198;15;5;23.07692308;41.53846154;27.69230769;3.076923077;1.538461538;3.076923077
2020-12;National;PARIS MONTPARNASSE;ST PIERRE DES CORPS;62;394;24;;81;7.475308642;1.231846847;;43;19.74573643;2.691756757;;16;43.19444444;10;3;26.19047619;14.28571429;26.19047619;11.9047619;11.9047619;9.523809524
2020-12;National;STRASBOURG;PARIS EST;128;366;24;;233;3.217381974;2.100779727;;29;29.53505747;3.002582846;;24;32.94444444;12;1;20.68965517;27.5862069;17.24137931;10.34482759;10.34482759;13.79310345
2020-12;National;LILLE;PARIS NORD;70;365;32;;177;4.074199623;1.987587588;;43;17.44341085;3.022322322;;13;37.31410256;6;2;27.5;32.5;15.0;15.0;10.0;0.0
2020-12;National;PARIS LYON;BESANCON FRANCHE COMTE TGV;129;122;9;;41;1.415853659;0.280530973;;9;27.92037037;2.707522124;;7;32.78809524;2;1;44.44444444;22.22222222;0.0;33.33333333;0.0;0.0
2020-12;National;PARIS LYON;CHAMBERY CHALLES LES EAUX;181;147;9;;50;1.641;0.347826087;;10;28.40166667;1.748067633;;8;32.4125;2;1;20.0;30.0;20.0;30.0;0.0;0.0
2020-12;National;GRENOBLE;PARIS LYON;180;125;10;;4;24.25;0.843478261;;7;25.42619048;2.312898551;;6;27.7;1;0;28.57142857;28.57142857;42.85714286;0.0;0.0;0.0
2020-12;National;MACON LOCHE;PARIS LYON;101;198;14;;142;7.321126761;5.56884058;;22;23.08712121;3.815036232;;16;31.17222222;4;2;45.45454545;22.72727273;18.18181818;0.0;4.545454545;9.090909091
2020-12;International;GENEVE;PARIS LYON;184;124;3;;111;1.955105105;1.70785124;;4;32.925;0.44600551;;3;41.76111111;2;1;25.0;50.0;0.0;25.0;0.0;0.0
2020-12;National;RENNES;PARIS MONTPARNASSE;101;521;37;;262;4.626717557;2.381714876;;69;23.56352657;4.205853994;;37;38.51441441;20;4;30.3030303;42.42424242;12.12121212;10.60606061;1.515151515;3.03030303
2020-12;National;DIJON VILLE;PARIS LYON;98;271;17;;185;3.706396396;2.648753281;;11;40.07575758;0.977690289;;9;46.26481481;6;2;54.54545455;27.27272727;9.090909091;0.0;0.0;9.090909091
2020-12;National;MULHOUSE VILLE;PARIS LYON;171;214;11;;150;1.891333333;1.330295567;;6;55.51388889;0.555336617;;5;63.78666667;4;2;50.0;16.66666667;16.66666667;16.66666667;0.0;0.0
2020-12;National;RENNES;LYON PART DIEU;232;70;4;;41;1.77804878;1.022727273;;6;45.875;3.121464646;;6;45.875;4;1;83.33333333;16.66666667;0.0;0.0;0.0;0.0
2020-12;National;PERPIGNAN;PARIS LYON;308;107;9;;43;7.080232558;2.731122449;;6;62.61944444;3.308673469;;6;62.61944444;3;2;50.0;33.33333333;16.66666667;0.0;0.0;0.0
2020-12;National;MARSEILLE ST CHARLES;LYON PART DIEU;104;291;17;;200;2.198416667;1.485644769;;17;22.40196078;2.384002433;;10;29.22;3;1;11.76470588;35.29411765;29.41176471;23.52941176;0.0;0.0
2020-12;International;BARCELONA;PARIS LYON;316;30;0;;3;9.383333333;-3.063888889;;3;82.38333333;6.792222222;;3;82.38333333;2;1;66.66666667;33.33333333;0.0;0.0;0.0;0.0
2020-12;National;PARIS NORD;LILLE;68;366;31;;90;5.031111111;0.971144279;;30;22.59555556;1.737810945;;15;37.44;9;2;32.14285714;17.85714286;14.28571429;10.71428571;25.0;0.0
2020-12;International;PARIS LYON;BARCELONA;317;30;0;;5;0.903333333;-0.152777778;;4;51.73333333;7.749444444;;4;51.73333333;2;2;0.0;25.0;50.0;25.0;0.0;0.0
2020-12;National;PARIS MONTPARNASSE;LA ROCHELLE VILLE;174;171;12;;27;0.988888889;-0.222012579;;11;35.04545455;3.591194969;;10;37.35;4;1;27.27272727;72.72727273;0.0;0.0;0.0;0.0
2020-12;International;STUTTGART;PARIS EST;180;71;3;;59;5.188135593;4.358333333;;5;28.57666667;2.507107843;;5;28.57666667;2;0;20.0;20.0;0.0;40.0;0.0;20.0
2020-12;National;ARRAS;PARIS NORD;51;257;21;;160;4.15125;2.723658192;;39;18.28418803;3.698940678;;10;45.09;7;2;32.43243243;48.64864865;8.108108108;10.81081081;0.0;0.0
2020-12;National;PARIS LYON;MACON LOCHE;96;174;9;;58;1.501436782;0.281818182;;8;25.25208333;1.074141414;;7;27.28571429;2;0;50.0;12.5;12.5;25.0;0.0;0.0
2021-01;International;ZURICH;PARIS LYON;244;102;0;;45;1.7451851851851905;1.201030928;;13;60.610256410256405;5.079037801;;13;60.61025641;9;4;30.76923077;23.07692308;23.07692308;15.38461538;7.692307692;0.0
2021-01;National;PARIS LYON;BESANCON FRANCHE COMTE TGV;130;117;0;;6;12.672222222222198;0.484615385;;4;24.22916667;0.697150997;;2;35.00833333;1;0;50.0;25.0;0.0;25.0;0.0;0.0
2021-01;National;PARIS MONTPARNASSE;QUIMPER;221;228;2;;31;21.62473118;2.4953539823008803;;29;55.46551724;7.223451327;;29;55.46551724;19;11;44.827586206896605;37.931034482758605;3.448275862;10.34482759;0.0;3.448275862
2021-01;National;PARIS NORD;ARRAS;48;479;0;;43;8.772868217;0.482185108;;70;14.11;4.118997912;;19;28.29122807;7;0;19.04761905;22.22222222;34.92063492;3.1746031746031704;14.28571429;6.349206349206351
2021-01;National;AIX EN PROVENCE TGV;PARIS LYON;187;322;0;;68;12.02916667;2.438541667;;28;58.28928571;4.212239583;;28;58.28928571;19;8;51.851851851851805;18.518518518518498;0.0;11.11111111;7.407407407;11.11111111
2021-01;National;ARRAS;PARIS NORD;50;501;0;;234;6.652777778;3.11839654;;105;17.05492063;4.589720559;;36;30.125;14;0;24.50980392;20.58823529;13.7254902;20.58823529;14.70588235;5.882352941
2021-01;National;LYON PART DIEU;MONTPELLIER;114;223;0;;72;12.77569444;4.242825112;;36;31.3712963;4.737967115;;23;42.30652174;14;3;36.11111111;19.44444444;11.11111111;16.66666667;8.333333333;8.333333333
2021-01;National;MARSEILLE ST CHARLES;TOURCOING;301;31;0;;9;11.48518519;3.15483871;;7;60.0;15.90322581;;7;60.0;4;3;28.57142857;0.0;0.0;0.0;28.57142857;42.85714286
2021-01;National;PARIS LYON;MARSEILLE ST CHARLES;192;399;0;;30;9.563333333;0.360526316;;36;36.09398148;4.077360067;;36;36.09398148;17;5;50.0;23.52941176;11.76470588;8.823529412;0.0;5.882352941176469
2021-01;National;PARIS MONTPARNASSE;BREST;226;237;0;;26;22.33397436;2.032137834;;21;57.5;5.219409283;;21;57.5;12;8;52.38095238;23.80952381;0.0;19.04761905;0.0;4.761904762
2021-01;National;PARIS MONTPARNASSE;POITIERS;96;508;2;;43;29.297674418604696;2.084123847;;47;35.39432624;4.443774704;;29;50.31436782;16;10;29.78723404;25.531914893617003;14.89361702;4.255319149;10.63829787;14.89361702
2021-01;National;BELLEGARDE (AIN);PARIS LYON;165;170;0;;48;6.956944444444441;1.946470588;;19;29.97017544;1.895098039;;17;32.09313725;6;3;42.105263157894704;15.78947368;21.05263158;15.78947368;5.263157895;0.0
2021-01;National;STRASBOURG;NANTES;318;42;0;;5;5.11;0.7646825396825419;;8;54.59791667;10.79404762;;8;54.59791667;4;2;50.0;25.0;25.0;0.0;0.0;0.0
2021-01;International;PARIS LYON;BARCELONA;399;31;0;;0;0.0;-0.10483871;;0;0.0;0.0;;0;0.0;0;0;0.0;0.0;0.0;0.0;0.0;0.0
2021-01;National;LILLE;PARIS NORD;70;536;5;;141;6.360283687943256;1.4941619585687385;;71;17.05877102330291;3.2267106089140003;;23;31.37826086956521;10;0;27.076746191434296;11.468812877263591;14.28571429;27.134233975280285;14.31445817763725;5.720034492670309
2021-01;National;LYON PART DIEU;MARSEILLE ST CHARLES;104;376;0;;125;14.54826667;4.873670213;;50;37.791;6.111702127659569;;41;43.02357724;20;9;42.85714286;16.32653061;12.24489796;18.36734694;4.081632653;6.12244898
2021-01;National;PARIS MONTPARNASSE;ANGOULEME;128;272;3;;30;29.98777778;2.980297398;;31;43.22258065;5.428004957;;24;51.95694444444441;13;7;35.48387097;19.35483871;6.4516129032258105;9.677419355;12.903225806451598;16.12903226
2021-01;International;BARCELONA;PARIS LYON;401;30;0;;0;0.0;0.0;;2;0.0;1.056666667;;2;18.33333333;0;0;50.0;0.0;0.0;0.0;0.0;50.0
2021-01;International;PARIS LYON;ITALIE;425;62;1;;1;1.816666667;-0.086612022;;4;57.125;1.43442623;;4;57.125;3;1;0.0;25.0;25.0;25.0;0.0;25.0
2021-01;National;BREST;PARIS MONTPARNASSE;228;229;0;;4;2.616666667;0.045705968;;27;43.24197531;6.815429403;;27;43.24197531;14;4;37.03703704;14.81481481;11.11111111;25.925925925925903;3.703703704;7.407407407407408
2021-01;National;PARIS EST;METZ;87;251;2;;38;18.39210526;2.720950469;;26;44.78653846;5.210843373;;15;69.27333333;8;6;26.92307692;11.53846154;11.53846154;23.07692308;15.38461538;11.53846154
2021-01;National;ST MALO;PARIS MONTPARNASSE;161;93;0;;3;13.5;0.495604396;;10;54.595;6.46959707;;9;59.43518518518519;5;2;30.0;20.0;0.0;40.0;0.0;10.0
2021-01;National;ST PIERRE DES CORPS;PARIS MONTPARNASSE;62;483;2;;156;8.434935897;2.829487179;;82;26.11463415;5.045772696;;41;42.61300813;19;7;34.61538462;20.51282051;19.23076923;11.53846154;11.53846154;2.564102564
2021-01;National;TOULON;PARIS LYON;247;237;1;;62;20.37876344;5.341949153;;27;68.18395062;6.933968927;;27;68.18395062;20;9;44.44444444;14.81481481;11.11111111;18.51851852;3.703703704;7.407407407407408
2021-01;National;TOULOUSE MATABIAU;PARIS MONTPARNASSE;261;181;0;;21;26.7047619;3.125138122;;31;61.17311828;11.896040515653802;;31;61.17311828;20;10;51.61290322580649;19.35483871;0.0;12.903225806451598;6.4516129032258105;9.677419355
2021-01;National;TOURCOING;BORDEAUX ST JEAN;299;31;0;;6;17.0;3.2903225806451606;;2;37.73333333;4.649462366;;2;37.73333333;2;0;50.0;0.0;0.0;50.0;0.0;0.0
2021-01;National;VALENCE ALIXAN TGV;PARIS LYON;132;237;1;;91;14.91025641;5.893795094;;42;42.3734127;6.395382395;;37;46.37927928;18;8;38.095238095238095;14.28571429;7.142857143;14.28571429;9.523809524;16.66666667
2021-01;National;DIJON VILLE;PARIS LYON;98;255;1;;77;8.389393939;2.670318725;;19;47.29824561;1.563678619;;15;56.57111111;11;3;31.57894737;26.31578947;15.78947368;10.52631579;15.78947368;0.0
2021-01;National;RENNES;LYON PART DIEU;241;50;0;;8;19.70208333;3.185416667;;10;46.14166667;7.780902778;;10;46.14166667;8;1;10.0;10.0;10.0;20.0;50.0;0.0
2021-01;International;LAUSANNE;PARIS LYON;226;98;1;;85;3.169411765;2.873263889;;6;33.14166667;0.805034722;;6;33.14166667;3;0;33.33333333;16.66666667;0.0;16.66666667;33.33333333;0.0
2021-01;National;BORDEAUX ST JEAN;TOURCOING;316;31;0;;7;18.12619048;3.981182796;;3;78.33333333;7.64516129;;3;78.33333333;3;2;66.66666667;0.0;0.0;0.0;33.33333333;0.0
2021-01;National;LYON PART DIEU;LILLE;189;276;1;;113;8.213421828908551;3.485863636363634;;40;35.59718629453138;5.2360606060606125;;34;37.54607843137254;14;7;37.50000000000004;15.000000000000014;17.49999999999995;17.500000000000014;7.499999999999998;5.000000000000003
2021-01;National;PARIS LYON;LE CREUSOT MONTCEAU MONTCHANIN;80;188;0;;6;10.38055556;0.058421986;;7;29.56428571;0.248404255;;4;41.50833333;3;0;42.85714286;28.57142857;0.0;14.28571429;0.0;14.28571429
2021-01;National;PARIS MONTPARNASSE;LE MANS;62;466;0;;52;17.95833333;1.353433476;;44;28.13030303;2.346244635;;17;56.07156863;9;5;29.545454545454504;20.45454545;13.63636364;4.545454545454549;11.36363636;20.45454545
2021-01;International;PARIS LYON;LAUSANNE;225;96;1;;5;17.74666667;0.78122807;;10;27.39333333;4.491754386;;10;27.39333333;2;0;30.0;30.0;30.0;10.0;0.0;0.0
2021-01;International;ITALIE;PARIS LYON;442;62;0;;36;5.194444444;3.204918033;;17;34.40392157;11.558469945355196;;17;34.40392157;6;1;35.29411765;23.52941176;35.29411765;5.882352941;0.0;0.0
2021-01;National;DOUAI;PARIS NORD;74;189;0;;68;5.042892157;1.891935484;;43;17.56511628;4.405197133;;15;30.93;6;0;17.07317073;24.390243902439003;14.63414634;19.51219512;17.07317073;7.317073170731709
2021-01;National;PARIS LYON;MACON LOCHE;95;185;0;;6;5.355555555555559;-0.039009009;;6;29.89444444;0.911801802;;6;29.89444444;2;0;50.0;33.33333333;0.0;16.66666667;0.0;0.0
2021-01;National;PARIS LYON;VALENCE ALIXAN TGV;130;186;0;;7;9.938095238;0.199910394;;11;41.48030303;2.569713262;;9;48.02407407;6;2;45.454545454545496;27.27272727;0.0;18.18181818;0.0;9.090909091
2021-01;National;ANGERS SAINT LAUD;PARIS MONTPARNASSE;95;461;2;;163;7.51400818;2.7970588235294094;;69;29.18985507;4.627051561;;40;42.81041667;22;8;30.303030303030297;18.18181818;15.151515151515198;12.121212121212102;12.121212121212102;12.121212121212102
2021-01;National;PARIS MONTPARNASSE;ST PIERRE DES CORPS;62;523;2;;47;31.478368794326204;2.430102367;;50;38.83366667;4.195841331;;31;55.7827957;16;12;38.0;22.0;10.0;6.0;8.0;16.0
2021-01;National;QUIMPER;PARIS MONTPARNASSE;226;222;0;;11;13.451515151515196;0.672575758;;33;51.30505051;9.04530303;;33;51.30505051;18;9;33.33333333;21.21212121;12.12121212;21.21212121;0.0;12.12121212
2021-01;National;PARIS LYON;LYON PART DIEU;119;475;0;;29;8.608045977;0.187719298;;26;36.03846154;1.775719298;;19;44.84210526;11;6;44.0;24.000000000000004;4.0;16.0;0.0;12.000000000000002
2021-01;National;PARIS MONTPARNASSE;BORDEAUX ST JEAN;143;791;3;;84;28.84642857;2.632614213;;93;46.22401434;5.407889170896779;;82;50.48130081;45;26;38.70967742;19.35483871;3.2258064516128995;13.978494623655898;6.4516129032258105;18.27956989
2021-01;National;LYON PART DIEU;PARIS LYON;118;482;1;;204;5.362663399;2.344676409;;34;31.6127451;2.489352818;;23;40.97101449;10;3;37.5;12.5;12.5;12.5;6.25;18.75
2021-01;National;REIMS;PARIS EST;46;229;3;;13;6.393589743589741;0.367846608;;15;22.71111111;2.296828909;;3;75.8;2;2;7.142857143;35.71428571;35.71428571;0.0;21.42857143;0.0
2021-01;International;FRANCFORT;PARIS EST;236;124;7;;68;2.514705882;1.586637931;;12;35.89305556;5.10933908;;12;35.89305556;4;1;16.66666667;33.33333333;16.66666667;8.333333333;8.333333333;16.66666667
2021-01;National;PARIS LYON;CHAMBERY CHALLES LES EAUX;181;225;0;;7;7.578571429;0.005333333;;13;27.13333333;1.152;;7;40.33571429;5;0;53.84615385;7.692307692;23.07692308;15.38461538;0.0;0.0
2021-01;National;VANNES;PARIS MONTPARNASSE;159;242;0;;63;9.315873016;2.479598893;;39;52.56324786;8.680082988;;35;57.16904762;20;11;30.76923077;23.07692308;10.25641026;25.64102564;0.0;10.25641026
2021-01;National;PARIS LYON;NICE VILLE;357;173;2;;9;7.914814815;0.031960784;;20;56.2425;5.307843137;;20;56.24249999999999;14;6;60.0;10.0;10.0;0.0;5.0;15.0
2021-01;National;PARIS LYON;MONTPELLIER;206;146;0;;7;15.04761905;0.569292237;;14;58.725;6.026484018;;14;58.725;10;3;35.71428571;14.28571429;7.142857143;28.57142857;7.142857143;7.142857143
2021-01;National;PARIS LYON;PERPIGNAN;299;126;0;;5;2.143333333;-0.086640212;;10;38.92166667;2.475396825;;10;38.92166667;7;0;70.0;20.0;0.0;10.0;0.0;0.0
2021-01;National;ANGOULEME;PARIS MONTPARNASSE;126;253;0;;87;6.509003831;2.149601594;;25;44.70866667;5.050398406;;18;56.79907407;11;6;44.0;16.0;16.0;16.0;4.0;4.0
2021-01;National;LA ROCHELLE VILLE;PARIS MONTPARNASSE;169;179;0;;12;20.16666667;1.364044944;;23;54.39057971;7.765449438;;21;58.29285714;10;7;38.0952381;33.33333333;14.28571429;4.761904762;0.0;9.523809524
2021-01;National;LILLE;LYON PART DIEU;187;277;2;;97;5.4754295532646085;1.8987878787878767;;25;35.198167239404384;3.633636363636364;;23;36.90579710144928;13;2;52.0;7.999999999999999;4.000000000000004;27.999999999999982;3.999999999999995;4.000000000000004
2021-01;National;PARIS LYON;TOULON;240;213;1;;13;7.165384615;0.064386792;;22;40.02575758;6.04331761;;22;40.02575758;9;3;52.38095238;28.57142857;14.28571429;0.0;4.761904762;0.0
2021-01;National;PARIS LYON;MULHOUSE VILLE;170;205;0;;14;11.1202381;0.625691057;;13;41.97820513;3.364796748;;13;41.97820513;6;3;38.46153846;30.76923077;23.07692308;7.692307692;0.0;0.0
2021-01;National;PARIS MONTPARNASSE;TOURS;73;177;1;;12;32.99166667;1.801893939;;16;36.87604167;3.633238636;;10;53.24499999999999;4;4;37.5;18.75;18.75;0.0;12.5;12.5
2021-01;International;PARIS LYON;GENEVE;192;128;0;;5;9.17;0.13984375;;12;27.30972222;3.283854167;;12;27.309722222222195;4;0;58.33333333;33.33333333;8.333333333;0.0;0.0;0.0
2021-01;International;STUTTGART;PARIS EST;209;93;3;;79;4.754219409;4.247191011;;12;64.60972222;9.142696629;;12;64.60972222;7;2;33.33333333;33.33333333;0.0;33.33333333;0.0;0.0
2021-01;National;MONTPELLIER;LYON PART DIEU;113;179;1;;28;4.514880952;0.59428839;;6;57.32777778;3.3681647940074897;;6;57.32777777777781;3;3;66.66666667;16.66666667;16.66666667;0.0;0.0;0.0
2021-01;National;PARIS NORD;DUNKERQUE;131;174;0;;14;8.438095238;0.299616858;;14;24.35714286;1.413793103;;10;29.2;3;0;30.76923077;23.07692308;15.38461538;15.38461538;7.692307692;7.692307692
2021-01;National;GRENOBLE;PARIS LYON;178;139;1;;2;3.5;0.056642512;;10;37.57666667;2.783091787;;9;40.03703704;4;2;20.0;60.0;10.0;10.0;0.0;0.0
2021-01;National;NICE VILLE;PARIS LYON;356;180;1;;14;6.751190476;0.084456929;;23;75.1442029;8.675187266;;23;75.1442029;19;9;47.82608696;17.391304347826097;13.043478260869602;17.391304347826097;0.0;4.347826086956521
2021-01;National;PARIS LYON;GRENOBLE;181;142;0;;8;5.366666667;-0.009859155;;9;37.83333333;3.080985915;;8;40.875;4;1;33.33333333;22.22222222;11.11111111;22.22222222;0.0;11.11111111
2021-01;National;PARIS MONTPARNASSE;LAVAL;84;234;0;;32;20.78072917;2.506552707;;34;35.24460784;5.85968661;;20;53.11416667;13;5;38.23529412;29.41176471;5.882352941;5.882352941;5.882352941;14.70588235
2021-01;National;BESANCON FRANCHE COMTE TGV;PARIS LYON;132;119;0;;15;13.23222222;1.300574713;;9;61.76851852;1.4375;;6;86.43333333;6;2;44.44444444;22.22222222;22.22222222;11.11111111;0.0;0.0
2021-01;National;LAVAL;PARIS MONTPARNASSE;86;270;3;;90;6.800185185;2.269163546;;36;28.57314815;4.263732834;;19;44.25087719;11;3;28.57142857;28.57142857;5.714285714;17.14285714;2.857142857;17.14285714
2021-01;National;MARSEILLE ST CHARLES;LILLE;286;174;0;;13;3.687179487179485;0.2713601532567049;;20;43.70769230769231;6.009578544061302;;20;44.56916666666666;11;5;45.0;19.99999999999998;10.000000000000004;14.999999999999988;5.000000000000004;5.000000000000004
2021-01;National;MULHOUSE VILLE;PARIS LYON;170;204;0;;62;11.66612903;3.5960784313725505;;21;48.5952381;4.200081699;;17;56.9127451;13;4;38.095238095238095;23.80952381;19.04761905;14.28571429;4.761904762;0.0
2021-01;National;PARIS MONTPARNASSE;TOULOUSE MATABIAU;259;183;4;;20;29.67833333333329;3.020484171;;24;61.58263889;8.474115456;;24;61.58263889;19;10;29.166666666666703;20.83333333;8.333333333;25.0;8.333333333;8.333333333
2021-01;National;TOURS;PARIS MONTPARNASSE;74;181;1;;14;11.65357143;0.908981481;;33;28.32373737;6.1525;;19;41.89122807;9;2;32.25806452;19.35483871;22.58064516;12.903225806451598;12.903225806451598;0.0
2021-01;International;PARIS EST;FRANCFORT;231;127;7;;12;21.94583333;1.969444444;;11;54.3469697;6.722222222;;11;54.3469697;3;3;37.5;12.5;25.0;25.0;0.0;0.0
2021-01;National;BORDEAUX ST JEAN;PARIS MONTPARNASSE;143;774;7;;294;20.50362812;7.662364189;;155;51.45946237;10.68830943;;127;59.80721785;81;38;62.58064516129031;15.48387097;5.161290323;8.387096774;2.5806451612903203;5.806451613
2021-01;National;LYON PART DIEU;MARNE LA VALLEE;108;324;2;;140;9.845238095;4.277570093;;53;32.23962264;4.955919003;;39;38.72051282;13;6;45.09803922;9.803921569;19.60784314;9.803921569;5.882352941;9.803921569
2021-01;National;NANTES;STRASBOURG;323;42;1;;6;18.89444444;2.698373984;;4;71.5;9.600813008;;4;71.5;2;2;25.0;25.0;25.0;0.0;25.0;0.0
2021-01;National;PARIS LYON;AVIGNON TGV;160;244;0;;20;11.0275;0.560519126;;29;31.97586207;4.117281421;;24;35.58472222;11;3;42.85714286;21.42857143;7.142857142857138;14.28571429;7.142857142857138;7.142857142857138
2021-01;International;PARIS EST;STUTTGART;202;88;3;;12;20.76944444;2.754901961;;19;28.51754386;9.047843137;;19;28.517543859649106;5;1;16.66666667;11.11111111;27.77777778;33.33333333;0.0;11.11111111
2021-01;National;MARSEILLE ST CHARLES;MARNE LA VALLEE;211;245;0;;31;7.215591398;0.858095238;;31;44.41236559;6.026190476;;31;44.41236559;15;6;41.93548387;12.903225806451598;16.12903226;6.4516129032258105;6.4516129032258105;16.12903226
2021-01;National;AVIGNON TGV;PARIS LYON;165;269;0;;58;9.359195402;1.802736318;;29;46.06666667;3.950062189;;23;54.57971014;14;6;46.42857143;17.85714286;3.571428571428569;10.71428571;7.142857142857138;14.28571429
2021-01;National;LE CREUSOT MONTCEAU MONTCHANIN;PARIS LYON;81;136;0;;43;6.706976744;2.057530864;;15;18.00777778;1.372098765;;6;32.32222222;4;0;20.0;6.666666667;26.66666667;26.66666667;0.0;20.0
2021-01;National;METZ;PARIS EST;87;244;1;;60;8.362777778;2.100550964;;41;26.24227642;4.755096419;;19;45.55350877;8;3;35.0;10.000000000000002;30.0;17.5;0.0;7.5
2021-01;National;PARIS LYON;AIX EN PROVENCE TGV;182;246;1;;19;10.68508772;0.471292517;;25;33.224;4.555442177;;24;34.10486111;10;3;52.17391304;17.39130435;13.043478260869602;8.695652173913041;0.0;8.695652173913041
2021-01;National;PARIS MONTPARNASSE;ANGERS SAINT LAUD;93;460;2;;50;20.42566667;1.387162655;;49;49.78333333;7.061451495;;30;74.78111111;17;10;38.7755102;12.244897959183698;18.36734694;10.204081632653102;4.081632653;16.32653061
2021-01;National;PERPIGNAN;PARIS LYON;307;116;0;;23;8.605072464;1.568247126;;13;38.17692308;4.029022989;;13;38.17692308;5;1;46.15384615;7.692307692;7.692307692;7.692307692;7.692307692;23.07692308
2021-01;National;LILLE;MARSEILLE ST CHARLES;302;174;0;;21;10.888888888888888;1.148659003831419;;23;40.81942640692638;6.521647509578548;;23;41.25579710144925;11;4;52.17391304347824;13.043478260869565;8.695652173913052;4.347826086956521;0.0;21.739130434782616
2021-01;National;MARNE LA VALLEE;MARSEILLE ST CHARLES;212;241;0;;80;11.23729167;3.80560166;;28;41.29166667;5.994882434;;28;41.29166667;14;4;53.571428571428605;14.28571429;7.142857143;7.142857143;0.0;17.85714286
2021-01;National;SAINT ETIENNE CHATEAUCREUX;PARIS LYON;167;61;0;;8;19.95;1.795;;7;36.39047619;5.458611111;;4;54.94583333;2;1;57.142857142857096;0.0;14.28571429;0.0;0.0;28.57142857
2021-01;National;PARIS EST;NANCY;96;271;0;;44;16.85719697;2.64102091;;36;38.29259259;5.59095941;;22;54.46136364;12;5;36.11111111;11.11111111;11.11111111;16.66666667;11.11111111;13.88888889
2021-01;National;MONTPELLIER;PARIS LYON;205;181;1;;36;17.85277778;3.528796296;;31;43.07311828;7.446574074074079;;31;43.07311828;14;6;25.80645161;19.35483871;9.677419355;9.677419355;16.12903226;19.35483871
2021-01;National;DUNKERQUE;PARIS NORD;130;169;0;;7;9.0;0.372781065;;22;21.37878788;4.62642998;;11;30.1;5;0;38.0952381;23.809523809523803;4.761904762;14.28571429;19.04761905;0.0
2021-01;National;PARIS MONTPARNASSE;ST MALO;154;102;2;;16;21.78020833;3.1746666666666696;;12;48.63611111;5.6885;;11;51.78939394;8;2;33.33333333;25.0;8.333333333;16.66666667;0.0;16.66666667
2021-01;National;PARIS MONTPARNASSE;NANTES;134;490;2;;55;19.78424242;1.647775496;;45;60.14888889;5.04312115;;34;75.45294118;16;13;48.88888889;11.11111111;17.77777778;4.444444444444439;4.444444444444439;13.33333333
2021-01;National;PARIS MONTPARNASSE;VANNES;152;236;1;;34;21.9627451;2.758156028;;35;43.18571429;6.976595745;;28;50.64285714;19;10;42.85714286;25.71428571;8.571428571;11.42857143;8.571428571;2.857142857
2021-01;National;POITIERS;PARIS MONTPARNASSE;95;415;1;;122;8.640846995;2.360774818;;65;33.65538462;5.997659403;;33;55.51515152;17;10;40.0;18.46153846;23.07692308;7.692307692;4.615384615384619;6.153846154
2021-01;International;GENEVE;PARIS LYON;192;128;0;;53;2.397484277;1.285026042;;11;30.72575758;1.505859375;;11;30.72575758;4;1;54.54545455;18.18181818;9.090909091;9.090909091;9.090909091;0.0
2021-01;International;PARIS LYON;ZURICH;244;99;6;;9;9.2;0.613620072;;8;42.00625;4.764336918;;8;42.00625;5;1;25.0;50.0;25.0;0.0;0.0;0.0
2021-01;National;PARIS EST;REIMS;46;229;4;;25;22.36866666666669;1.789851852;;26;27.37307692;3.438666667;;14;42.18928571;7;2;26.92307692;7.692307692;23.07692308;7.692307692;23.07692308;11.53846154
2021-01;National;LYON PART DIEU;RENNES;242;50;2;;23;6.397826087;2.707986111;;5;56.51333333;7.287499999999999;;5;56.51333333;5;2;40.0;0.0;40.0;20.0;0.0;0.0
2021-01;National;NANCY;PARIS EST;94;285;2;;57;13.08918129;2.652002356;;38;46.6254386;7.004240283;;25;65.77066667;13;6;34.21052632;23.68421053;13.15789474;13.15789474;10.52631579;5.263157895
2021-01;National;PARIS EST;STRASBOURG;129;477;9;;68;17.59852941;2.41292735;;53;46.38490566;5.711217948717949;;34;64.32156863;18;6;50.0;15.38461538;7.692307692;15.38461538;1.923076923;9.615384615
2021-01;National;ANNECY;PARIS LYON;224;109;0;;7;4.857142857;0.319877676;;24;25.701388888888896;6.825382263;;24;25.70138889;6;0;41.66666667;16.66666667;41.66666667;0.0;0.0;0.0
2021-01;National;MARSEILLE ST CHARLES;LYON PART DIEU;104;397;1;;94;11.86560284;2.76464135;;45;45.06444444;5.710590717;;38;51.00394737;19;9;33.33333333;16.66666667;14.28571429;11.9047619;4.761904761904759;19.04761905
2021-01;National;MARSEILLE ST CHARLES;PARIS LYON;197;389;1;;69;17.41280193;2.931731602;;41;61.87886179;6.096709957;;41;61.87886179;28;12;44.99999999999999;17.5;7.5;17.5;5.000000000000001;7.5
2021-01;National;PARIS LYON;ANNECY;220;120;0;;2;11.65833333;-0.012638889;;9;34.05555556;4.5875;;9;34.05555556;4;0;33.33333333;11.11111111;33.33333333;22.22222222;0.0;0.0
2021-01;National;PARIS MONTPARNASSE;RENNES;99;708;0;;89;21.08632959;2.194350282;;81;39.04958848;4.130579096;;60;49.11805555555559;34;18;37.03703704;24.69135802;11.11111111;11.11111111;8.641975308641971;7.407407407
2021-01;National;LE MANS;PARIS MONTPARNASSE;65;434;3;;187;9.043048128;3.976884227;;69;28.96352657;4.242618493;;27;59.57962963;17;8;24.242424242424203;22.72727272727269;16.66666667;13.63636364;4.545454545454549;18.18181818
2021-01;National;PARIS LYON;BELLEGARDE (AIN);167;173;0;;9;10.21666667;0.268015414;;19;23.59035088;4.311560694;;11;29.72272727;4;0;57.894736842105296;15.78947368;21.05263158;5.263157895;0.0;0.0
2021-01;National;STRASBOURG;PARIS EST;126;468;8;;126;8.416402116;2.320297749;;72;36.65532407;6.216339869;;49;47.79795918;20;10;55.55555556;23.611111111111104;2.7777777777777803;11.11111111;4.166666667;2.7777777777777803
2021-01;National;CHAMBERY CHALLES LES EAUX;PARIS LYON;182;234;1;;132;10.24457071;5.758226037;;57;28.73684211;7.208154506;;46;32.30833333;18;2;49.12280702;14.03508772;29.8245614;1.754385965;0.0;5.263157895
2021-01;National;NANTES;PARIS MONTPARNASSE;135;491;2;;122;10.30122951;2.405725971;;58;40.48793103;5.36809816;;45;48.37185185;25;10;37.931034482758605;20.68965517;10.34482759;13.79310345;6.896551724;10.34482759
2021-01;National;PARIS LYON;DIJON VILLE;97;281;0;;17;12.18137255;0.591043891;;18;29.1787037;1.053024911;;13;34.88846154;5;1;33.33333333;22.22222222;11.11111111;22.22222222;11.11111111;0.0
2021-01;National;PARIS NORD;DOUAI;70;138;0;;14;10.81190476;0.851207729;;25;17.924;4.60531401;;11;28.61212121;4;0;13.63636364;18.18181818;22.72727272727269;9.090909091;22.72727272727269;13.63636364
2021-01;National;MACON LOCHE;PARIS LYON;97;265;1;;176;12.75871212;8.784505208;;65;28.480000000000004;6.481705729;;52;32.22275641;18;4;38.46153846;20.0;30.76923077;6.153846154;0.0;4.615384615384619
2021-01;National;NIMES;PARIS LYON;177;181;1;;63;14.23835979;5.057777778;;37;38.23513514;7.446574074074079;;31;43.07311828;14;6;27.02702703;18.91891892;8.108108108;16.21621622;13.51351351;16.21621622
2021-01;National;PARIS LYON;SAINT ETIENNE CHATEAUCREUX;171;61;1;;5;3.743333333;0.193055556;;5;36.35;3.974722222;;5;36.35;2;1;40.0;20.0;0.0;20.0;20.0;0.0
2021-01;National;MARNE LA VALLEE;LYON PART DIEU;107;346;2;;143;9.947202797;4.220833333;;35;34.78571429;3.744815891;;29;39.41609195;18;4;42.85714286;8.571428571;5.714285714;28.57142857;11.42857143;2.857142857
2021-01;National;PARIS MONTPARNASSE;LA ROCHELLE VILLE;174;181;1;;16;30.00208333;2.328611111;;24;42.41666667;7.733333333;;20;48.025;13;4;40.90909091;27.27272727;4.545454545454549;13.63636364;0.0;13.63636364
2021-01;National;PARIS NORD;LILLE;69;492;3;;47;6.235815602836879;0.2972733469665988;;38;18.089535066981863;1.498159509202453;;19;27.544736842105287;5;0;47.05882352941181;9.287925697;11.919504643962844;5.263157894736836;15.479876160990734;10.99071207430342
2021-01;National;PARIS LYON;NIMES;176;146;0;;7;15.04761905;0.569292237;;18;50.00092593;6.98390411;;14;60.38571429;10;3;33.33333333;22.22222222;5.555555555555561;27.77777778;5.555555555555561;5.555555555555561
2021-01;National;RENNES;PARIS MONTPARNASSE;100;711;3;;219;8.140563166;2.498326261;;129;38.03940568;7.676779821;;85;52.19862745;47;21;28.45528455;24.3902439;13.00813008;22.76422764;1.62601626;9.756097561
2021-02;National;PARIS NORD;ARRAS;48;436;1;;16;20.41041667;0.420344828;;38;17.49868421;3.744061303;;11;40.55151515;6;2;5.882352941;17.64705882;38.23529412;8.823529412;17.64705882;11.76470588
2021-02;National;RENNES;PARIS MONTPARNASSE;101;598;5;;168;6.847123015873019;1.927515458;;89;24.2247191;3.825660483;;53;33.71823899;21;5;31.46067416;25.842696629213503;11.23595506;15.73033708;3.3707865168539297;12.359550561797798
2021-02;National;LILLE;MARSEILLE ST CHARLES;302;140;1;;22;21.123484848484853;2.9194244604316566;;18;46.58664335664334;7.296642685851323;;18;46.583333333333314;11;4;44.444444444444485;27.77777778;0.0;0.0;16.66666666666668;11.11111111111112
2021-02;National;REIMS;PARIS EST;46;185;0;;18;8.775;0.239009009;;12;25.025;2.023513514;;6;38.38611111;3;1;25.0;25.0;16.66666667;8.333333333;25.0;0.0
2021-02;National;VANNES;PARIS MONTPARNASSE;159;212;2;;54;6.039506173;1.615079365;;25;30.18533333;4.382857143;;20;34.52416667;7;3;32.0;24.0;8.0;24.0;4.0;8.0
2021-02;International;PARIS EST;FRANCFORT;231;111;5;;15;4.212222222;0.56197411;;11;31.38030303;6.462297735;;11;31.38030303;2;1;27.27272727;18.18181818;36.36363636;0.0;18.18181818;0.0
2021-02;National;MARSEILLE ST CHARLES;MARNE LA VALLEE;212;196;3;;17;20.49803922;1.59507772;;25;55.13533333;6.834455958549221;;25;55.13533333;15;8;28.000000000000004;24.0;8.0;20.0;12.0;8.0
2021-02;National;PARIS LYON;BESANCON FRANCHE COMTE TGV;129;123;0;;4;16.7625;0.480352304;;5;100.6566667;4.002845528;;5;100.6566667;5;4;0.0;40.0;0.0;60.0;0.0;0.0
2021-02;National;POITIERS;PARIS MONTPARNASSE;93;346;14;;66;6.550252525;1.153035144;;44;23.02613636;2.736208733;;19;40.56666667;7;3;44.18604651;16.27906977;18.60465116;2.325581395;9.302325581;9.302325581
2021-02;National;MONTPELLIER;LYON PART DIEU;113;151;1;;40;11.105;3.044888889;;13;29.916666666666696;4.011555556;;11;32.85454545;5;1;46.15384615;7.692307692;7.692307692;15.38461538;7.692307692;15.38461538
2021-02;National;DIJON VILLE;PARIS LYON;98;246;1;;86;7.418023255813961;2.66414966;;13;54.18461538;2.483605442;;8;79.88333333;4;3;15.38461538;46.15384615;15.38461538;23.07692308;0.0;0.0
2021-02;National;NANCY;PARIS EST;94;222;0;;39;10.64102564;1.939714715;;32;21.8;3.270345345;;16;32.59583333;7;2;19.35483871;16.12903226;45.16129032;9.677419355;3.2258064516128995;6.4516129032258105
2021-02;National;AVIGNON TGV;PARIS LYON;165;274;1;;46;8.648550725;1.221245421;;25;53.46866667;3.692246642;;19;66.24561404;13;8;39.130434782608695;17.39130435;17.39130435;8.695652173913041;4.347826086956521;13.043478260869602
2021-02;National;MARSEILLE ST CHARLES;LILLE;289;151;2;;10;19.85833333333333;1.1617449664429529;;18;51.116249999999965;7.768903803131996;;18;59.650925925925904;12;7;27.77777778;27.77777778;5.555555555555554;16.66666666666668;16.666666666666643;5.555555555555555
2021-02;National;PARIS LYON;MONTPELLIER;206;146;1;;10;55.73166667;2.995057471;;18;62.58888889;7.804597701;;18;62.58888888888891;7;6;27.77777778;16.66666667;0.0;44.44444444;0.0;11.11111111
2021-02;National;PARIS LYON;PERPIGNAN;299;126;2;;9;40.07777778;2.763037634;;11;74.8030303;6.306451613;;11;74.8030303;8;5;27.27272727;36.36363636;0.0;36.36363636;0.0;0.0
2021-02;National;PARIS MONTPARNASSE;BREST;225;184;3;;24;14.31944444;1.039779006;;18;41.13888889;4.61878453;;18;41.13888889;10;2;50.0;27.77777778;0.0;0.0;5.555555555555561;16.66666667
2021-02;National;PARIS MONTPARNASSE;TOURS;74;172;5;;14;11.13571429;0.550499002;;13;17.05128205;1.806287425;;5;29.14333333;2;0;38.46153846;7.692307692;7.692307692;7.692307692;7.692307692;30.76923077
2021-02;National;STRASBOURG;PARIS EST;127;322;2;;106;10.34716981;3.37515625;;32;41.41041667;4.746354167;;24;51.09097222;13;6;38.70967742;6.4516129032258105;35.48387097;9.677419355;0.0;9.677419355
2021-02;National;NIMES;PARIS LYON;177;174;1;;63;11.26164021;4.136127168;;26;51.2224359;7.200096339;;19;65.35;13;6;34.61538461538459;3.846153846;3.846153846;30.76923077;15.38461538;11.53846154
2021-02;National;PARIS MONTPARNASSE;POITIERS;95;402;35;;34;17.89656863;0.283242507;;27;24.65493827;2.670390554;;16;34.21041667;7;1;22.22222222;14.81481481;11.11111111;25.925925925925903;3.703703704;22.22222222
2021-02;National;ST PIERRE DES CORPS;PARIS MONTPARNASSE;62;414;14;;126;7.427513228;2.477356902;;61;26.29016393;3.784974747;;23;53.26304348;11;8;45.90163934;9.836065574;18.032786885245898;13.1147541;8.196721311475411;4.918032787
2021-02;International;ITALIE;PARIS LYON;443;61;0;;33;2.787878788;1.663934426;;25;34.14666667;15.09590164;;25;34.14666667;6;4;56.00000000000001;12.0;16.0;16.0;0.0;0.0
2021-02;National;LA ROCHELLE VILLE;PARIS MONTPARNASSE;168;159;10;;6;16.30277778;0.665202703;;10;49.84833333;4.489864865;;7;66.00714286;5;2;70.0;10.0;0.0;10.0;10.0;0.0
2021-02;National;PARIS MONTPARNASSE;VANNES;152;198;1;;27;14.027777777777798;1.341708968;;22;30.22727273;3.939086294;;15;38.1;10;3;45.454545454545496;13.63636364;4.545454545454549;9.090909091;13.63636364;13.63636364
2021-02;National;MONTPELLIER;PARIS LYON;206;174;1;;41;14.3199187;3.415028902;;19;65.35;7.200096339;;19;65.35;13;6;21.05263158;5.263157895;5.263157895;36.84210526;15.78947368;15.78947368
2021-02;National;LYON PART DIEU;MARSEILLE ST CHARLES;105;375;1;;127;17.08451444;5.791980286738351;;48;41.35;6.242114695;;40;46.88458333;26;8;38.29787234;27.65957447;8.510638298;8.510638298;10.63829787;6.382978723404251
2021-02;National;PERPIGNAN;PARIS LYON;308;120;0;;24;7.997222222;1.483333333;;10;65.225;4.634027778;;10;65.225;6;4;50.0;10.0;10.0;20.0;0.0;10.0
2021-02;International;BARCELONA;PARIS LYON;401;27;0;;0;0.0;0.0;;2;0.0;1.19691358;;2;34.25833333;1;0;50.0;0.0;0.0;50.0;0.0;0.0
2021-02;International;PARIS LYON;BARCELONA;399;28;0;;2;108.7333333;7.570238095238101;;0;0.0;0.0;;0;0.0;0;0;0.0;0.0;0.0;0.0;0.0;0.0
2021-02;International;PARIS LYON;ITALIE;425;61;0;;5;34.95666667;2.740163934;;6;73.5;4.844262295;;6;73.5;4;3;33.33333333;0.0;33.33333333;16.66666667;16.66666667;0.0
2021-02;National;DOUAI;PARIS NORD;76;171;2;;59;6.279096045;2.221696252;;25;20.24466667;3.5639053254437902;;11;33.05909091;7;1;20.83333333;25.0;25.0;12.5;12.5;4.166666667
2021-02;International;GENEVE;PARIS LYON;192;107;0;;48;5.077777778;2.632866044;;13;43.12179487;4.547819315;;13;43.12179487;9;2;23.07692308;23.07692308;7.692307692;30.76923077;15.38461538;0.0
2021-02;National;ARRAS;PARIS NORD;51;456;4;;210;5.926269841;2.754609145;;67;17.73855721;3.328097345;;25;31.228;13;2;20.0;23.07692308;30.76923077;9.230769231;12.30769231;4.615384615384619
2021-02;National;BORDEAUX ST JEAN;TOURCOING;318;28;0;;6;7.45;1.375;;2;45.0;4.821428571;;2;45.0;1;1;50.0;50.0;0.0;0.0;0.0;0.0
2021-02;National;GRENOBLE;PARIS LYON;178;153;0;;7;10.0;0.45751634;;18;40.91759259;4.161655773;;15;46.36444444;8;4;16.66666667;27.77777778;22.22222222;22.22222222;5.555555555555561;5.555555555555561
2021-02;National;MACON LOCHE;PARIS LYON;97;258;1;;151;12.93532009;7.742951252;;72;32.43773148;9.454018445;;61;35.88661202185791;18;10;47.76119402985069;16.41791045;14.92537313;14.92537313;2.985074627;2.985074627
2021-02;National;MARSEILLE ST CHARLES;TOURCOING;305;28;0;;6;24.78611111;4.94702381;;7;47.71428571;12.5;;7;47.71428571;4;1;0.0;14.28571429;0.0;28.57142857;28.57142857;28.57142857
2021-02;National;QUIMPER;PARIS MONTPARNASSE;227;192;0;;12;8.666666667;0.544502618;;17;33.08823529;4.15061082;;17;33.08823529;5;2;41.17647059;29.41176471;5.882352941;11.76470588;5.882352941;5.882352941
2021-02;International;LAUSANNE;PARIS LYON;223;67;0;;59;2.346610169;2.124129353;;2;34.81666667;0.058208955;;2;34.81666667;1;0;0.0;50.0;0.0;50.0;0.0;0.0
2021-02;National;DUNKERQUE;PARIS NORD;130;153;2;;6;18.0;0.370860927;;16;22.96041667;3.8549668874172194;;9;30.32407407;4;1;18.75;31.25;31.25;6.25;6.25;6.25
2021-02;National;LYON PART DIEU;PARIS LYON;118;508;3;;221;6.144343891;2.731683168;;53;34.67830189;3.968052805;;41;40.87723577;18;9;30.18867925;15.09433962;13.20754717;20.75471698;7.547169811;13.20754717
2021-02;National;PARIS MONTPARNASSE;ST PIERRE DES CORPS;62;432;13;;37;14.74864865;0.615155131;;38;19.09868421;2.152824185;;19;28.537719298245605;5;0;43.24324324;8.108108108;8.108108108;21.62162162;0.0;18.91891892
2021-02;National;PARIS LYON;AIX EN PROVENCE TGV;182;284;1;;23;17.65942029;1.135747939;;22;57.06363636;5.776383981;;21;59.11984127;12;6;27.27272727;13.63636364;9.090909091;40.90909091;4.545454545454549;4.545454545454549
2021-02;National;PARIS LYON;LE CREUSOT MONTCEAU MONTCHANIN;80;178;0;;13;24.76153846;1.353183521;;12;62.25972222;3.309082397003749;;10;72.75166667;7;5;25.0;8.333333333;16.66666667;33.33333333;16.66666667;0.0
2021-02;National;PARIS LYON;VALENCE ALIXAN TGV;130;222;1;;10;42.08166667;1.704449472;;17;66.8245098;5.325414781297139;;14;78.58452381;9;6;29.41176471;11.76470588;17.64705882;41.17647059;0.0;0.0
2021-02;National;PARIS MONTPARNASSE;ST MALO;157;80;0;;10;20.25166667;2.252916667;;7;45.45952381;3.4554166666666704;;6;51.10555555555559;5;1;42.85714286;28.57142857;0.0;0.0;0.0;28.57142857
2021-02;National;PARIS MONTPARNASSE;TOULOUSE MATABIAU;258;159;1;;21;18.91031746;1.614135021;;33;45.87323232;11.23470464;;33;45.87323232;20;9;24.24242424;30.303030303030297;9.090909091;15.151515151515198;6.060606061;15.151515151515198
2021-02;National;CHAMBERY CHALLES LES EAUX;PARIS LYON;183;232;0;;136;10.85318627;6.300574713;;72;40.61689815;12.9108477;;68;42.12622549;27;19;38.57142857;14.28571429;31.42857143;12.85714286;2.857142857;0.0
2021-02;National;METZ;PARIS EST;87;195;0;;66;9.284343434;3.142478632;;31;22.93870968;4.482307692;;11;45.62878788;6;1;19.35483871;9.677419355;35.48387097;19.35483871;9.677419355;6.4516129032258105
2021-02;National;ANGERS SAINT LAUD;PARIS MONTPARNASSE;95;415;6;;158;6.741561181;2.730493827;;61;26.0726776;3.248353909;;43;32.40193798;18;3;50.81967213;24.59016393;3.278688525;11.47540984;8.196721311475411;1.639344262
2021-02;National;LAVAL;PARIS MONTPARNASSE;85;234;2;;60;7.491666667;1.890497076;;39;21.44957265;3.037207602;;22;30.04166667;8;0;21.05263158;23.684210526315795;13.15789474;26.31578947;5.263157894736841;10.52631579
2021-02;National;LYON PART DIEU;LILLE;191;214;1;;105;12.060158730158689;6.0144757433489815;;27;58.89448717948716;8.289984351;;27;59.22407407407405;18;10;29.62962962962965;25.925925925925945;3.703703703703707;22.222222222222246;18.51851851851849;0.0
2021-02;National;PARIS LYON;DIJON VILLE;97;278;0;;13;19.29487179;0.778896882;;14;59.0;1.962529976;;10;77.33666667;9;7;7.692307692;38.46153846;7.692307692;38.46153846;7.692307692;0.0
2021-02;National;PARIS LYON;MULHOUSE VILLE;170;209;0;;10;18.67166667;0.810446571;;13;69.81153846;5.488357257;;11;80.28939394;9;7;15.38461538;38.46153846;0.0;30.76923077;0.0;15.38461538
2021-02;National;ST MALO;PARIS MONTPARNASSE;165;72;0;;7;3.711904762;0.368287037;;8;31.01875;2.410648148;;6;36.84722222;3;1;12.5;37.5;0.0;12.5;0.0;37.5
2021-02;International;ZURICH;PARIS LYON;244;95;0;;26;1.200641026;0.828804348;;11;34.77575758;3.283695652;;11;34.77575758;4;1;9.090909091;9.090909091;18.18181818;27.27272727;18.18181818;18.18181818
2021-02;National;LILLE;PARIS NORD;72;470;4;;123;4.929810298102982;1.1724754020211523;;49;16.73974061169179;2.472860085691252;;17;29.581372549019616;8;0;19.747899159663856;14.985994397759097;32.63305322128851;13.445378151260506;14.985994397759097;4.201680672268907
2021-02;National;PARIS LYON;ANNECY;220;131;0;;10;17.48333333;1.083587786;;16;64.5625;10.04198473;;16;64.5625;12;5;26.66666667;20.0;26.66666667;20.0;6.666666667;0.0
2021-02;International;PARIS EST;STUTTGART;202;76;0;;19;10.12894737;2.51622807;;6;40.81111111;5.622149123;;6;40.81111111;2;2;0.0;16.66666667;16.66666667;33.33333333;33.33333333;0.0
2021-02;International;PARIS LYON;LAUSANNE;223;66;0;;3;17.00555556;0.575252525;;6;40.98055556;5.164393939;;6;40.98055556;4;1;16.66666667;33.33333333;16.66666667;33.33333333;0.0;0.0
2021-02;National;PARIS LYON;BELLEGARDE (AIN);166;138;0;;10;23.12666667;1.424154589;;16;45.246875;6.659661836;;11;59.68939394;5;3;31.25;12.5;12.5;37.5;6.25;0.0
2021-02;National;PARIS LYON;CHAMBERY CHALLES LES EAUX;182;245;3;;24;26.257638888888906;2.414187328;;33;61.41414141;9.109228650137748;;28;70.09345238;18;9;34.375;25.0;15.625;15.625;6.25;3.125
2021-02;National;PARIS MONTPARNASSE;ANGERS SAINT LAUD;93;397;1;;45;12.67407407;1.129040404;;72;22.0099537;4.782744108;;35;34.08190476;13;3;48.61111111;22.22222222;6.944444444;4.166666667;9.722222222;8.333333333
2021-02;National;TOURS;PARIS MONTPARNASSE;75;140;3;;11;9.16969697;0.694197531;;22;16.45984848;3.13037037;;6;33.34444444;1;1;31.81818182;4.545454545454549;27.27272727;22.72727272727269;9.090909091;4.545454545454549
2021-02;National;VALENCE ALIXAN TGV;PARIS LYON;131;243;1;;112;11.11369048;5.128492393;;34;52.79901961;6.785615491;;27;63.14938272;17;10;38.23529412;5.882352941;8.823529412;26.47058824;11.76470588;8.823529412
2021-02;International;FRANCFORT;PARIS EST;236;107;9;;55;4.478484848;2.580782313;;11;74.20151515;9.968027211;;11;74.20151515;8;4;27.27272727;18.18181818;36.36363636;18.18181818;0.0;0.0
2021-02;National;ANNECY;PARIS LYON;226;121;0;;9;20.22222222;1.493250689;;29;33.89252874;8.751239669;;29;33.89252874;9;4;46.15384615;15.38461538;19.23076923;15.38461538;3.846153846;0.0
2021-02;National;LE MANS;PARIS MONTPARNASSE;65;368;5;;126;8.450529101;2.9858473;;48;24.51006944;2.132867784;;31;32.38548387;15;2;31.25;25.0;2.083333333;20.83333333;10.41666667;10.41666667
2021-02;National;MARSEILLE ST CHARLES;PARIS LYON;196;386;1;;45;7.828888888888889;0.655887446;;26;54.860256410256405;2.92008658;;26;54.86025641;18;8;36.0;32.0;16.0;12.000000000000002;0.0;4.0
2021-02;National;PARIS LYON;AVIGNON TGV;160;261;2;;20;18.35916667;1.128120978;;28;45.12619048;5.636164736;;17;65.98039216;9;6;35.71428571;17.85714286;14.28571429;25.0;3.571428571;3.571428571
2021-02;National;PARIS MONTPARNASSE;RENNES;99;578;0;;70;13.67880952;1.264532872;;79;25.05759494;2.942243368;;48;35.053125;19;6;43.03797468354431;15.18987342;6.329113924;12.65822785;8.860759494;13.92405063
2021-02;National;BELLEGARDE (AIN);PARIS LYON;165;136;0;;41;7.269105691;2.177696078;;21;42.10238095;5.508946078;;19;45.35;13;4;15.78947368;15.78947368;31.57894737;21.05263158;10.52631579;5.263157895
2021-02;National;RENNES;LYON PART DIEU;245;69;0;;13;44.59358974;8.419323671;;11;66.34393939;9.624396135;;11;66.34393939;7;4;9.090909091;18.18181818;9.090909091;0.0;18.18181818;45.454545454545496
2021-02;National;MARNE LA VALLEE;LYON PART DIEU;107;276;0;;116;11.31336207;4.87826087;;39;41.49487179;6.326147343;;28;52.54821429;18;10;35.8974359;17.94871795;7.692307692;10.25641026;20.51282051;7.692307692
2021-02;National;NICE VILLE;PARIS LYON;356;157;1;;11;13.57575758;0.537820513;;14;46.19047619;3.438782051;;14;46.19047619;9;4;28.57142857;42.85714286;7.142857143;14.28571429;0.0;7.142857143
2021-02;National;PARIS MONTPARNASSE;NANTES;134;427;1;;46;12.603985507246398;1.05485133;;62;30.84677419;4.647339593;;40;40.39833333;22;7;56.451612903225815;14.51612903;3.2258064516128995;4.838709677;11.29032258;9.677419355
2021-02;National;PARIS NORD;LILLE;72;422;1;;21;15.480952380952395;0.4572446555819464;;28;21.496445105820108;1.1692794932699886;;10;41.45333333333332;7;0;7.142857142857142;28.57142857142855;28.57142857142857;7.1428571428571415;7.142857142857157;21.428571428571413
2021-02;National;TOULON;PARIS LYON;245;185;1;;39;10.64316239;2.246174863;;15;46.68222222;2.906010929;;15;46.68222222;10;4;26.66666667;46.66666667;6.666666667;13.33333333;0.0;6.666666667
2021-02;National;PARIS MONTPARNASSE;LA ROCHELLE VILLE;174;159;14;;9;15.727777777777796;0.598965517;;10;26.35;3.268965517;;8;29.5625;3;1;0.0;10.0;10.0;10.0;30.0;40.0
2021-02;National;AIX EN PROVENCE TGV;PARIS LYON;186;281;2;;50;10.594;1.797371565;;21;55.56190476;3.098207885;;21;55.561904761904806;12;7;40.0;30.0;10.0;10.0;0.0;10.0
2021-02;National;ANGOULEME;PARIS MONTPARNASSE;125;213;1;;65;14.24692308;4.306996855;;20;43.8575;4.716037736;;15;54.43222222;6;5;50.0;25.0;5.0;0.0;10.0;10.0
2021-02;National;PARIS LYON;MACON LOCHE;95;188;0;;16;20.33854167;1.497606383;;14;50.70714286;4.009574468;;13;53.62948718;10;4;28.57142857;7.142857143;0.0;21.42857143;35.71428571;7.142857143
2021-02;International;PARIS LYON;GENEVE;192;106;0;;6;32.55;1.645597484;;10;62.98;6.576100629;;10;62.98;7;3;20.0;10.0;20.0;40.0;10.0;0.0
2021-02;National;BESANCON FRANCHE COMTE TGV;PARIS LYON;131;125;1;;32;7.969270833;1.783602151;;7;77.24761905;3.949462366;;4;125.8375;3;3;28.57142857;28.57142857;14.28571429;28.57142857;0.0;0.0
2021-02;National;BREST;PARIS MONTPARNASSE;229;196;1;;11;4.640909091;0.265885417;;13;35.01923077;3.644791667;;13;35.01923077;5;1;46.15384615;30.76923077;7.692307692;7.692307692;7.692307692;0.0
2021-02;National;MARNE LA VALLEE;MARSEILLE ST CHARLES;214;191;2;;70;12.79452381;4.681305115;;26;43.86346154;7.13042328;;26;43.86346153846149;16;5;38.46153846;30.76923077;0.0;3.846153846;15.38461538;11.53846154
2021-02;National;PARIS EST;REIMS;46;188;3;;16;6.051041667;0.501449275;;14;22.10833333;1.7910326086956505;;5;40.49666667;4;0;28.57142857;21.42857143;7.142857143;35.71428571;0.0;7.142857143
2021-02;National;PARIS LYON;NIMES;176;146;1;;10;55.73166667;2.995057471;;19;59.50614035;8.512873563;;14;76.09404762;7;6;26.31578947;21.05263158;0.0;36.84210526;0.0;15.78947368
2021-02;National;PARIS MONTPARNASSE;BORDEAUX ST JEAN;141;672;0;;80;17.29208333;1.694196429;;76;35.84451754;4.341170635;;61;41.41448087;23;11;26.66666667;20.0;5.333333333;18.66666667;10.66666667;18.66666667
2021-02;National;LYON PART DIEU;MARNE LA VALLEE;107;252;1;;124;12.46223118;6.233798141;;36;59.14861111;8.399667995;;35;60.445238095238096;22;12;30.555555555555603;25.0;5.555555555555561;22.22222222;13.88888889;2.7777777777777803
2021-02;National;LYON PART DIEU;MONTPELLIER;114;210;0;;76;11.56403509;4.28015873;;20;46.95583333;4.59547619;;17;52.86862745;11;4;15.0;40.0;15.0;10.0;15.0;5.0
2021-02;National;MARSEILLE ST CHARLES;LYON PART DIEU;104;384;1;;54;9.758024691;1.308790252;;29;30.41609195;3.030504787;;22;35.95;10;2;10.71428571;25.0;14.28571429;25.0;14.28571429;10.71428571
2021-02;National;PARIS LYON;GRENOBLE;180;163;0;;13;34.02564103;2.450204499;;17;61.91176471;7.196319018;;14;72.71428571;10;4;25.0;6.25;12.5;50.0;6.25;0.0
2021-02;National;BORDEAUX ST JEAN;PARIS MONTPARNASSE;141;659;3;;254;14.66771654;5.531377033;;105;33.61222222;6.57027439;;75;41.93088889;34;13;38.0952381;38.0952381;4.761904762;4.761904762;5.714285714;8.571428571
2021-02;National;PARIS EST;NANCY;95;217;0;;21;3.718253968;0.358294574;;14;26.5797619;2.069379845;;9;33.15;4;1;7.142857143;28.57142857;14.28571429;21.42857143;21.42857143;7.142857143
2021-02;National;PARIS MONTPARNASSE;QUIMPER;221;194;3;;27;14.027777777777798;1.378359511;;13;36.61538462;2.376963351;;13;36.61538462;5;1;53.84615385;7.692307692;0.0;0.0;23.07692308;15.38461538
2021-02;National;NANTES;STRASBOURG;323;36;0;;2;9.7;0.4902777777777779;;1;34.83333333;3.469444444;;1;34.83333333;1;0;0.0;0.0;100.0;0.0;0.0;0.0
2021-02;National;SAINT ETIENNE CHATEAUCREUX;PARIS LYON;167;59;0;;1;1.35;-1.189942529;;9;22.4537037;5.197988506;;6;26.691666666666706;2;0;11.11111111;0.0;33.33333333;33.33333333;22.22222222;0.0
2021-02;National;STRASBOURG;NANTES;316;36;0;;8;2.972916667;0.813888889;;1;55.56666667;1.746759259;;1;55.56666667;1;0;0.0;100.0;0.0;0.0;0.0;0.0
2021-02;National;PARIS LYON;MARSEILLE ST CHARLES;192;405;2;;29;16.59482759;0.90388751;;28;62.534523809523805;5.514185277088499;;28;62.53452381;16;9;33.33333333;22.22222222;11.11111111;22.22222222;3.703703704;7.407407407
2021-02;National;MULHOUSE VILLE;PARIS LYON;171;207;1;;63;7.363492063;2.263592233;;20;47.48583333;4.092313916;;15;59.05888889;7;4;20.0;15.0;15.0;30.0;10.0;10.0
2021-02;International;PARIS LYON;ZURICH;244;94;3;;6;19.94444444;0.442490842;;11;38.78484848;5.725274725;;11;38.78484848;5;1;33.33333333;44.44444444;0.0;11.11111111;0.0;11.11111111
2021-02;National;LYON PART DIEU;RENNES;245;66;0;;36;5.255555556;2.899242424;;8;105.18125;14.13787879;;8;105.18125;7;5;37.5;12.5;50.0;0.0;0.0;0.0
2021-02;National;PARIS EST;METZ;87;199;0;;26;11.61346154;1.460050251;;18;28.96018519;3.442713568;;9;46.16851852;4;2;27.77777778;16.66666667;11.11111111;27.77777778;11.11111111;5.555555555555561
2021-02;National;PARIS MONTPARNASSE;LAVAL;84;192;0;;16;17.44270833;1.089756944;;18;24.74351852;2.940451389;;9;39.07962963;3;1;50.0;11.11111111;5.555555555555561;11.11111111;0.0;22.22222222
2021-02;National;PARIS MONTPARNASSE;LE MANS;62;384;1;;40;10.4125;0.770974761;;37;19.23918919;-0.031418625;;16;31.31458333;5;2;24.32432432;32.43243243;5.405405405;5.405405405;18.91891892;13.51351351
2021-02;National;PARIS NORD;DOUAI;70;128;0;;2;7.633333333;-0.227864583;;12;13.63333333;2.833463542;;3;27.41666667;1;0;8.333333333;25.0;33.33333333;0.0;33.33333333;0.0
2021-02;National;PARIS LYON;NICE VILLE;357;151;1;;9;15.77962963;0.616666667;;11;57.00757576;3.640444444;;11;57.00757576;5;4;36.36363636;36.36363636;9.090909091;18.18181818;0.0;0.0
2021-02;National;PARIS LYON;TOULON;240;182;2;;12;12.929166666666696;0.544814815;;14;51.55952381;5.165277778;;14;51.55952381;5;3;35.71428571;14.28571429;21.42857143;28.57142857;0.0;0.0
2021-02;International;STUTTGART;PARIS EST;209;80;0;;41;4.355691057;2.294936709;;7;45.19285714;3.951476793;;7;45.19285714;3;1;50.0;16.66666667;33.33333333;0.0;0.0;0.0
2021-02;National;PARIS MONTPARNASSE;ANGOULEME;126;212;0;;29;12.32816092;1.290880503;;14;37.34404762;2.186163522;;10;46.98333333;5;2;28.57142857;0.0;7.142857143;21.42857143;14.28571429;28.57142857
2021-02;National;PARIS NORD;DUNKERQUE;136;157;0;;6;25.67222222;0.585350318;;9;30.33333333;1.337579618;;9;30.33333333;4;0;22.22222222;22.22222222;0.0;22.22222222;11.11111111;22.22222222
2021-02;National;NANTES;PARIS MONTPARNASSE;136;427;6;;107;6.551090343;1.497387173;;53;28.9745283;3.752375297;;44;32.18409091;18;3;50.94339623;22.64150943;1.886792453;13.20754717;9.433962264;1.886792453
2021-02;National;PARIS LYON;SAINT ETIENNE CHATEAUCREUX;170;60;0;;2;13.325;0.183333333;;6;35.85;4.892222222;;5;40.37333333;2;1;16.66666667;50.0;16.66666667;0.0;16.66666667;0.0
2021-02;National;TOURCOING;BORDEAUX ST JEAN;299;28;0;;1;9.0;0.329166667;;3;55.76111111;6.575;;3;55.76111111;1;1;66.66666667;33.33333333;0.0;0.0;0.0;0.0
2021-02;National;LE CREUSOT MONTCEAU MONTCHANIN;PARIS LYON;81;150;3;;44;9.181439394;2.765375587;;22;32.92575758;3.768309859;;16;41.40416667;6;4;38.0952381;19.04761905;0.0;0.0;9.523809524;33.33333333
2021-02;National;LILLE;LYON PART DIEU;185;203;0;;60;7.591666666666671;2.266308354810279;;27;42.82918650793647;5.818238562837797;;21;50.31666666666667;14;7;37.037037037037024;11.111111111111114;7.4074074074074066;7.4074074074074066;25.92592592592593;11.111111111111114
2021-02;National;PARIS EST;STRASBOURG;129;344;0;;67;7.650248756;1.475146199;;23;26.25;1.8231481481481493;;17;30.50882353;5;1;39.130434782608695;21.73913043;0.0;26.08695652;13.043478260869602;0.0
2021-02;National;PARIS LYON;LYON PART DIEU;119;491;0;;33;20.42878788;1.058452138;;33;63.48030303;4.369484046;;28;72.25833333;20;13;24.24242424;21.21212121;6.060606061;24.24242424;21.21212121;3.03030303
2021-02;National;TOULOUSE MATABIAU;PARIS MONTPARNASSE;260;159;1;;25;20.65066667;3.366346154;;27;43.45925926;9.946260684;;27;43.45925926;16;3;22.22222222;51.851851851851805;3.703703704;0.0;7.407407407407408;14.81481481
2021-03;National;ANGOULEME;PARIS MONTPARNASSE;125;232;6;;60;6.731944444;1.664159292;;11;27.19545455;1.278466077;;8;32.01458333;4;0;27.27272727;27.27272727;0.0;18.18181818;18.18181818;9.090909091
2021-03;National;METZ;PARIS EST;87;229;11;;36;9.156481481;1.554740061;;24;24.64166667;2.971330275;;13;36.13461538;5;2;15.0;10.000000000000002;55.00000000000001;10.000000000000002;0.0;10.000000000000002
2021-03;National;POITIERS;PARIS MONTPARNASSE;94;377;9;;63;5.976984127;0.618387681;;21;18.26666667;1.366938406;;10;26.10166667;3;0;23.80952381;52.38095238;0.0;14.28571429;0.0;9.523809524
2021-03;National;LYON PART DIEU;MARNE LA VALLEE;107;289;19;;128;7.181640625;3.455061728;;24;35.82708333;2.703209877;;19;41.69035088;11;3;34.7826087;21.73913043;0.0;17.39130435;8.695652173913041;17.39130435
2021-03;National;PARIS LYON;GRENOBLE;181;140;4;;7;11.79761905;0.304411765;;9;52.11111111;3.080882353;;7;63.35714286;6;2;44.44444444;0.0;0.0;33.33333333;11.11111111;11.11111111
2021-03;National;PARIS MONTPARNASSE;TOULOUSE MATABIAU;260;178;3;;11;14.28484848;0.552;;16;54.41666667;4.884285714;;16;54.41666667;9;5;37.5;0.0;12.5;6.25;6.25;37.5
2021-03;National;ST MALO;PARIS MONTPARNASSE;165;79;1;;6;1.275;0.047435897;;5;21.57666667;0.905128205;;2;35.18333333;1;0;20.0;20.0;20.0;20.0;0.0;20.0
2021-03;International;PARIS LYON;GENEVE;192;93;3;;3;5.822222222;0.004259259;;10;30.26833333;3.724444444;;10;30.26833333;3;1;20.0;60.0;10.0;10.0;0.0;0.0
2021-03;National;PARIS MONTPARNASSE;LA ROCHELLE VILLE;174;175;3;;5;7.526666666666669;-0.183333333;;3;32.0;0.8808139534883719;;3;32.0;2;0;66.66666667;33.33333333;0.0;0.0;0.0;0.0
2021-03;National;LILLE;MARSEILLE ST CHARLES;304;159;15;;16;7.476041666666649;0.6197916666666665;;9;36.94843749999998;1.9937500000000017;;9;35.70925925925925;5;1;44.44444444444444;33.33333333333333;11.11111111111111;11.11111111111111;0.0;0.0
2021-03;National;LYON PART DIEU;LILLE;191;247;14;;112;7.498660714285711;3.65758226;;24;39.98221106150795;4.766309012875542;;21;45.18174603;15;4;29.166666666666703;12.5;0.0;20.83333333;8.333333333;29.166666666666703
2021-03;National;LYON PART DIEU;MONTPELLIER;114;215;3;;66;9.817171717;3.149764151;;24;28.56736111;2.488993711;;16;36.15520833;8;2;50.0;8.333333333;8.333333333;0.0;8.333333333;25.0
2021-03;National;TOURCOING;BORDEAUX ST JEAN;299;31;2;;1;8.0;0.275862069;;3;70.62777778;8.186206897;;3;70.62777778;3;2;33.33333333;33.33333333;0.0;33.33333333;0.0;0.0
2021-03;International;LAUSANNE;PARIS LYON;226;58;0;;45;2.28037037;1.813505747;;4;112.6875;7.149425287;;4;112.6875;3;3;25.0;50.0;0.0;0.0;0.0;25.0
2021-03;National;ARRAS;PARIS NORD;51;511;18;;168;5.813988095;1.974712644;;64;15.075;1.795841785;;16;30.39479167;4;0;13.1147541;9.836065574;55.73770492;6.557377049;8.196721311475411;6.557377049
2021-03;National;GRENOBLE;PARIS LYON;178;138;4;;9;15.55555556;1.044776119;;16;31.78958333;2.507960199;;15;33.11222222;5;2;37.5;18.75;6.25;12.5;18.75;6.25
2021-03;National;PARIS LYON;LE CREUSOT MONTCEAU MONTCHANIN;80;187;1;;3;2.277777778;-0.279301075;;3;13.55555556;-1.183512545;;1;17.11666667;0;0;66.66666667;0.0;33.33333333;0.0;0.0;0.0
2021-03;National;RENNES;LYON PART DIEU;242;48;0;;11;10.83333333;2.371875;;2;34.63333333;0.437847222;;2;34.63333333;2;0;0.0;0.0;0.0;0.0;100.0;0.0
2021-03;International;PARIS EST;FRANCFORT;232;121;7;;19;9.519298246;0.955263158;;18;36.66388889;8.039181287;;18;36.66388889;8;1;26.66666667;13.33333333;46.66666667;6.666666667;0.0;6.666666667
2021-03;National;BREST;PARIS MONTPARNASSE;228;206;6;;6;7.833333333333331;0.235;;9;32.58148148;1.4124166666666698;;9;32.58148148;4;0;33.33333333;33.33333333;0.0;11.11111111;0.0;22.22222222
2021-03;National;LAVAL;PARIS MONTPARNASSE;85;254;5;;50;10.76433333;1.986278447;;24;24.17152778;1.742168675;;13;35.58589744;6;1;20.83333333;16.66666667;20.83333333;25.0;0.0;16.66666667
2021-03;National;LILLE;LYON PART DIEU;185;231;16;;74;4.893918918918923;1.641627906976742;;15;45.404422604422656;3.1831782945736418;;12;45.65277777777783;8;2;33.33333333333334;40.00000000000003;26.66666666666669;0.0;0.0;0.0
2021-03;National;MARNE LA VALLEE;LYON PART DIEU;107;310;19;;105;7.072857143;2.645475372;;23;30.78913043;2.640836197;;14;42.63095238;8;2;21.73913043;30.43478261;26.08695652;0.0;8.695652173913041;13.043478260869602
2021-03;National;PARIS LYON;SAINT ETIENNE CHATEAUCREUX;171;61;3;;1;4.7;-0.058908046;;4;47.95;5.313218391;;3;59.77222222222221;3;1;75.0;25.0;0.0;0.0;0.0;0.0
2021-03;National;PARIS MONTPARNASSE;RENNES;99;644;16;;42;11.25396825;0.257484076;;31;18.91505376;0.233890658;;13;31.28461538;6;0;16.12903226;38.70967742;3.2258064516128995;6.4516129032258105;12.903225806451598;22.58064516
2021-03;National;PARIS MONTPARNASSE;BORDEAUX ST JEAN;141;737;8;;47;12.85283688;0.384064929;;39;26.3008547;1.193987197;;32;29.08385417;11;0;15.38461538;25.64102564;2.564102564;28.20512821;5.128205128;23.07692308
2021-03;National;PARIS NORD;DOUAI;70;143;7;;9;7.098148148;0.159191176;;14;10.83690476;1.716911765;;1;41.51666667;1;0;0.0;0.0;57.142857142857096;21.42857143;14.28571429;7.142857143
2021-03;National;PARIS EST;STRASBOURG;129;396;16;;47;11.18794326;1.424342105;;20;31.4075;1.584385965;;20;31.4075;8;0;15.0;10.0;20.0;15.0;10.0;30.0
2021-03;National;PARIS LYON;MARSEILLE ST CHARLES;192;402;18;;19;7.608771929824559;-0.039583333;;10;46.34833333;2.021961806;;10;46.34833333;6;2;30.0;30.0;10.0;10.0;0.0;20.0
2021-03;National;PARIS MONTPARNASSE;QUIMPER;221;206;6;;16;9.322916667;0.266916667;;5;24.2;0.285;;5;24.2;1;0;40.0;20.0;0.0;20.0;0.0;20.0
2021-03;National;PARIS NORD;ARRAS;48;484;22;;28;7.353571429;0.116486291;;36;11.10509259;1.903607504;;6;27.0;2;0;0.0;5.714285714;45.71428571;5.714285714;20.0;22.857142857142897
2021-03;National;SAINT ETIENNE CHATEAUCREUX;PARIS LYON;167;62;3;;4;2.908333333;-0.407909605;;1;16.4;1.553389831;;1;16.4;0;0;0.0;0.0;0.0;0.0;0.0;100.0
2021-03;National;PARIS MONTPARNASSE;POITIERS;96;446;8;;24;9.391666667;0.09303653;;24;24.684722222222195;2.069863014;;14;33.19166667;6;0;21.73913043;39.130434782608695;8.695652173913041;13.043478260869602;4.347826086956521;13.043478260869602
2021-03;National;PARIS LYON;NIMES;176;116;6;;5;2.74;0.034545455;;6;42.64166667;2.646666667;;6;42.64166667;4;2;33.33333333;16.66666667;16.66666667;33.33333333;0.0;0.0
2021-03;National;AVIGNON TGV;PARIS LYON;166;271;14;;44;9.341666667;1.284760052;;13;59.53461538;1.429182879;;11;67.94242424;7;6;38.46153846;30.76923077;0.0;15.38461538;0.0;15.38461538
2021-03;National;BORDEAUX ST JEAN;TOURCOING;318;31;3;;5;10.47;1.636904762;;2;59.5;4.142857143;;2;59.5;2;1;50.0;0.0;0.0;0.0;0.0;50.0
2021-03;National;MONTPELLIER;PARIS LYON;206;158;5;;26;11.96987179;1.992374728;;16;51.33229166666671;4.899891068;;16;51.33229167;10;5;18.75;56.25;0.0;12.5;0.0;12.5
2021-03;National;PARIS MONTPARNASSE;LAVAL;83;213;3;;10;11.155;0.147222222;;4;23.64166667;1.178333333;;2;32.18333333;1;0;0.0;25.0;25.0;0.0;0.0;50.0
2021-03;National;ANGERS SAINT LAUD;PARIS MONTPARNASSE;96;464;12;;112;8.450446429;2.17079646;;44;28.35075758;2.750405605;;34;33.62401961;13;1;11.36363636;25.0;22.72727272727269;22.72727272727269;6.818181818;11.36363636
2021-03;National;CHAMBERY CHALLES LES EAUX;PARIS LYON;180;185;2;;106;12.40471698;7.205555556;;30;35.14;5.574954463;;29;35.82816092;10;4;60.0;10.0;10.0;10.0;6.666666667;3.333333333
2021-03;National;PARIS LYON;ANNECY;220;117;4;;6;5.474999999999999;0.096312684;;1;19.0;2.469026549;;1;19.0;0;0;0.0;0.0;100.0;0.0;0.0;0.0
2021-03;National;PARIS LYON;CHAMBERY CHALLES LES EAUX;177;168;3;;10;4.786666667;0.103838384;;10;46.265;2.212121212;;9;50.11481481;4;2;30.0;40.0;10.0;10.0;0.0;10.0
2021-03;International;FRANCFORT;PARIS EST;238;121;0;;58;3.3775862068965496;1.206920904;;9;38.19814815;3.165254237;;9;38.19814815;4;2;11.11111111;22.22222222;55.55555556;11.11111111;0.0;0.0
2021-03;National;NIMES;PARIS LYON;177;158;5;;47;11.11028369;3.4991285403050103;;22;41.08787879;4.899891068;;16;51.33229167;10;5;31.81818182;40.90909091;4.545454545454549;13.63636364;0.0;9.090909091
2021-03;International;GENEVE;PARIS LYON;192;93;3;;41;2.143902439;1.338888889;;5;71.44666667;3.7772222222222194;;5;71.44666667;3;3;60.0;20.0;0.0;0.0;20.0;0.0
2021-03;International;PARIS LYON;BARCELONA;399;31;0;;1;1.7;-0.040322581;;0;0.0;0.0;;0;0.0;0;0;0.0;0.0;0.0;0.0;0.0;0.0
2021-03;National;BORDEAUX ST JEAN;PARIS MONTPARNASSE;140;730;20;;157;12.87696391;2.636948357;;59;34.97033898;3.210539906;;50;38.891;25;7;35.59322034;23.728813559322003;1.6949152542372898;10.16949153;11.86440678;16.94915254
2021-03;National;RENNES;PARIS MONTPARNASSE;101;665;18;;146;7.8793379;1.747235142;;57;21.64210526;1.7544702842377298;;26;34.84615385;13;1;14.03508772;33.33333333;19.29824561;17.54385965;0.0;15.78947368
2021-03;National;PARIS EST;METZ;87;230;9;;15;12.69222222;0.925263952;;11;23.82575758;1.435369532;;6;33.71944444;3;0;18.18181818;27.27272727;18.18181818;27.27272727;0.0;9.090909091
2021-03;National;ST PIERRE DES CORPS;PARIS MONTPARNASSE;62;452;9;;108;6.462654321;1.751432881;;41;16.53739837;1.694419306;;15;31.05111111;5;1;20.51282051;53.84615385;12.82051282;2.564102564;5.128205128;5.128205128
2021-03;International;ZURICH;PARIS LYON;244;88;4;;20;1.499166667;0.906024096;;3;147.7166667;4.588554217;;3;147.7166667;2;2;33.33333333;33.33333333;0.0;33.33333333;0.0;0.0
2021-03;National;DUNKERQUE;PARIS NORD;130;173;7;;5;5.8;0.175757576;;13;21.8;2.142222222;;6;32.59444444;2;0;23.07692308;15.38461538;38.46153846;7.692307692;15.38461538;0.0
2021-03;National;LYON PART DIEU;PARIS LYON;118;475;13;;195;4.967008547;2.15007215;;24;43.58611111;2.394119769;;21;48.03253968;8;5;20.83333333;16.66666667;12.5;12.5;0.0;37.5
2021-03;National;LYON PART DIEU;RENNES;245;49;0;;24;7.061805555555561;3.600340136;;3;59.46666667;4.723809524;;3;59.46666667;3;1;0.0;33.33333333;0.0;0.0;0.0;66.66666667
2021-03;National;MULHOUSE VILLE;PARIS LYON;171;189;8;;36;2.690740741;0.51252302;;12;81.56388889;4.400276243;;9;104.4796296;6;4;25.0;41.66666667;16.66666667;8.333333333;8.333333333;0.0
2021-03;National;PARIS LYON;LYON PART DIEU;119;464;11;;10;14.27666667;-0.034768212;;14;46.10119048;1.270676968;;10;59.575;8;4;58.33333333;16.66666667;8.333333333;0.0;0.0;16.66666667
2021-03;National;PARIS MONTPARNASSE;LE MANS;61;426;8;;27;8.609259259;0.031339713;;19;17.25614035;-0.106778309;;5;43.65333333;3;1;5.263157895;52.63157895;5.263157895;10.52631579;5.263157895;21.05263158
2021-03;National;PARIS NORD;DUNKERQUE;132;177;9;;12;4.422222222;-0.052281746;;5;17.4;-0.008928571;;3;21.66666667;0;0;0.0;20.0;60.0;0.0;20.0;0.0
2021-03;National;TOULOUSE MATABIAU;PARIS MONTPARNASSE;259;163;3;;18;35.82407407;4.067085954;;27;45.56234568;8.576519916;;27;45.56234568;15;5;25.925925925925903;18.51851852;0.0;7.407407407407408;18.51851852;29.62962963
2021-03;National;NANTES;PARIS MONTPARNASSE;136;476;12;;102;6.686928105;1.254454023;;39;31.57435897;2.746264368;;35;33.50047619;13;1;15.38461538;28.20512821;10.25641026;25.64102564;7.692307692;12.82051282
2021-03;National;NICE VILLE;PARIS LYON;356;163;7;;6;4.208333333;-0.110470085;;11;57.48484848;2.512179487;;11;57.48484848;9;6;27.27272727;18.18181818;0.0;36.36363636;0.0;18.18181818
2021-03;National;PARIS LYON;NICE VILLE;357;155;7;;6;8.369444444;-0.118018018;;3;29.16111111;-0.627927928;;3;29.16111111;1;0;0.0;100.0;0.0;0.0;0.0;0.0
2021-03;National;STRASBOURG;PARIS EST;127;372;13;;98;7.148979591836741;1.96755121;;24;31.06319444;1.889292365;;16;39.52395833;7;4;26.08695652;13.043478260869602;30.43478261;13.043478260869602;8.695652173913041;8.695652173913041
2021-03;National;PARIS MONTPARNASSE;ST PIERRE DES CORPS;62;470;11;;29;11.31436782;0.291430646;;16;21.51458333;1.020733479;;7;36.88333333333329;3;0;31.25;25.0;18.75;18.75;0.0;6.25
2021-03;National;LYON PART DIEU;MARSEILLE ST CHARLES;104;353;14;;114;8.527192982;2.900639135;;27;26.27222222;2.121238938;;17;33.94411765;8;2;25.925925925925903;25.925925925925903;14.81481481;18.51851852;11.11111111;3.703703704
2021-03;National;NANTES;STRASBOURG;323;39;2;;3;7.094444444444451;0.581981982;;0;0.0;-0.190990991;;0;0.0;0;0;0.0;0.0;0.0;0.0;0.0;0.0
2021-03;National;PARIS LYON;BELLEGARDE (AIN);163;107;3;;3;5.822222222;-0.024038462;;12;28.35416667;5.118589743589739;;11;29.79848485;3;1;33.33333333;58.33333333;8.333333333;0.0;0.0;0.0
2021-03;National;PARIS LYON;TOULON;240;196;13;;6;8.369444444;-0.180327869;;9;24.6962963;0.313479053;;9;24.6962963;2;0;55.55555556;44.44444444;0.0;0.0;0.0;0.0
2021-03;National;PARIS MONTPARNASSE;NANTES;135;473;10;;29;9.13908046;0.211483081;;13;30.04358974;-0.153743701;;11;32.88333333;3;1;15.38461538;30.76923077;0.0;15.38461538;7.692307692;30.76923077
2021-03;National;PERPIGNAN;PARIS LYON;308;116;4;;32;12.9546875;3.55952381;;10;41.89;1.973214286;;10;41.89;7;1;40.0;30.0;0.0;20.0;0.0;10.0
2021-03;National;STRASBOURG;NANTES;316;39;1;;6;3.808333333;0.668421053;;0;0.0;-0.701315789;;0;0.0;0;0;0.0;0.0;0.0;0.0;0.0;0.0
2021-03;National;PARIS EST;REIMS;46;213;9;;13;8.847435897;0.530310458;;10;17.29666667;0.9060457516339868;;3;31.794444444444405;1;0;30.0;0.0;30.0;30.0;0.0;10.0
2021-03;National;BELLEGARDE (AIN);PARIS LYON;163;107;3;;23;5.305072464;1.133173077;;7;55.05952381;2.90625;;5;71.44666667;3;3;42.85714286;28.57142857;14.28571429;0.0;14.28571429;0.0
2021-03;National;MARSEILLE ST CHARLES;LILLE;289;172;12;;7;16.67857142857144;0.6150000000000004;;16;45.94932844932849;4.557291666666666;;16;46.11979166666671;12;3;18.750000000000018;18.750000000000007;0.0;18.750000000000018;6.249999999999998;37.50000000000003
2021-03;National;PARIS EST;NANCY;95;248;11;;13;7.716666667;0.534528833;;5;23.04;0.809985935;;2;37.15833333;1;0;20.0;60.0;0.0;20.0;0.0;0.0
2021-03;International;PARIS LYON;LAUSANNE;221;58;0;;4;5.283333333;0.18591954;;5;63.71666667;7.380172413793099;;5;63.71666667;3;2;20.0;40.0;40.0;0.0;0.0;0.0
2021-03;National;MARNE LA VALLEE;MARSEILLE ST CHARLES;215;211;20;;65;7.194615385;2.54947644;;10;35.735;1.707068063;;10;35.735;6;1;40.0;40.0;10.0;10.0;0.0;0.0
2021-03;National;MARSEILLE ST CHARLES;TOURCOING;299;31;3;;3;3.65;-0.055952381;;2;49.5;8.035714286;;2;49.5;2;1;100.0;0.0;0.0;0.0;0.0;0.0
2021-03;International;STUTTGART;PARIS EST;210;91;0;;19;3.954385965;0.8470037453183541;;4;67.92083333;1.733333333;;4;67.92083333;4;3;25.0;25.0;0.0;50.0;0.0;0.0
2021-03;National;PARIS LYON;MACON LOCHE;95;176;1;;9;4.944444444;0.047333333;;5;46.46666667;0.840857143;;4;54.21666667;3;2;80.0;0.0;0.0;20.0;0.0;0.0
2021-03;National;LILLE;PARIS NORD;72;539;30;;119;5.085294117647059;1.017812705;;38;17.397875548686933;1.5276031434184698;;12;30.96944444444448;3;0;19.313909774436063;14.33270676691729;35.90225563909776;5.686090225563908;13.862781954887229;10.902255639097756
2021-03;National;MARSEILLE ST CHARLES;LYON PART DIEU;104;379;14;;42;9.096825397;0.9699175824175832;;19;27.177192982456106;1.687912088;;13;33.30512821;7;0;31.57894737;5.263157895;10.52631579;15.78947368;5.263157895;31.57894737
2021-03;National;BESANCON FRANCHE COMTE TGV;PARIS LYON;132;115;7;;6;4.530555556;-0.271069182;;9;89.67592592592591;4.233176101;;7;111.8904762;5;3;22.22222222;44.44444444;22.22222222;11.11111111;0.0;0.0
2021-03;National;LE MANS;PARIS MONTPARNASSE;65;412;18;;110;7.105909091;1.995274914;;39;20.93717949;1.571950172;;18;33.80648148;7;1;13.15789474;36.84210526;13.15789474;15.78947368;2.6315789473684204;18.42105263
2021-03;National;PARIS MONTPARNASSE;BREST;226;217;7;;11;15.786363636363602;0.361746032;;7;34.0;0.916666667;;7;34.0;2;1;28.57142857;28.57142857;0.0;28.57142857;0.0;14.28571429
2021-03;National;PARIS MONTPARNASSE;ST MALO;158;87;1;;8;9.102083333;0.533527132;;2;24.78333333;0.160658915;;2;24.78333333;1;0;0.0;50.0;0.0;0.0;50.0;0.0
2021-03;National;PARIS MONTPARNASSE;VANNES;152;210;6;;16;9.322916667;0.257843137;;14;20.21428571;1.772058824;;9;24.77777778;3;0;28.57142857;35.71428571;7.142857143;7.142857143;0.0;21.42857143
2021-03;National;AIX EN PROVENCE TGV;PARIS LYON;187;273;16;;43;8.159302326;1.280869001;;10;71.96833333;1.231387808;;10;71.96833333;7;6;30.0;30.0;0.0;20.0;0.0;20.0
2021-03;National;DIJON VILLE;PARIS LYON;98;239;12;;61;10.44863388;2.897185185;;17;84.82156863;3.727185185;;13;106.8961538;9;7;35.29411765;41.17647059;11.76470588;5.882352941;0.0;5.882352941
2021-03;National;LE CREUSOT MONTCEAU MONTCHANIN;PARIS LYON;81;134;1;;34;6.842156863;1.660227273;;14;32.61309524;2.496085859;;7;55.790476190476205;3;2;21.42857143;14.28571429;21.42857143;7.142857143;0.0;35.71428571
2021-03;National;MACON LOCHE;PARIS LYON;97;239;5;;144;11.26770833;6.49806867;;43;33.16046512;5.172889843;;38;35.75833333;10;5;58.13953488;6.976744186;13.95348837;6.976744186;9.302325581395351;4.651162791
2021-03;National;MARSEILLE ST CHARLES;MARNE LA VALLEE;213;216;19;;10;12.77;0.460236887;;13;43.18076923;2.558967851;;13;43.18076923;9;2;38.46153846;15.38461538;0.0;15.38461538;0.0;30.76923077
2021-03;National;LA ROCHELLE VILLE;PARIS MONTPARNASSE;169;175;3;;5;9.0;0.261627907;;6;30.463888888888896;1.4898255813953505;;5;33.55666667;2;0;50.0;16.66666667;0.0;33.33333333;0.0;0.0
2021-03;National;PARIS LYON;DIJON VILLE;96;261;6;;18;12.51203704;0.527320261;;12;58.0625;2.323137255;;9;73.17777778;7;6;50.0;33.33333333;16.66666667;0.0;0.0;0.0
2021-03;International;BARCELONA;PARIS LYON;401;30;0;;0;0.0;0.0;;3;0.0;1.300555556;;3;45.0;2;1;0.0;33.33333333;0.0;33.33333333;0.0;33.33333333
2021-03;National;PARIS LYON;AIX EN PROVENCE TGV;183;275;12;;15;7.725555556;0.010646388;;6;54.93611111;1.9598859315589403;;6;54.93611111;4;2;50.0;0.0;16.66666667;16.66666667;0.0;16.66666667
2021-03;National;PARIS LYON;VALENCE ALIXAN TGV;130;178;10;;5;2.946666667;-0.105059524;;4;66.25416667;0.8755952380952371;;4;66.25416667;4;2;25.0;25.0;0.0;25.0;0.0;25.0
2021-03;National;PARIS MONTPARNASSE;ANGOULEME;125;233;5;;16;13.05208333;0.479532164;;10;30.74166667;1.104239766;;9;32.67222222;4;0;30.0;10.0;0.0;20.0;0.0;40.0
2021-03;International;ITALIE;PARIS LYON;442;62;0;;32;3.171875;1.860655738;;18;40.51574074;11.68442623;;18;40.51574074;7;4;66.66666667;0.0;5.555555555555561;11.11111111;11.11111111;5.555555555555561
2021-03;National;PARIS NORD;LILLE;72;488;25;;25;7.564000000000002;0.053599712;;30;14.319407407407368;1.4349532037436985;;7;29.83571428571432;3;0;3.333333333333336;19.99999999999997;26.66666666666668;13.33333333333334;20.000000000000018;16.666666666666682
2021-03;National;QUIMPER;PARIS MONTPARNASSE;227;210;3;;12;21.06666667;1.223590982;;9;32.11296296;2.25805153;;9;32.11296296;4;0;22.22222222;33.33333333;0.0;22.22222222;0.0;22.22222222
2021-03;International;PARIS LYON;ZURICH;244;88;4;;5;21.43;0.468849206;;3;61.18888888888889;3.557738095;;3;61.18888889;1;1;0.0;33.33333333;0.0;0.0;0.0;66.66666667
2021-03;National;ANNECY;PARIS LYON;223;102;4;;1;2.0;0.021258503;;15;30.47666667;3.742346939;;15;30.47666667;3;1;53.33333333;13.33333333;13.33333333;6.666666667;13.33333333;0.0
2021-03;National;DOUAI;PARIS NORD;75;216;15;;57;6.782163743;1.9769166666666704;;33;15.49292929;2.370666667;;10;28.563333333333297;1;0;21.875;6.25;56.25;6.25;9.375;0.0
2021-03;National;NANCY;PARIS EST;94;256;12;;46;7.575724638;1.42363388;;14;30.92142857;1.90102459;;11;36.63787879;4;2;23.07692308;15.38461538;23.07692308;23.07692308;0.0;15.38461538
2021-03;National;PARIS LYON;MONTPELLIER;206;117;7;;5;2.74;0.034545455;;7;36.72380952;2.362878788;;7;36.72380952;4;1;28.57142857;28.57142857;14.28571429;28.57142857;0.0;0.0
2021-03;National;PARIS LYON;MULHOUSE VILLE;171;192;6;;11;13.66212121;0.648476703;;10;67.71;3.753494624;;9;73.83888889;6;5;40.0;20.0;10.0;10.0;10.0;10.0
2021-03;National;PARIS LYON;PERPIGNAN;299;124;4;;3;2.377777778;-0.093611111;;11;44.60909091;4.135416667;;11;44.60909091;7;2;36.36363636;45.454545454545496;0.0;18.18181818;0.0;0.0
2021-03;National;PARIS MONTPARNASSE;TOURS;73;178;8;;8;17.19583333;0.365392157;;10;18.5;1.246666667;;4;32.98333333;2;0;50.0;12.5;12.5;12.5;12.5;0.0
2021-03;National;TOULON;PARIS LYON;248;217;10;;32;10.52239583;1.581884058;;13;52.72948718;1.466505636;;13;52.72948718;9;6;23.07692308;15.38461538;0.0;38.46153846;0.0;23.07692308
2021-03;National;VALENCE ALIXAN TGV;PARIS LYON;132;243;10;;68;13.41911765;3.903985507;;32;38.0765625;3.905724638;;23;47.65072464;14;5;43.75;31.25;3.125;15.625;0.0;6.25
2021-03;International;PARIS LYON;ITALIE;425;62;1;;4;3.754166667;0.141256831;;4;53.25;1.713114754;;4;53.25;4;0;75.0;0.0;0.0;0.0;0.0;25.0
2021-03;National;PARIS MONTPARNASSE;ANGERS SAINT LAUD;94;442;7;;28;9.399404762;0.236130268;;18;21.26851852;1.265363985;;7;40.03095238;3;2;11.11111111;33.33333333;11.11111111;11.11111111;5.555555555555561;27.77777778
2021-03;International;PARIS EST;STUTTGART;203;88;2;;13;13.529487179487202;2.085271318;;4;26.82083333;1.8459302325581497;;4;26.82083333;1;0;0.0;0.0;25.0;25.0;0.0;50.0
2021-03;National;MARSEILLE ST CHARLES;PARIS LYON;196;395;13;;42;12.67539683;1.161548556;;22;62.71363636;2.249387577;;22;62.71363636;16;12;31.81818182;22.72727272727269;0.0;27.27272727;0.0;18.18181818
2021-03;National;MONTPELLIER;LYON PART DIEU;113;163;5;;24;12.07222222;1.928586498;;12;28.82777778;3.482911392;;9;34.01851852;5;0;36.36363636;18.18181818;27.27272727;9.090909091;0.0;9.090909091
2021-03;National;PARIS LYON;AVIGNON TGV;161;241;13;;14;7.508333333;0.054166667;;7;40.47142857;1.629605263;;4;61.81666667;3;2;28.57142857;0.0;28.57142857;14.28571429;0.0;28.57142857
2021-03;National;PARIS LYON;BESANCON FRANCHE COMTE TGV;130;112;3;;8;5.94375;0.31116208;;5;50.23666667;2.268348624;;4;58.95833333;4;2;80.0;20.0;0.0;0.0;0.0;0.0
2021-03;National;REIMS;PARIS EST;46;213;9;;24;11.859722222222198;1.436846405;;20;24.535;2.577614379;;7;52.92619047619049;4;2;15.78947368;10.52631579;36.84210526;5.263157895;26.31578947;5.263157895
2021-03;National;TOURS;PARIS MONTPARNASSE;75;155;3;;4;43.96666667;1.077960526;;11;23.98636364;2.327960526;;6;36.91111111;3;1;18.18181818;54.54545455;18.18181818;0.0;0.0;9.090909091
2021-03;National;VANNES;PARIS MONTPARNASSE;159;233;3;;38;9.781578947;1.683187773;;14;25.36547619;2.272780204;;9;32.11296296;4;0;14.28571429;42.85714286;7.142857143;14.28571429;0.0;21.42857143
2021-04;National;LE CREUSOT MONTCEAU MONTCHANIN;PARIS LYON;79;170;49;;20;4.689166667;0.605;;7;11.0547619;-0.065138889;;1;27.06666667;0;0;50.0;33.33333333;16.66666667;0.0;0.0;0.0
2021-04;National;PARIS MONTPARNASSE;ST PIERRE DES CORPS;66;439;184;;13;9.849999999999998;-0.005294118;;7;16.34761905;0.299869281;;1;48.6;1;0;42.85714286;0.0;14.28571429;42.85714286;0.0;0.0
2021-04;National;GRENOBLE;PARIS LYON;181;160;86;;4;3.75;0.202702703;;2;20.58333333;-0.194369369;;2;20.58333333;0;0;0.0;100.0;0.0;0.0;0.0;0.0
2021-04;National;MARSEILLE ST CHARLES;PARIS LYON;197;515;139;;46;7.787681159;0.637367021;;3;29.40555556;-0.864228723;;3;29.405555555555605;2;0;100.0;0.0;0.0;0.0;0.0;0.0
2021-04;National;PERPIGNAN;PARIS LYON;310;176;57;;35;11.71380952;3.312464986;;5;30.013333333333303;1.155602241;;5;30.01333333;1;0;80.0;20.0;0.0;0.0;0.0;0.0
2021-04;National;AIX EN PROVENCE TGV;PARIS LYON;187;417;164;;55;6.143939394;1.224901186;;3;32.37222222;-1.577536232;;3;32.37222222;2;0;100.0;0.0;0.0;0.0;0.0;0.0
2021-04;National;MARSEILLE ST CHARLES;LYON PART DIEU;105;416;147;;48;9.001736111;1.524129353;;14;30.46071429;1.430348259;;7;47.97619048;5;1;57.142857142857096;7.142857143;0.0;7.142857143;0.0;28.57142857
2021-04;National;MARSEILLE ST CHARLES;MARNE LA VALLEE;210;287;187;;18;11.23888889;1.794;;4;32.4875;1.931666667;;4;32.4875;1;0;75.0;0.0;0.0;0.0;0.0;25.0
2021-04;National;PARIS LYON;BELLEGARDE (AIN);164;102;37;;3;3.35;-0.065897436;;3;16.71111111;2.422051282;;1;26.01666667;0;0;50.0;0.0;0.0;50.0;0.0;0.0
2021-04;National;PARIS MONTPARNASSE;NANTES;138;491;192;;18;10.96481481;0.269899666;;29;37.07643678;2.699721293;;22;44.3280303;12;2;34.48275862;13.79310345;27.5862069;13.79310345;0.0;10.34482759
2021-04;National;PARIS EST;REIMS;46;207;100;;8;8.71875;0.520093458;;5;17.80666667;0.95046729;;1;46.23333333;1;0;0.0;0.0;40.0;0.0;40.0;20.0
2021-04;National;PARIS LYON;AIX EN PROVENCE TGV;183;375;134;;17;10.90294118;0.319571231;;5;67.03;1.923928077;;5;67.03;3;2;20.0;0.0;20.0;20.0;0.0;40.0
2021-04;National;PARIS LYON;AVIGNON TGV;160;380;163;;14;10.03333333;0.226267281;;4;61.99166666666671;1.15906298;;2;111.6333333;2;2;25.0;25.0;0.0;0.0;25.0;25.0
2021-04;National;PARIS MONTPARNASSE;POITIERS;100;466;209;;12;8.322222222;0.008819715;;11;25.0530303;1.693644617;;4;45.57083333;2;1;18.18181818;45.454545454545496;0.0;18.18181818;0.0;18.18181818
2021-04;National;PARIS NORD;ARRAS;48;491;184;;38;9.650877193;1.088870793;;20;24.71083333;2.699837134;;8;44.32083333;6;2;30.0;10.0;15.0;20.0;15.0;10.0
2021-04;National;BESANCON FRANCHE COMTE TGV;PARIS LYON;130;162;78;;8;30.85625;2.438690476;;4;67.9625;2.548412698;;3;85.71111111;2;1;0.0;0.0;0.0;50.0;50.0;0.0
2021-04;National;PARIS EST;STRASBOURG;126;449;143;;37;9.341891892;1.208496732;;15;32.72888889;0.152396514;;12;37.66666667;8;0;14.28571429;14.28571429;0.0;35.71428571;7.142857143;28.57142857
2021-04;National;PARIS EST;METZ;87;225;97;;14;8.58452381;1.0140625;;9;28.72407407;2.159895833;;6;38.15;4;1;25.0;25.0;12.5;25.0;0.0;12.5
2021-04;National;PARIS NORD;DUNKERQUE;130;172;54;;14;9.088095238;0.997457627;;5;38.4;1.576271186;;3;56.66666666666671;2;2;25.0;0.0;25.0;50.0;0.0;0.0
2021-04;National;LILLE;PARIS NORD;71;548;256;;60;3.123333333333335;0.4805812919379309;;26;21.728974358974376;2.170142085411074;;13;29.95384615384616;6;0;17.69230769;34.230769230769255;20.38461538;10.0;17.69230769;0.0
2021-04;National;PARIS MONTPARNASSE;ANGERS SAINT LAUD;96;453;165;;18;10.96481481;0.290277778;;20;29.51083333;2.058043981;;14;37.84880952;5;1;21.05263158;5.263157895;26.31578947;21.05263158;0.0;26.31578947
2021-04;National;PARIS MONTPARNASSE;BREST;229;227;90;;6;4.777777778;-0.253649635;;3;23.66666667;0.525547445;;3;23.66666667;0;0;66.66666667;0.0;0.0;0.0;0.0;33.33333333
2021-04;National;LYON PART DIEU;MARSEILLE ST CHARLES;105;386;127;;76;9.49495614;2.870592021;;24;27.05208333;3.041184041;;18;31.68888889;7;2;16.66666667;12.5;29.166666666666703;4.166666666666671;12.5;25.0
2021-04;National;NICE VILLE;PARIS LYON;355;234;69;;9;6.17962963;0.108536585;;2;22.61666667;-0.421849593;;2;22.61666667;0;0;100.0;0.0;0.0;0.0;0.0;0.0
2021-04;National;STRASBOURG;NANTES;332;40;0;;1;1.666666667;0.100416667;;3;41.21666667;2.648333333;;3;41.21666667;2;1;33.33333333;33.33333333;0.0;33.33333333;0.0;0.0
2021-04;International;PARIS LYON;GENEVE;192;97;37;;3;3.35;-0.065555556;;1;31.350000000000005;0.5125;;1;31.35;1;0;100.0;0.0;0.0;0.0;0.0;0.0
2021-04;National;DUNKERQUE;PARIS NORD;128;166;65;;1;2.0;0.01980198;;5;26.50666667;2.398019802;;3;34.41111111;2;0;60.0;40.0;0.0;0.0;0.0;0.0
2021-04;National;PARIS LYON;DIJON VILLE;96;310;103;;10;4.906666667;0.064251208;;10;20.79166667;1.264412238;;6;26.71111111111109;2;0;20.0;30.0;10.0;30.0;10.0;0.0
2021-04;National;PARIS MONTPARNASSE;LA ROCHELLE VILLE;180;193;89;;5;13.029999999999998;0.137339744;;2;62.5;1.552884615;;2;62.5;2;1;50.0;0.0;0.0;0.0;0.0;50.0
2021-04;National;ST PIERRE DES CORPS;PARIS MONTPARNASSE;63;433;151;;63;7.91031746;1.950059312;;31;20.85537634;2.689442467;;15;33.95333333;7;1;20.68965517;20.68965517;13.79310345;20.68965517;6.896551724;17.24137931
2021-04;National;LYON PART DIEU;MARNE LA VALLEE;107;338;188;;38;6.387280702;1.678666667;;6;17.01111111;0.490777778;;2;25.58333333;0;0;66.66666667;0.0;0.0;33.33333333;0.0;0.0
2021-04;National;POITIERS;PARIS MONTPARNASSE;95;395;148;;38;5.856140351;0.647891156;;21;30.04285714;2.391020408;;14;40.04285714;6;1;42.85714286;14.28571429;0.0;19.04761905;14.28571429;9.523809524
2021-04;International;BARCELONA;PARIS LYON;401;28;0;;0;0.0;0.0;;2;0.0;1.343452381;;2;24.01666667;0;0;100.0;0.0;0.0;0.0;0.0;0.0
2021-04;National;PARIS LYON;LYON PART DIEU;120;525;181;;13;12.939743589743602;0.16744186;;12;27.00277778;0.885901163;;8;33.49166667;2;1;0.0;16.66666667;8.333333333;25.0;16.66666667;33.33333333
2021-04;National;SAINT ETIENNE CHATEAUCREUX;PARIS LYON;167;89;35;;3;1.327777778;0.091975309;;0;0.0;1.294444444;;0;0.0;0;0;0.0;0.0;0.0;0.0;0.0;0.0
2021-04;National;BREST;PARIS MONTPARNASSE;230;238;103;;3;5.0;0.108641975;;6;31.36111111;2.426296296;;6;31.36111111;3;0;50.0;50.0;0.0;0.0;0.0;0.0
2021-04;National;LA ROCHELLE VILLE;PARIS MONTPARNASSE;174;187;79;;3;18.66666667;0.50632716;;10;30.01;3.763425926;;7;37.23809524;3;1;50.0;0.0;10.0;30.0;0.0;10.0
2021-04;National;LILLE;MARSEILLE ST CHARLES;320;191;128;;9;11.04074074074074;1.5407407407407372;;3;25.41049383;1.7952380952380986;;3;45.73888889;2;1;0.0;33.33333333;0.0;0.0;33.33333333;33.33333333
2021-04;National;PARIS LYON;MULHOUSE VILLE;173;216;96;;9;4.853703704;0.246527778;;4;49.72916667;2.234027778;;3;61.98333333;2;1;0.0;25.0;0.0;50.0;0.0;25.0
2021-04;International;GENEVE;PARIS LYON;192;96;36;;18;4.363888889;1.694722222;;2;50.8;0.251388889;;2;50.8;1;1;0.0;0.0;0.0;100.0;0.0;0.0
2021-04;International;LAUSANNE;PARIS LYON;222;74;14;;41;2.988211382;2.199722222;;2;20.34166667;1.510277778;;2;20.34166667;0;0;0.0;0.0;0.0;50.0;0.0;50.0
2021-04;National;BORDEAUX ST JEAN;PARIS MONTPARNASSE;142;804;288;;120;14.49777778;3.123320413;;54;39.19567901;4.489502584;;46;43.7384058;22;10;38.88888889;24.07407407;1.851851852;9.259259259;9.259259259;16.66666667
2021-04;National;DOUAI;PARIS NORD;77;195;96;;12;3.438888889;0.415319865;;8;14.28125;1.7971380471380498;;2;28.875;1;0;57.142857142857096;28.57142857;14.28571429;0.0;0.0;0.0
2021-04;National;LYON PART DIEU;MONTPELLIER;114;235;40;;60;8.260555556;2.6370085470085503;;12;31.42361111;0.514102564;;7;44.25238095;5;1;50.0;16.66666667;0.0;8.333333333;0.0;25.0
2021-04;National;NIMES;PARIS LYON;176;250;61;;52;9.672435897;2.609259259;;12;34.37222222;1.959347443;;11;36.30606061;4;1;66.66666667;8.333333333;0.0;8.333333333;8.333333333;8.333333333
2021-04;National;PARIS MONTPARNASSE;BORDEAUX ST JEAN;142;795;274;;36;8.856944444;0.180326296;;27;42.11049383;1.705950096;;22;48.59848485;8;2;33.33333333;22.22222222;0.0;22.22222222;14.81481481;7.407407407407408
2021-04;National;RENNES;PARIS MONTPARNASSE;101;740;268;;100;5.970333333;1.231277533;;42;20.23888889;2.092437592;;21;28.48650794;10;0;31.57894737;34.21052632;7.894736842;15.78947368;2.631578947;7.894736842
2021-04;National;ST MALO;PARIS MONTPARNASSE;165;84;23;;2;1.833333333;-0.000546448;;3;19.96111111;0.832513661;;1;31.21666667;1;0;0.0;33.33333333;0.0;66.66666667;0.0;0.0
2021-04;National;ANNECY;PARIS LYON;224;132;65;;2;4.5;0.134328358;;8;21.79375;2.876616915;;8;21.79375;0;0;75.0;0.0;25.0;0.0;0.0;0.0
2021-04;National;LYON PART DIEU;RENNES;245;71;0;;32;5.411458333;2.552112676;;4;66.7375;5.273004695;;4;66.7375;1;1;25.0;25.0;0.0;25.0;0.0;25.0
2021-04;National;MACON LOCHE;PARIS LYON;96;252;98;;81;11.30699588;5.915577342;;27;23.41234568;4.127342048;;21;25.910317460317497;3;1;59.25925926;3.703703704;33.33333333;0.0;3.703703704;0.0
2021-04;National;NANCY;PARIS EST;93;253;124;;26;5.811538462;1.279586563;;15;40.12777778;4.557105943;;8;65.43333333;4;1;33.33333333;26.66666667;6.666666667;26.66666667;0.0;6.666666667
2021-04;National;PARIS LYON;CHAMBERY CHALLES LES EAUX;174;145;57;;3;11.327777777777802;0.264583333;;4;35.1375;1.060227273;;3;41.82777778;2;0;25.0;25.0;0.0;50.0;0.0;0.0
2021-04;National;PARIS LYON;MARSEILLE ST CHARLES;192;553;187;;17;8.831372549;-0.020992714;;4;74.91666667;1.282149362;;4;74.91666667;3;2;75.0;0.0;0.0;0.0;0.0;25.0
2021-04;National;TOULOUSE MATABIAU;PARIS MONTPARNASSE;263;175;46;;15;33.31555556;3.791085271;;17;53.48137255;8.026485788;;17;53.48137255;13;5;41.17647059;11.76470588;0.0;11.76470588;5.882352941;29.41176471
2021-04;National;NANTES;STRASBOURG;340;40;0;;5;9.17;1.1325;;2;27.241666666666696;0.74875;;2;27.24166667;1;0;0.0;0.0;0.0;0.0;50.0;50.0
2021-04;National;TOULON;PARIS LYON;245;288;93;;25;7.321333333;0.829230769;;2;22.616666666666696;-0.883247863;;2;22.61666667;0;0;100.0;0.0;0.0;0.0;0.0;0.0
2021-04;National;DIJON VILLE;PARIS LYON;97;282;94;;58;8.268390805;2.573315603;;10;36.86333333;1.455053191;;6;52.31111111;2;1;0.0;30.0;10.0;30.0;20.0;10.0
2021-04;National;LE MANS;PARIS MONTPARNASSE;61;436;179;;85;4.271960784;1.427604167;;31;13.23064516;1.694205729;;8;23.83958333;2;0;10.71428571;39.28571429;32.14285714;3.5714285714285707;3.5714285714285707;10.71428571
2021-04;National;PARIS LYON;BESANCON FRANCHE COMTE TGV;130;134;52;;7;5.876190476;0.425813008;;4;29.19166667;1.164634146;;3;33.64444444;2;0;0.0;50.0;0.0;50.0;0.0;0.0
2021-04;National;PARIS LYON;VALENCE ALIXAN TGV;130;321;117;;4;10.9;-0.089052288;;1;14.0;-0.152205882;;0;0.0;0;0;0.0;0.0;0.0;0.0;100.0;0.0
2021-04;International;STUTTGART;PARIS EST;206;90;0;;73;4.405936073;3.637962963;;4;67.75833333;1.556851852;;4;67.75833333;2;2;25.0;25.0;0.0;50.0;0.0;0.0
2021-04;National;LILLE;LYON PART DIEU;192;266;186;;22;5.929545454545451;1.803749999999999;;5;18.726262626262635;3.208958333333333;;3;41.63333333333333;1;1;19.99999999999998;0.0;20.0;19.99999999999998;20.0;19.99999999999998
2021-04;International;FRANCFORT;PARIS EST;236;116;1;;62;3.865053763;2.290935673;;9;49.31851852;4.766812865;;9;49.31851852;5;2;22.22222222;33.33333333;0.0;44.44444444;0.0;0.0
2021-04;International;ZURICH;PARIS LYON;244;86;46;;9;1.212962963;0.740416667;;0;0.0;-1.62625;;0;0.0;0;0;0.0;0.0;0.0;0.0;0.0;0.0
2021-04;National;NANTES;PARIS MONTPARNASSE;135;498;195;;85;14.29843137;3.731078107810781;;37;43.14009009;6.07579758;;31;48.7811828;19;7;28.57142857;34.285714285714306;5.714285714285709;20.0;5.714285714285709;5.714285714285709
2021-04;National;PARIS LYON;PERPIGNAN;306;194;78;;4;7.858333333;-0.024712644;;4;40.45833333;1.366235632;;4;40.45833333;2;0;33.33333333;33.33333333;33.33333333;0.0;0.0;0.0
2021-04;National;PARIS MONTPARNASSE;VANNES;157;248;96;;12;7.6375;0.164035088;;13;17.0;1.667763158;;7;21.07142857;1;0;30.76923077;30.76923077;23.07692308;7.692307692;7.692307692;0.0
2021-04;National;VANNES;PARIS MONTPARNASSE;160;252;92;;41;4.459756098;1.326436782;;18;22.13148148;3.042528736;;12;26.247222222222195;4;0;33.33333333;38.88888889;5.555555555555561;11.11111111;0.0;11.11111111
2021-04;International;PARIS LYON;ZURICH;244;86;44;;2;1.275;-0.140079365;;1;27.38333333;2.233730159;;1;27.38333333;0;0;0.0;0.0;0.0;100.0;0.0;0.0
2021-04;National;PARIS LYON;GRENOBLE;185;166;74;;2;11.16666667;0.032427536;;5;22.4;1.309782609;;4;24.125;1;0;0.0;60.0;0.0;40.0;0.0;0.0
2021-04;National;PARIS MONTPARNASSE;LAVAL;86;208;55;;12;9.018055556;0.216013072;;4;27.32083333;1.244335512;;3;34.31111111;2;0;50.0;0.0;25.0;0.0;25.0;0.0
2021-04;National;PARIS MONTPARNASSE;LE MANS;62;419;135;;20;10.71583333;0.382746479;;12;16.04027778;-1.012089202;;4;29.07916667;1;0;27.27272727;9.090909091;9.090909091;18.18181818;27.27272727;9.090909091
2021-04;National;LYON PART DIEU;PARIS LYON;119;578;220;;137;5.387104623;2.121834264;;9;27.81296296;0.921880819;;5;39.05333333;2;1;11.11111111;0.0;22.22222222;11.11111111;0.0;55.55555556
2021-04;National;MONTPELLIER;PARIS LYON;206;253;64;;60;8.1175;2.621428571;;11;36.30606061;1.959347443;;11;36.30606061;4;1;72.72727272727269;9.090909091;0.0;9.090909091;0.0;9.090909091
2021-04;National;PARIS MONTPARNASSE;QUIMPER;227;228;77;;12;7.6375;0.16799117;;4;22.75;0.592715232;;4;22.75;0;0;25.0;50.0;0.0;0.0;25.0;0.0
2021-04;International;PARIS LYON;BARCELONA;399;30;0;;1;9.1;0.09;;0;0.0;0.0;;0;0.0;0;0;0.0;0.0;0.0;0.0;0.0;0.0
2021-04;National;ARRAS;PARIS NORD;50;508;172;;65;5.694358974;1.098164683;;28;18.31845238;2.087003968;;11;31.82575758;5;0;41.66666667;37.5;8.333333333;8.333333333;4.166666667;0.0
2021-04;National;MARNE LA VALLEE;MARSEILLE ST CHARLES;214;255;167;;43;10.83565891;5.376704545;;6;45.73888889;3.2267045454545507;;6;45.73888889;4;2;0.0;16.66666667;16.66666667;0.0;33.33333333;33.33333333
2021-04;National;PARIS LYON;MONTPELLIER;206;237;53;;7;9.4;0.105434783;;9;26.99074074;0.489945652;;9;26.99074074;1;0;33.33333333;22.22222222;11.11111111;22.22222222;0.0;11.11111111
2021-04;National;PARIS LYON;TOULON;240;322;125;;5;10.53333333;-0.197546531;;5;28.92666666666669;-0.168189509;;5;28.92666666666669;1;0;0.0;0.0;40.0;20.0;0.0;40.0
2021-04;National;PARIS MONTPARNASSE;RENNES;103;694;219;;26;8.23974359;-0.039719298;;19;16.9245614;0.148842105;;7;28.57142857;3;0;52.63157895;15.78947368;21.05263158;5.263157895;0.0;5.263157895
2021-04;International;PARIS EST;FRANCFORT;230;118;1;;11;11.01212121;1.134615385;;13;34.50769231;5.857264957;;13;34.50769231;3;2;16.66666667;25.0;16.66666667;25.0;8.333333333333329;8.333333333333329
2021-04;National;MULHOUSE VILLE;PARIS LYON;173;213;92;;30;4.143333333;1.090358127;;4;67.9625;1.207575758;;3;85.71111111;2;1;0.0;0.0;0.0;50.0;50.0;0.0
2021-04;National;PARIS LYON;ANNECY;220;139;79;;2;2.425;-0.212222222;;1;55.0;2.483333333;;1;55.0;1;0;0.0;100.0;0.0;0.0;0.0;0.0
2021-04;National;PARIS MONTPARNASSE;ANGOULEME;128;244;108;;9;9.383333333;0.191176471;;8;45.21458333;2.701470588;;6;55.96388889;3;1;25.0;37.5;0.0;25.0;12.5;0.0
2021-04;National;TOURS;PARIS MONTPARNASSE;76;152;57;;10;11.79333333;1.221052632;;15;15.641111111111098;3.560350877;;4;35.8;2;0;7.142857143;35.71428571;21.42857143;14.28571429;14.28571429;7.142857143
2021-04;International;ITALIE;PARIS LYON;442;60;0;;46;2.847826087;2.283333333;;11;27.97878788;5.774722222;;11;27.97878788;2;1;63.636363636363605;0.0;36.36363636;0.0;0.0;0.0
2021-04;International;PARIS LYON;ITALIE;425;60;0;;2;15.15833333;0.431388889;;5;70.7;3.225;;5;70.7;4;2;25.0;0.0;25.0;50.0;0.0;0.0
2021-04;National;ANGOULEME;PARIS MONTPARNASSE;128;238;86;;27;5.259259259;0.779057018;;9;26.66851852;1.874342105;;9;26.66851852;2;0;55.55555556;0.0;0.0;22.22222222;0.0;22.22222222
2021-04;National;PARIS LYON;LE CREUSOT MONTCEAU MONTCHANIN;79;183;25;;5;17.28333333;0.249683544;;8;18.89791667;0.18649789;;2;48.625;1;1;25.0;25.0;12.5;25.0;12.5;0.0
2021-04;National;PARIS MONTPARNASSE;ST MALO;161;94;40;;0;0.0;-0.261111111;;2;0.0;0.635185185;;2;25.1;0;0;0.0;0.0;50.0;50.0;0.0;0.0
2021-04;International;PARIS LYON;LAUSANNE;221;74;15;;1;5.383333333;-0.157909605;;2;24.35;2.918644068;;2;24.35;0;0;0.0;50.0;50.0;0.0;0.0;0.0
2021-04;National;LYON PART DIEU;LILLE;194;273;133;;38;6.387280702;1.798571429;;7;21.69285714;1.315952381;;4;26.74166667;0;0;50.0;0.0;0.0;0.0;0.0;50.0
2021-04;National;METZ;PARIS EST;86;224;97;;30;4.538333333;1.017322835;;8;15.78333333;1.442519685;;3;24.23888888888889;1;0;25.0;12.5;0.0;12.5;50.0;0.0
2021-04;National;PARIS LYON;SAINT ETIENNE CHATEAUCREUX;170;88;35;;1;6.033333333;-0.18836478;;2;37.925;2.208176101;;2;37.925;2;0;0.0;0.0;50.0;0.0;0.0;50.0
2021-04;National;STRASBOURG;PARIS EST;125;396;119;;70;10.43928571;2.668961353;;21;35.13888889;2.261352657;;14;45.95952381;7;4;23.80952381;47.61904762;9.523809524;14.28571429;0.0;4.761904762
2021-04;National;VALENCE ALIXAN TGV;PARIS LYON;131;385;138;;112;7.067708333;3.223373984;;13;32.80769231;1.564159892;;11;36.30606061;4;1;61.53846154;7.692307692;0.0;15.38461538;7.692307692;7.692307692
2021-04;National;CHAMBERY CHALLES LES EAUX;PARIS LYON;180;154;35;;93;10.62849462;8.208263305;;23;23.59782609;4.585994398;;19;25.3745614;2;1;65.2173913;0.0;34.78260869565219;0.0;0.0;0.0
2021-04;National;PARIS MONTPARNASSE;TOURS;78;146;68;;2;18.85833333;0.033974359;;2;25.61666667;1.09957265;;1;42.66666667;1;0;100.0;0.0;0.0;0.0;0.0;0.0
2021-04;National;RENNES;LYON PART DIEU;244;72;0;;9;12.74444444;1.645833333;;4;30.029166666666704;0.528935185;;4;30.02916667;2;0;25.0;25.0;0.0;0.0;25.0;25.0
2021-04;National;MARSEILLE ST CHARLES;LILLE;282;220;123;;18;11.23888889;1.996987399770905;;6;28.04166666666671;3.0768957617411234;;6;29.830555555555595;1;1;16.66666666666665;0.0;0.0;16.66666666666665;0.0;66.66666666666666
2021-04;National;MONTPELLIER;LYON PART DIEU;113;185;33;;18;10.31481481;1.321743929;;6;53.64444444;2.318432671;;5;61.87333333;4;3;66.66666667;0.0;0.0;16.66666667;0.0;16.66666667
2021-04;National;PARIS LYON;NIMES;176;237;53;;7;9.4;0.1054347826086959;;12;23.87916667;1.90634058;;10;25.95333333;2;0;8.333333333;25.0;25.0;16.66666667;0.0;25.0
2021-04;National;PARIS NORD;LILLE;72;497;239;;33;9.465656565656555;0.9820413436692528;;23;32.21833413500084;2.911821705426359;;10;60.22500000000002;8;5;23.36956521739131;22.28260869565219;13.043478260869549;17.934782608695638;4.347826087;19.021739130434785
2021-04;National;QUIMPER;PARIS MONTPARNASSE;229;231;92;;8;9.889583333;0.578417266;;10;27.825;3.210191847;;10;27.825;4;0;40.0;40.0;0.0;10.0;0.0;10.0
2021-04;National;AVIGNON TGV;PARIS LYON;166;416;151;;63;5.823280423;1.134968553;;2;35.025;-1.484591195;;2;35.025;2;0;100.0;0.0;0.0;0.0;0.0;0.0
2021-04;National;BELLEGARDE (AIN);PARIS LYON;162;100;36;;23;6.118115942;2.205729167;;2;50.8;-0.006510417;;2;50.8;1;1;0.0;0.0;0.0;100.0;0.0;0.0
2021-04;National;LAVAL;PARIS MONTPARNASSE;84;250;53;;39;6.16965812;1.115343915;;16;16.909375;1.4320987654321002;;5;28.02;3;0;25.0;62.5;6.25;6.25;0.0;0.0
2021-04;National;MARNE LA VALLEE;LYON PART DIEU;107;324;219;;63;9.06984127;5.541428571428571;;9;31.78148148;3.998412698;;5;46.62;2;2;11.11111111;22.22222222;22.22222222;11.11111111;22.22222222;11.11111111
2021-04;National;PARIS EST;NANCY;97;245;128;;4;8.870833333;0.265527066;;9;29.23888889;2.270940171;;5;41.89;2;1;44.44444444;11.11111111;0.0;11.11111111;33.33333333;0.0
2021-04;National;PARIS LYON;MACON LOCHE;96;185;91;;2;2.425;-0.265780142;;0;0.0;-0.39751773;;0;0.0;0;0;0.0;0.0;0.0;0.0;0.0;0.0
2021-04;National;ANGERS SAINT LAUD;PARIS MONTPARNASSE;95;476;176;;76;15.917543859649102;4.115990991;;43;37.38333333;5.461486486;;30;48.71833333;18;7;21.95121951219509;34.14634146;4.87804878;24.390243902439003;9.756097561;4.87804878
2021-04;National;PARIS MONTPARNASSE;TOULOUSE MATABIAU;263;165;31;;11;11.3;0.512064677;;14;41.56666667;4.587686567;;14;41.56666667;10;2;14.28571429;35.71428571;0.0;7.142857143;0.0;42.85714286
2021-04;National;REIMS;PARIS EST;46;207;97;;23;2.796376812;0.630757576;;6;13.027777777777798;1.148787879;;2;24.44166667;1;0;0.0;33.33333333;0.0;33.33333333;33.33333333;0.0
2021-04;International;PARIS EST;STUTTGART;199;86;0;;11;12.971212121212098;1.677131783;;9;34.90925926;6.254457364;;9;34.90925926;3;1;14.28571429;14.28571429;0.0;28.57142857;0.0;42.85714286
2021-04;National;PARIS LYON;NICE VILLE;356;236;77;;5;10.53333333;-0.151362683;;6;42.15833333;0.610062893;;6;42.15833333;4;2;0.0;0.0;0.0;50.0;0.0;50.0
2021-04;National;PARIS NORD;DOUAI;65;137;59;;6;14.79444444;1.025854701;;7;16.50238095;1.473076923;;3;25.69444444;1;0;42.85714286;28.57142857;0.0;0.0;28.57142857;0.0
2021-05;National;BREST;PARIS MONTPARNASSE;230;231;20;;3;10.0;0.144549763;;16;35.36458333;4.154423381;;16;35.36458333;6;2;12.5;25.0;0.0;31.25;0.0;31.25
2021-05;National;NANCY;PARIS EST;94;257;31;;55;4.050606061;1.028613569;;9;27.29259259;1.081268437;;6;36.88611111;2;0;0.0;33.33333333;22.22222222;11.11111111;11.11111111;22.22222222
2021-05;International;FRANCFORT;PARIS EST;234;124;1;;64;2.534635417;1.585365854;;8;30.60208333;3.403794038;;8;30.60208333;3;0;12.5;25.0;50.0;12.5;0.0;0.0
2021-05;International;GENEVE;PARIS LYON;192;103;8;;53;4.287421384;2.693859649;;10;61.59333333;6.760175439;;10;61.59333333333329;7;2;20.0;40.0;10.0;10.0;0.0;20.0
2021-05;International;PARIS EST;FRANCFORT;228;128;1;;9;7.622222222;0.672572178;;9;33.78333333;4.362729659;;9;33.78333333;2;1;25.0;25.0;50.0;0.0;0.0;0.0
2021-05;National;BORDEAUX ST JEAN;TOURCOING;315;31;9;;2;4.75;0.034848485;;0;0.0;0.681818182;;0;0.0;0;0;0.0;0.0;0.0;0.0;0.0;0.0
2021-05;National;PARIS LYON;MONTPELLIER;208;242;15;;18;12.89537037;0.439060206;;13;36.26666667;1.991116006;;13;36.26666667;7;1;7.692307692;53.84615385;7.692307692;23.07692308;0.0;7.692307692
2021-05;National;VANNES;PARIS MONTPARNASSE;162;256;21;;84;4.308134921;1.599216524;;20;24.50333333;2.824002849;;14;29.23452381;3;1;45.0;30.0;0.0;15.0;0.0;10.0
2021-05;National;ARRAS;PARIS NORD;51;497;6;;218;6.419877676;2.862040816;;111;15.30885886;4.155544218;;33;30.24292929;13;2;11.11111111;30.555555555555603;24.074074074074097;0.0;23.148148148148103;11.11111111
2021-05;National;LE MANS;PARIS MONTPARNASSE;60;410;30;;118;7.388841808;2.29372807;;43;21.58604651;2.567061404;;19;36.21929825;10;2;23.80952381;21.428571428571395;16.66666667;16.66666667;7.142857143;14.28571429
2021-05;National;ST MALO;PARIS MONTPARNASSE;161;80;3;;3;2.15;-0.004166667;;5;16.70666667;1.406359649;;2;21.95833333;0;0;40.0;20.0;0.0;0.0;0.0;40.0
2021-05;National;ANGERS SAINT LAUD;PARIS MONTPARNASSE;95;452;24;;113;8.933923304;2.449688474;;27;31.90617284;2.242095016;;19;40.36666667;8;2;25.925925925925903;29.62962963;0.0;22.22222222;3.703703704;18.51851852
2021-05;National;LILLE;MARSEILLE ST CHARLES;301;188;21;;17;14.381372549019616;1.3034930139720542;;18;38.98823529411767;7.739620758483029;;18;38.47592592592595;7;2;22.22222222;16.66666666666665;0.0;0.0;0.0;61.11111111111109
2021-05;National;PARIS LYON;AIX EN PROVENCE TGV;184;374;19;;32;22.03333333;1.512629108;;36;34.98472222;5.39713615;;30;39.26222222;17;3;25.0;13.88888889;13.88888889;22.22222222;5.555555555555561;19.44444444
2021-05;National;PARIS LYON;DIJON VILLE;96;310;18;;20;20.69333333;1.260273973;;11;37.86212121;0.768835616;;8;47.60416667;4;2;18.18181818;9.090909091;9.090909091;36.36363636;18.18181818;9.090909091
2021-05;National;PARIS LYON;MARSEILLE ST CHARLES;192;503;32;;41;19.13130081;1.238004246;;47;36.29432624;7.406334041;;47;36.29432624;22;4;29.78723404;21.27659574;10.63829787;21.27659574;4.255319149;12.765957446808502
2021-05;National;ST PIERRE DES CORPS;PARIS MONTPARNASSE;64;422;26;;113;6.2;1.896422559;;42;23.50753968;3.258838384;;18;42.05092593;10;4;17.5;27.500000000000004;10.0;15.0;10.0;20.0
2021-05;National;LYON PART DIEU;RENNES;235;82;0;;37;8.519369369;3.9241869918699206;;14;36.17380952;8.553252033;;14;36.17380952;2;2;21.42857143;14.28571429;42.85714286;7.142857143;0.0;14.28571429
2021-05;National;PARIS LYON;VALENCE ALIXAN TGV;132;329;22;;27;15.903086419753102;0.977361564;;18;42.78888889;3.766666667;;12;56.95694444444441;9;4;11.11111111;5.555555555555561;5.555555555555561;33.33333333;22.22222222;22.22222222
2021-05;National;PARIS NORD;LILLE;69;487;11;;45;9.180740740740758;0.5453431372549004;;33;20.235614035087693;1.4084383753501384;;13;39.67435897435895;7;1;22.05387205387208;24.74747474747476;18.518518518518523;6.397306397306391;15.656565656565682;12.626262626262644
2021-05;National;TOURS;PARIS MONTPARNASSE;77;134;12;;8;14.91666667;0.906557377;;13;17.13205128;3.054918033;;6;24.886111111111106;1;0;0.0;23.07692308;0.0;30.76923077;7.692307692;38.46153846
2021-05;International;PARIS LYON;LAUSANNE;224;87;5;;3;15.28888889;0.390243902;;5;26.08333333;4.501219512;;5;26.083333333333304;1;0;0.0;40.0;0.0;20.0;20.0;20.0
2021-05;National;LYON PART DIEU;MONTPELLIER;114;231;2;;77;9.970995671;3.419723435;;26;27.902564102564096;2.193158661;;19;33.4122807;7;2;16.0;60.0;8.0;0.0;0.0;16.0
2021-05;National;PARIS LYON;GRENOBLE;183;174;13;;8;12.03541667;0.439751553;;13;33.0;3.4565217391304297;;12;34.79166667;4;0;23.07692308;23.07692308;15.38461538;23.07692308;7.692307692;7.692307692
2021-05;International;PARIS LYON;ITALIE;425;62;0;;4;18.02916667;1.043548387;;4;30.125;0.596774194;;4;30.125;2;0;0.0;0.0;0.0;50.0;50.0;0.0
2021-05;National;AVIGNON TGV;PARIS LYON;166;434;28;;236;6.602118644;3.802175698;;45;31.01888889;4.252955665;;32;38.32291667;16;5;24.44444444;15.55555556;15.55555556;8.888888888888891;2.222222222;33.33333333
2021-05;International;PARIS LYON;ZURICH;244;69;12;;4;10.02916667;-0.012280702;;0;0.0;2.555847953;;0;0.0;0;0;0.0;0.0;0.0;0.0;0.0;0.0
2021-05;National;CHAMBERY CHALLES LES EAUX;PARIS LYON;183;147;3;;97;12.839347079037802;8.570601852;;52;26.44102564;10.57962963;;43;29.02984496;12;2;73.07692308;13.46153846;3.846153846;9.615384615;0.0;0.0
2021-05;National;MULHOUSE VILLE;PARIS LYON;174;215;15;;52;6.680769231;1.744333333;;7;22.67142857;0.415833333;;4;30.20833333;2;0;14.28571429;14.28571429;28.57142857;28.57142857;0.0;14.28571429
2021-05;National;PARIS LYON;NICE VILLE;355;223;16;;16;17.67291667;1.042109501;;20;58.54916667;5.624637681;;20;58.54916667;14;7;55.00000000000001;20.0;5.0;5.0;5.0;10.0
2021-05;National;PARIS LYON;CHAMBERY CHALLES LES EAUX;174;138;7;;8;18.85;1.009669211;;16;27.15;3.74821883;;9;38.11296296;5;0;14.28571429;35.71428571;28.57142857;21.42857143;0.0;0.0
2021-05;National;VALENCE ALIXAN TGV;PARIS LYON;133;376;23;;163;12.02474438;5.541170916;;56;34.15238095;6.204202077;;43;40.73604651;19;9;35.71428571;32.14285714;8.928571429;8.928571429;7.142857143;7.142857143
2021-05;National;LILLE;LYON PART DIEU;185;287;17;;63;8.853703704;2.045246913580248;;25;29.410041407867464;3.817407407407408;;19;34.61754386;8;3;16.363636363636363;25.090909090909115;4.181818181818186;8.363636363636363;16.727272727272744;29.272727272727256
2021-05;National;MARSEILLE ST CHARLES;PARIS LYON;197;484;25;;68;15.5375;2.045796784;;47;44.72624113;5.254422515;;47;44.72624113;25;10;21.27659574;19.14893617;10.63829787;14.89361702;6.382978723404251;27.65957447
2021-05;National;PARIS LYON;ANNECY;221;140;10;;6;13.855555555555602;0.471410256;;7;36.71428571;5.015384615;;7;36.71428571;3;0;14.28571429;71.42857143;0.0;14.28571429;0.0;0.0
2021-05;National;PARIS MONTPARNASSE;LAVAL;89;214;9;;12;5.940277778;0.02;;13;28.6974359;2.33495935;;12;29.95138889;5;0;46.15384615;30.76923077;0.0;15.38461538;0.0;7.692307692
2021-05;National;PARIS NORD;DOUAI;71;136;1;;14;16.40595238;1.475679012;;21;21.74603175;4.416419753;;9;36.76296296;6;1;15.0;30.0;20.0;5.0;25.0;5.0
2021-05;International;LAUSANNE;PARIS LYON;225;86;5;;69;2.656038647;2.372222222;;4;24.9875;1.725720165;;4;24.9875;1;0;0.0;25.0;50.0;0.0;0.0;25.0
2021-05;National;METZ;PARIS EST;86;224;23;;49;6.684013605;1.668490879;;16;16.54270833;1.480514096;;7;27.62142857;2;0;0.0;13.33333333;20.0;20.0;26.66666667;20.0
2021-05;International;ITALIE;PARIS LYON;444;62;0;;42;2.833333333;2.024193548;;26;30.11538462;14.6733871;;26;30.11538462;7;2;69.23076923076918;11.53846154;3.846153846;15.38461538;0.0;0.0
2021-05;National;LYON PART DIEU;MARSEILLE ST CHARLES;105;365;12;;134;10.90037313;4.186126894;;57;29.97777778;7.473295455;;40;37.29666667;18;3;22.80701754;26.31578947;12.28070175;5.263157895;5.263157895;28.070175438596507
2021-05;National;MARSEILLE ST CHARLES;LYON PART DIEU;104;359;15;;59;10.6960452;1.6031007751937998;;36;37.93240741;5.2875;;27;46.01666667;14;7;25.0;21.875;18.75;6.25;3.125;25.0
2021-05;National;PARIS EST;REIMS;46;208;25;;15;5.264444444;0.407741348;;10;17.03166667;0.947540984;;4;27.8625;1;0;30.0;0.0;10.0;40.0;0.0;20.0
2021-05;National;PARIS MONTPARNASSE;BREST;231;226;16;;13;5.605128205;-0.032936508;;13;28.30769231;2.135714286;;13;28.30769231;4;0;38.46153846;30.76923077;7.692307692;0.0;0.0;23.07692308
2021-05;National;PARIS MONTPARNASSE;NANTES;138;470;29;;48;4.225694444;0.151738473;;9;24.91111111;-0.518329554;;6;31.45277778;3;0;22.22222222;0.0;11.11111111;33.33333333;0.0;33.33333333
2021-05;National;SAINT ETIENNE CHATEAUCREUX;PARIS LYON;183;72;7;;7;4.69047619;0.681699346;;15;36.14555556;10.9130719;;12;42.05277778;6;1;53.33333333;6.666666667;0.0;6.666666667;26.66666667;6.666666667
2021-05;National;AIX EN PROVENCE TGV;PARIS LYON;188;426;33;;282;7.153191489;5.184393554;;34;45.5622549;4.891560645;;34;45.5622549;20;8;26.47058824;8.823529412;11.76470588;8.823529412;2.941176471;41.17647059
2021-05;National;BELLEGARDE (AIN);PARIS LYON;162;109;8;;44;6.725378788;2.931683168;;16;43.23020833;6.254620462;;10;61.59333333333329;7;2;18.75;43.75;18.75;6.25;0.0;12.5
2021-05;National;PARIS LYON;PERPIGNAN;304;192;9;;12;14.206944444444398;0.67140255;;11;53.40909091;3.138797814;;11;53.40909091;6;1;27.27272727;18.18181818;18.18181818;9.090909091;18.18181818;9.090909091
2021-05;National;PARIS MONTPARNASSE;ST MALO;163;88;6;;3;4.45;-0.168495935;;7;31.18809524;2.264634146;;5;38.70333333;3;0;28.57142857;14.28571429;14.28571429;28.57142857;0.0;14.28571429
2021-05;National;PARIS MONTPARNASSE;ST PIERRE DES CORPS;69;432;33;;36;5.973148148;0.1635338345864659;;20;15.368333333333302;0.9008354218880532;;5;29.23666667;1;0;38.88888889;16.66666667;5.555555556;16.66666667;16.66666667;5.555555556
2021-05;National;TOURCOING;BORDEAUX ST JEAN;298;30;9;;1;31.0;1.476190476;;2;27.85;4.176190476;;2;27.85;1;0;50.0;0.0;0.0;50.0;0.0;0.0
2021-05;National;LA ROCHELLE VILLE;PARIS MONTPARNASSE;172;197;12;;9;11.28518519;0.549009009;;12;26.92916667;2.896936937;;7;36.37142857;3;1;16.66666667;25.0;8.333333333;25.0;8.333333333;16.66666667
2021-05;National;PARIS LYON;MACON LOCHE;93;191;12;;10;13.385;0.322998138;;10;29.22666667;2.418808194;;8;33.59166667;4;0;10.0;30.0;10.0;30.0;10.0;10.0
2021-05;National;PARIS NORD;DUNKERQUE;133;172;2;;17;11.65294118;0.9374509803921572;;11;28.09090909;1.614705882;;8;33.875;4;1;27.27272727;45.454545454545496;9.090909091;9.090909091;0.0;9.090909091
2021-05;National;PERPIGNAN;PARIS LYON;310;185;8;;40;13.42208333;2.923634652;;20;36.47;5.559039548;;20;36.47;7;4;30.0;35.0;5.0;15.0;5.0;10.0
2021-05;National;PARIS EST;STRASBOURG;124;428;34;;38;7.151754386;0.7660744500846018;;16;33.33333333;0.62643824;;11;41.81818182;8;1;6.25;37.5;0.0;18.75;0.0;37.5
2021-05;National;PARIS LYON;BESANCON FRANCHE COMTE TGV;129;146;7;;13;22.42564103;1.926858513;;7;40.06190476;1.984052758;;5;51.10666667;3;1;14.28571429;28.57142857;0.0;14.28571429;14.28571429;28.57142857
2021-05;National;PARIS LYON;TOULON;239;292;22;;22;17.67878788;1.098333333;;39;41.29145299;6.809382716;;39;41.29145299;18;5;26.31578947;7.894736842;15.78947368;34.21052632;7.894736842;7.894736842
2021-05;National;PARIS MONTPARNASSE;LA ROCHELLE VILLE;181;200;11;;7;6.826190476;-0.11984127;;6;60.16666667;2.687830688;;6;60.16666666666671;4;2;50.0;16.66666667;0.0;0.0;0.0;33.33333333
2021-05;National;MARSEILLE ST CHARLES;LILLE;283;177;12;;15;8.467777777777798;0.6838047138047119;;25;33.35134921;6.476144781144778;;25;33.95399999999999;8;4;33.17647058823534;16.941176470588246;16.70588235294117;0.0;4.000000000000004;29.176470588235333
2021-05;National;MARSEILLE ST CHARLES;TOURCOING;294;27;9;;4;25.82083333;5.386111111;;6;36.16666667;15.05555556;;6;36.16666667;4;0;33.33333333;16.66666667;0.0;0.0;16.66666667;33.33333333
2021-05;National;NICE VILLE;PARIS LYON;354;232;18;;21;17.33809524;1.5561815336463198;;30;51.866111111111096;8.825039124;;30;51.86611111;15;8;23.33333333;30.0;3.333333333;23.33333333;6.666666667;13.33333333
2021-05;National;PARIS EST;NANCY;95;246;33;;28;5.066071428571429;0.508059468;;7;23.94047619;1.16799687;;6;25.75555556;1;0;28.57142857;14.28571429;14.28571429;0.0;28.57142857;14.28571429
2021-05;National;PARIS LYON;LYON PART DIEU;120;584;32;;39;12.51153846;0.583726558;;42;32.22896825;2.948517846;;30;39.838888888888896;20;2;14.63414634;36.58536585;4.878048780487811;7.317073170731709;19.51219512;17.07317073
2021-05;National;TOULOUSE MATABIAU;PARIS MONTPARNASSE;263;168;3;;9;16.51111111;0.938080808;;12;36.61388889;3.400606061;;12;36.61388889;8;0;25.0;33.33333333;8.333333333;8.333333333;0.0;25.0
2021-05;National;LE CREUSOT MONTCEAU MONTCHANIN;PARIS LYON;78;187;9;;83;8.952208835;4.091148776;;30;20.89;3.937664783;;15;32.16111111;6;2;13.33333333;16.66666667;16.66666667;3.333333333;10.0;40.0
2021-05;National;PARIS MONTPARNASSE;VANNES;161;242;16;;22;4.55;0.126253687;;24;25.35416667;3.539823009;;17;30.35294118;5;1;43.47826087;17.39130435;17.39130435;0.0;0.0;21.73913043
2021-05;International;STUTTGART;PARIS EST;220;88;0;;10;4.363333333;0.501532567;;3;58.22222222222219;-0.408812261;;3;58.22222222;3;1;0.0;0.0;100.0;0.0;0.0;0.0
2021-05;National;ANNECY;PARIS LYON;226;135;9;;3;4.666666667;0.112;;20;27.425;5.799866667;;20;27.425;6;0;75.0;15.0;0.0;10.0;0.0;0.0
2021-05;National;PARIS MONTPARNASSE;BORDEAUX ST JEAN;148;812;39;;67;7.763681592;0.287235878;;34;33.1745098;1.159767141;;28;37.2;12;2;38.23529412;8.823529412;5.882352941;5.882352941;20.58823529;20.58823529
2021-05;National;REIMS;PARIS EST;46;208;23;;46;4.860507246;1.293603604;;17;14.99509804;1.84018018;;4;36.3;1;1;14.28571429;21.42857143;35.71428571;14.28571429;7.142857143;7.142857143
2021-05;National;DIJON VILLE;PARIS LYON;98;299;13;;72;5.712731481;1.50460373;;10;16.57833333;0.391491841;;4;22.18333333;1;0;0.0;11.111111111111098;44.44444444444439;11.111111111111098;11.111111111111098;22.22222222
2021-05;National;PARIS LYON;BELLEGARDE (AIN);163;110;8;;4;14.5125;0.361601307;;16;23.35729167;5.653594771;;9;30.62592593;2;0;20.0;46.66666667;13.33333333;0.0;6.666666667;13.33333333
2021-05;National;POITIERS;PARIS MONTPARNASSE;96;401;36;;68;10.43946078;1.6286301369863003;;37;30.96396396;3.76109589;;19;50.2877193;10;7;27.77777778;19.44444444;2.777777778;22.22222222;5.555555556;22.22222222
2021-05;National;DUNKERQUE;PARIS NORD;130;166;3;;7;6.142857143;0.263803681;;15;24.84111111;4.433333333;;12;27.55833333333329;5;0;26.66666667;46.66666667;6.666666667;0.0;13.33333333;6.666666667
2021-05;National;LYON PART DIEU;MARNE LA VALLEE;108;318;20;;158;11.28438819;6.108730159;;57;35.15730994;7.094160997732429;;46;40.32826087;16;9;21.05263158;19.29824561;10.52631579;5.263157895;3.50877193;40.35087719
2021-05;National;PARIS EST;METZ;87;229;24;;14;8.577380952;0.635691057;;11;19.01818182;1.00804878;;4;33.62916667;1;1;9.090909091;18.18181818;0.0;9.090909091;27.27272727;36.36363636
2021-05;National;PARIS LYON;LE CREUSOT MONTCEAU MONTCHANIN;77;198;6;;14;15.15714286;0.564496528;;12;23.23055556;1.959722222;;7;33.05714286;2;1;8.333333333;16.66666667;25.0;8.333333333;16.66666667;25.0
2021-05;National;PARIS LYON;MULHOUSE VILLE;173;203;16;;17;19.50882353;1.601693405;;8;41.78125;1.806951872;;6;51.23333333;3;1;25.0;25.0;0.0;12.5;12.5;25.0
2021-05;International;PARIS LYON;GENEVE;192;104;8;;4;14.5125;0.390972222;;10;39.41;5.424131944;;10;39.41;6;1;33.33333333;33.33333333;0.0;0.0;11.111111111111098;22.22222222
2021-05;National;PARIS MONTPARNASSE;TOURS;80;119;13;;14;4.317857143;0.208333333;;7;15.8952381;1.62672956;;3;22.56111111;0;0;14.28571429;14.28571429;0.0;28.57142857;14.28571429;28.57142857
2021-05;National;PARIS NORD;ARRAS;49;473;6;;48;12.52083333;1.058137045;;39;23.18931624;2.886188437;;20;36.25916667;11;2;28.20512821;25.64102564;7.692307692;0.0;15.38461538;23.07692308
2021-05;National;LAVAL;PARIS MONTPARNASSE;85;243;7;;72;5.910185185;1.747979798;;19;18.13596491;2.027922078;;5;36.69666667;3;1;26.31578947;26.31578947;15.78947368;5.263157895;5.263157895;21.05263158
2021-05;National;PARIS MONTPARNASSE;ANGERS SAINT LAUD;97;452;23;;47;4.285460993;0.158624709;;16;17.25416667;0.81045066;;5;28.533333333333296;2;0;25.0;18.75;12.5;25.0;6.25;12.5
2021-05;National;PARIS MONTPARNASSE;RENNES;104;690;42;;43;5.615503876;0.032021605;;37;25.98783784;1.463683128;;31;28.34301075;7;0;37.83783784;29.72972972972969;2.702702703;13.51351351;0.0;16.21621622
2021-05;International;PARIS LYON;BARCELONA;402;31;0;;3;13.51666667;1.205913978;;0;0.0;0.0;;0;0.0;0;0;0.0;0.0;0.0;0.0;0.0;0.0
2021-05;National;LYON PART DIEU;LILLE;188;276;7;;139;11.658992805755435;6.197621952545097;;47;36.00082842816658;6.193869856131545;;34;45.68921568627455;16;10;40.788790866632034;18.26673585884793;6.850025947067984;0.0;0.0;34.09444732745197
2021-05;National;MONTPELLIER;LYON PART DIEU;114;203;2;;52;11.43269231;3.017330017;;16;33.37708333;3.6791873963515807;;14;36.23452381;7;1;37.5;31.25;6.25;0.0;6.25;18.75
2021-05;National;PARIS LYON;NIMES;178;240;15;;18;12.89537037;0.153333333;;15;24.43777778;2.394222222;;7;36.29285714;3;1;20.0;33.33333333;6.666666667;20.0;13.33333333;6.666666667
2021-05;National;PARIS LYON;SAINT ETIENNE CHATEAUCREUX;181;72;22;;4;6.083333333;-0.052666667;;11;23.76515152;5.03;;11;23.76515152;2;0;72.72727272727269;9.090909091;0.0;9.090909091;9.090909091;0.0
2021-05;National;PARIS MONTPARNASSE;ANGOULEME;133;250;22;;21;8.034126984;0.380628655;;10;24.29333333;0.9706140350877192;;6;32.49722222;5;0;20.0;10.0;20.0;10.0;30.0;10.0
2021-05;International;PARIS EST;STUTTGART;213;77;2;;9;6.766666667;0.939555556;;1;19.23333333;0.683777778;;1;19.23333333;0;0;0.0;0.0;0.0;0.0;100.0;0.0
2021-05;National;MARNE LA VALLEE;LYON PART DIEU;108;341;25;;105;8.91047619;3.085343915;;32;26.56145833;3.572169312;;21;33.71984127;8;3;16.12903226;29.032258064516096;12.903225806451598;6.4516129032258105;12.903225806451598;22.58064516
2021-05;National;DOUAI;PARIS NORD;76;171;1;;54;5.070061728;1.685897436;;41;14.23658537;4.162426036;;12;26.60555556;3;0;15.0;30.0;25.0;0.0;17.5;12.5
2021-05;National;MACON LOCHE;PARIS LYON;95;257;12;;190;11.46236842;8.875918367;;61;26.20437158;7.729251701;;49;29.26122449;14;3;67.21311475;13.1147541;4.918032787;9.836065574;1.639344262;3.278688525
2021-05;National;PARIS MONTPARNASSE;POITIERS;101;474;35;;28;8.996428571;0.207820805;;24;18.93125;1.6788914198937002;;13;25.65;2;0;33.33333333;4.761904761904759;9.523809523809518;19.04761905;19.04761905;14.28571429
2021-05;National;PARIS MONTPARNASSE;QUIMPER;230;234;16;;21;4.657142857;0.126605505;;19;33.63157895;3.149082569;;19;33.63157895;7;1;47.36842105;15.78947368;0.0;0.0;0.0;36.84210526
2021-05;National;QUIMPER;PARIS MONTPARNASSE;231;238;19;;8;8.166666667;0.2996941896024459;;13;30.06025641;2.869036697;;13;30.06025641;3;1;46.15384615;23.07692308;0.0;23.07692308;0.0;7.692307692
2021-05;National;LYON PART DIEU;PARIS LYON;119;642;37;;213;9.173395931;3.290780731;;91;32.25531136;5.944518272;;73;37.00913242;32;11;34.06593407;14.28571429;3.296703297;12.087912087912098;13.18681319;23.07692308
2021-05;National;MARNE LA VALLEE;MARSEILLE ST CHARLES;212;237;28;;62;10.63037634;3.277990431;;23;38.53623188;7.858851675;;23;38.53623188;9;3;26.08695652;13.043478260869602;4.347826086956521;0.0;0.0;56.52173913
2021-05;National;MONTPELLIER;PARIS LYON;208;246;15;;89;11.5241573;3.323071325;;32;45.0078125;8.186390102;;32;45.0078125;15;9;34.375;31.25;12.5;6.25;9.375;6.25
2021-05;National;NANTES;PARIS MONTPARNASSE;135;479;30;;107;9.310903427;2.154417223;;25;33.724;2.168151448;;19;40.36666667;8;2;24.0;32.0;0.0;20.0;4.0;20.0
2021-05;National;RENNES;LYON PART DIEU;235;84;0;;20;9.8975;2.378968254;;9;39.80185185;5.267460317;;9;39.80185185;4;2;33.33333333;33.33333333;0.0;0.0;22.22222222;11.11111111
2021-05;National;RENNES;PARIS MONTPARNASSE;100;690;47;;228;7.49005848;2.638184664;;65;22.94128205;3.03017736;;36;31.41296296;10;3;26.15384615;32.30769231;4.615384615384619;16.92307692;1.5384615384615397;18.46153846
2021-05;National;STRASBOURG;NANTES;314;41;0;;4;5.6375;0.625609756;;4;72.775;6.505284552845529;;4;72.775;1;1;25.0;25.0;25.0;0.0;0.0;25.0
2021-05;International;ZURICH;PARIS LYON;244;77;9;;27;1.319753086;0.93995098;;3;34.72777778;1.68995098;;3;34.72777778;2;0;33.33333333;0.0;0.0;66.66666667;0.0;0.0
2021-05;National;MARSEILLE ST CHARLES;MARNE LA VALLEE;211;238;32;;21;11.21666667;1.010517799;;38;32.19035088;7.505097087;;38;32.19035088;12;3;26.31578947;21.05263158;10.52631579;5.263157895;5.263157895;31.57894737
2021-05;National;NANTES;STRASBOURG;322;41;0;;3;2.377777778;0.070731707;;0;0.0;0.216666667;;0;0.0;0;0;0.0;0.0;0.0;0.0;0.0;0.0
2021-05;National;PARIS LYON;AVIGNON TGV;161;382;26;;35;23.08333333;1.8432116104868896;;38;32.92061404;4.560533708;;28;39.98392857;13;3;23.68421053;13.15789474;2.631578947;26.31578947;10.52631579;23.68421053
2021-05;National;PARIS MONTPARNASSE;LE MANS;63;404;20;;26;7.163461538461541;0.148611111;;21;13.96587302;-0.332769097;;6;24.43888889;1;0;45.00000000000001;10.0;5.0;25.0;5.0;10.0
2021-05;National;PARIS MONTPARNASSE;TOULOUSE MATABIAU;266;166;1;;18;8.687037037;0.599292929;;13;34.45512821;2.666060606;;13;34.45512821;8;1;15.38461538;0.0;7.692307692;23.07692308;7.692307692;46.15384615
2021-05;National;TOULON;PARIS LYON;242;275;19;;48;22.61493056;4.175651042;;36;54.848148148148105;9.169856771;;36;54.84814815;20;11;27.77777778;25.0;2.7777777777777803;19.44444444;5.555555555555561;19.44444444
2021-05;International;BARCELONA;PARIS LYON;402;30;0;;0;0.0;0.0;;3;0.0;3.009444444;;3;22.11111111;0;0;33.33333333;33.33333333;0.0;33.33333333;0.0;0.0
2021-05;National;ANGOULEME;PARIS MONTPARNASSE;128;254;17;;54;7.016666667;1.457594937;;20;36.43833333;3.571518987;;14;46.52738095;8;5;30.0;20.0;5.0;25.0;0.0;20.0
2021-05;National;BESANCON FRANCHE COMTE TGV;PARIS LYON;131;176;11;;16;5.540625;0.070707071;;3;14.79444444;-0.000606061;;1;16.65;0;0;0.0;33.33333333;0.0;0.0;33.33333333;33.33333333
2021-05;National;BORDEAUX ST JEAN;PARIS MONTPARNASSE;143;828;43;;182;13.91886447;3.032845011;;83;39.51325301;4.914076433;;67;45.76044776;40;13;34.93975904;28.91566265;7.228915662650599;15.6626506;0.0;13.25301205
2021-05;National;GRENOBLE;PARIS LYON;180;171;15;;7;24.57142857;1.105021368;;12;29.4125;3.936431624;;4;60.1;3;1;16.66666667;25.0;25.0;0.0;8.333333333;25.0
2021-05;National;LILLE;PARIS NORD;71;537;8;;101;7.216831683168311;1.242916775307998;;84;17.903206034889198;3.629409996088908;;25;39.693333333333314;14;3;13.359788359788366;31.481481481481467;15.87301587;0.0;27.072310405643712;12.213403880070569
2021-05;National;NIMES;PARIS LYON;177;246;15;;76;14.95833333;4.955895197;;47;34.72092199;8.186390102;;32;45.0078125;15;9;31.91489362;34.04255319;14.89361702;6.382978723404251;6.382978723404251;6.382978723404251
2021-05;National;STRASBOURG;PARIS EST;122;405;32;;105;8.331904762;2.41535682;;16;41.18125;1.032204155;;14;45.08452381;10;2;12.5;0.0;43.75;12.5;18.75;12.5
2021-06;National;LILLE;PARIS NORD;70;539;0;;117;6.767663817663823;1.318571145069027;;78;17.512496947496963;2.9912763892022287;;25;34.28666666666666;7;2;16.92679301374956;18.03697510219249;26.27508361204014;8.012820512820513;20.498885172798225;10.249442586399113
2021-06;National;LYON PART DIEU;MARNE LA VALLEE;107;335;2;;161;14.70983437;7.185448137;;82;37.43109756;9.440281974;;70;41.56309524;38;13;31.70731707;26.82926829;14.63414634;7.317073170731709;2.43902439;17.07317073
2021-06;National;NANTES;PARIS MONTPARNASSE;136;491;0;;98;10.89438776;2.102002716;;61;32.89781421;5.127155465;;47;38.66950355;23;8;29.508196721311503;29.508196721311503;11.47540984;18.032786885245898;9.836065574;1.639344262
2021-06;National;RENNES;LYON PART DIEU;232;73;0;;25;12.01666667;4.225799087;;16;44.89791667;9.548401826;;16;44.89791667;11;4;18.75;43.75;6.25;6.25;0.0;25.0
2021-06;National;ARRAS;PARIS NORD;50;474;0;;167;6.727544910179641;2.414159605;;90;17.06462963;3.819420904;;25;36.11733333;10;1;18.60465116;18.60465116;29.06976744;19.76744186046509;10.46511628;3.488372093
2021-06;National;MULHOUSE VILLE;PARIS LYON;173;228;1;;68;9.075;2.749045521;;16;46.6375;2.416960352;;10;65.99;7;5;31.25;31.25;6.25;31.25;0.0;0.0
2021-06;National;NANCY;PARIS EST;94;248;0;;66;7.453282828;2.062163978;;32;36.19166667;4.694556452;;20;51.98583333;8;6;18.75;53.125;0.0;3.125;15.625;9.375
2021-06;National;PARIS EST;REIMS;46;206;1;;25;14.308;1.66699187;;16;32.52083333;2.787723577;;11;42.62424242;5;2;20.0;20.0;13.33333333;13.33333333;26.66666667;6.666666667
2021-06;National;PARIS LYON;AVIGNON TGV;160;410;0;;49;19.6462585;2.101300813;;64;44.69270833;7.530934959;;53;51.0591195;32;14;36.50793651;12.6984127;3.1746031746031704;28.57142857;12.6984127;6.349206349206351
2021-06;National;PARIS MONTPARNASSE;ANGOULEME;133;241;0;;25;12.16333333;0.784094053;;11;26.96060606;1.37538036;;8;31.82291667;2;0;20.0;10.0;10.0;20.0;20.0;20.0
2021-06;International;PARIS LYON;GENEVE;192;112;0;;9;3.9833333333333294;0.14672619;;4;32.69583333;1.666517857;;4;32.69583333;2;0;25.0;50.0;0.0;0.0;0.0;25.0
2021-06;International;PARIS LYON;LAUSANNE;226;86;0;;7;3.10952381;0.061627907;;6;35.25;4.154457364;;6;35.25;3;0;16.66666667;83.33333333;0.0;0.0;0.0;0.0
2021-06;National;PARIS LYON;DIJON VILLE;96;316;0;;20;17.135;0.9381856540084392;;12;27.14722222;0.478059072;;7;36.73095238;3;1;16.66666667;8.333333333;0.0;41.66666667;33.33333333;0.0
2021-06;National;PARIS MONTPARNASSE;ANGERS SAINT LAUD;99;452;0;;58;8.719252874;0.896792035;;35;25.4;3.0320059;;18;36.97314815;9;2;26.47058824;32.35294118;2.941176471;11.76470588;5.882352941;20.58823529
2021-06;National;METZ;PARIS EST;86;219;0;;69;13.18816425;4.210121766;;36;35.0375;6.197564688;;25;46.472;11;5;19.44444444;25.0;30.555555555555603;11.11111111;11.11111111;2.7777777777777803
2021-06;National;RENNES;PARIS MONTPARNASSE;99;735;0;;320;7.819010417;3.4439229024943296;;95;28.87877193;4.743809524;;63;36.84285714;24;5;12.903225806451598;45.161290322580605;7.526881720430111;13.978494623655898;9.677419355;10.75268817
2021-06;National;MARSEILLE ST CHARLES;MARNE LA VALLEE;211;274;2;;40;18.8575;2.642892157;;51;48.53562092;9.733517157;;51;48.53562092;29;12;37.254901960784295;19.60784314;15.68627451;9.803921569;1.960784314;15.68627451
2021-06;National;MARSEILLE ST CHARLES;PARIS LYON;197;539;0;;93;19.07867384;3.071042831;;79;61.0685654;9.27361887;;79;61.068565400843895;57;22;40.506329113924096;29.11392405;3.797468354;2.53164557;5.063291139240509;18.98734177
2021-06;National;PARIS MONTPARNASSE;TOURS;80;146;0;;12;3.683333333;0.05;;8;13.99375;1.212785388;;3;19.60555556;0;0;12.5;25.0;12.5;25.0;0.0;25.0
2021-06;National;TOULOUSE MATABIAU;PARIS MONTPARNASSE;262;203;0;;22;24.22121212;2.580131363;;30;47.93111111111111;8.295648604;;30;47.93111111;19;8;30.0;33.33333333;6.666666667;16.66666667;3.333333333;10.0
2021-06;National;PARIS NORD;ARRAS;48;462;1;;53;12.95628931;1.479898771;;42;24.25;2.880911063;;20;39.835;13;2;22.500000000000004;15.0;15.0;2.5;20.0;25.0
2021-06;National;TOULON;PARIS LYON;243;303;0;;72;19.04027778;4.560561056;;50;71.94533333;11.7580308;;50;71.94533333;36;17;42.0;28.000000000000004;6.0;2.0;10.0;12.0
2021-06;National;BESANCON FRANCHE COMTE TGV;PARIS LYON;131;176;0;;18;14.39259259;0.984943182;;10;44.16666667;2.049905303;;5;74.20666667;4;3;30.0;20.0;10.0;30.0;10.0;0.0
2021-06;National;BORDEAUX ST JEAN;PARIS MONTPARNASSE;142;838;1;;213;12.87120501;3.140083632;;97;33.17920962;4.881561131;;70;40.6797619;38;11;28.125;26.041666666666703;9.375;20.833333333333297;6.25;9.375
2021-06;National;MARNE LA VALLEE;MARSEILLE ST CHARLES;212;274;0;;102;10.43480392;3.95958486;;49;48.04557823;9.174114774;;49;48.04557823;32;11;40.81632653;12.244897959183698;10.204081632653102;10.204081632653102;6.12244898;20.40816327
2021-06;International;STUTTGART;PARIS EST;210;85;0;;0;0.0;0.0;;4;0.0;2.673809524;;4;71.8;2;1;25.0;25.0;25.0;25.0;0.0;0.0
2021-06;National;PARIS MONTPARNASSE;RENNES;104;735;0;;111;7.777627628;0.94829932;;51;24.86568627;2.062585034;;31;32.48548387;9;2;13.7254902;23.52941176;5.882352941;21.56862745;11.76470588;23.52941176
2021-06;National;PARIS MONTPARNASSE;ST PIERRE DES CORPS;69;432;1;;44;6.151515152;0.224052591;;20;22.9775;1.231167827;;9;36.04074074;2;1;10.0;10.0;10.0;45.0;0.0;25.0
2021-06;International;BARCELONA;PARIS LYON;401;30;0;;0;0.0;0.0;;2;0.0;3.055;;2;66.2;2;1;50.0;0.0;0.0;50.0;0.0;0.0
2021-06;National;AIX EN PROVENCE TGV;PARIS LYON;187;443;0;;130;11.38435897;3.307918552;;57;49.88654971;5.917232278;;56;50.57886905;38;13;38.59649123;24.56140351;5.263157895;5.263157895;8.771929825;17.54385965
2021-06;National;PARIS LYON;MARSEILLE ST CHARLES;193;561;1;;63;21.45026455;2.168095238;;83;50.56706827;9.164494048;;83;50.56706827;53;20;48.19277108;13.25301205;0.0;22.89156627;6.024096386;9.638554217
2021-06;National;QUIMPER;PARIS MONTPARNASSE;228;235;0;;10;10.79;0.473504274;;18;41.06203704;5.003062678;;18;41.06203704;9;2;23.52941176;64.70588235;0.0;5.882352941176469;5.882352941176469;0.0
2021-06;National;REIMS;PARIS EST;46;206;0;;41;6.27804878;1.350566343;;22;25.95833333;2.9572815533980603;;9;48.77222222;7;4;31.81818182;45.454545454545496;4.545454545454549;4.545454545454549;9.090909091;4.545454545454549
2021-06;International;PARIS LYON;ITALIE;428;62;0;;5;5.06;0.331182796;;7;51.92857143;3.677419355;;7;51.92857143;5;1;0.0;60.0;20.0;20.0;0.0;0.0
2021-06;National;LE CREUSOT MONTCEAU MONTCHANIN;PARIS LYON;79;186;0;;74;12.63716216;4.983422939;;30;28.47666667;4.640412186;;19;38.87894737;9;3;7.142857143;42.85714286;3.571428571;7.142857143;17.85714286;21.42857143
2021-06;National;MARSEILLE ST CHARLES;TOURCOING;304;30;0;;7;27.26904762;6.056111111;;7;47.64285714;10.61666667;;7;47.64285714;4;2;14.28571429;28.57142857;14.28571429;28.57142857;0.0;14.28571429
2021-06;National;MONTPELLIER;LYON PART DIEU;114;170;0;;58;12.99798851;4.548224852;;33;41.67121212;9.368540434;;28;46.80535714;19;7;51.51515152;18.18181818;12.12121212;6.060606061;6.060606061;6.060606061
2021-06;National;PARIS LYON;BELLEGARDE (AIN);163;116;0;;9;3.9833333333333294;0.128304598;;8;37.77708333;4.590804598;;6;45.69166667;3;1;12.5;75.0;0.0;0.0;0.0;12.5
2021-06;National;PARIS LYON;LYON PART DIEU;119;613;2;;64;13.28359375;1.121713039;;52;27.33461538;2.492771413;;42;30.72261905;14;2;3.921568627;58.823529411764696;0.0;15.68627451;11.76470588;9.803921568627452
2021-06;National;PARIS LYON;NIMES;176;241;2;;28;10.78928571;1.064435146;;37;33.1981982;6.134379358;;30;37.94611111;12;5;41.66666667;25.0;0.0;25.0;5.555555556;2.777777778
2021-06;National;PARIS MONTPARNASSE;LAVAL;88;237;0;;29;9.133908046;0.701547117;;18;15.37592593;2.064767932;;5;27.863333333333298;2;0;23.52941176;11.76470588;11.76470588;23.52941176;0.0;29.41176471
2021-06;National;PARIS MONTPARNASSE;NANTES;140;469;0;;60;8.469722222;0.860056859;;35;27.11238095;2.6267590618336905;;24;33.41180556;9;1;37.142857142857096;14.28571429;8.571428571;5.714285714;8.571428571;25.71428571
2021-06;National;PARIS MONTPARNASSE;VANNES;159;246;0;;41;8.320325203;1.276422764;;31;25.91935484;4.906504065;;21;32.11904762;8;1;9.677419355;29.032258064516096;6.4516129032258105;22.58064516;6.4516129032258105;25.80645161
2021-06;National;LE MANS;PARIS MONTPARNASSE;59;389;0;;152;8.954385965;3.54209622;;63;21.31957672;3.815635739;;36;30.14351852;11;2;19.04761905;33.33333333;14.28571429;14.28571429;15.87301587;3.1746031746031704
2021-06;National;PARIS LYON;BESANCON FRANCHE COMTE TGV;129;154;0;;9;24.8462963;1.308658009;;7;32.2952381;1.660822511;;6;35.39166667;2;1;42.85714286;0.0;0.0;14.28571429;42.85714286;0.0
2021-06;National;PARIS LYON;LE CREUSOT MONTCEAU MONTCHANIN;79;206;0;;16;15.11354167;0.947411003;;17;21.24411765;1.205097087;;8;35.2875;4;0;6.25;12.5;0.0;37.5;37.5;6.25
2021-06;National;SAINT ETIENNE CHATEAUCREUX;PARIS LYON;179;69;0;;25;5.364;1.994852941;;5;56.68;6.364215686;;5;56.67999999999999;4;2;0.0;60.0;0.0;0.0;20.0;20.0
2021-06;National;VANNES;PARIS MONTPARNASSE;160;257;0;;71;6.971596244;2.002140078;;27;32.53148148;4.796757458;;20;38.76333333;9;2;20.0;64.0;8.0;4.0;4.0;0.0
2021-06;National;BELLEGARDE (AIN);PARIS LYON;161;120;0;;32;5.8953125;1.6112500000000003;;9;25.15;0.758333333;;6;30.441666666666706;3;0;0.0;66.66666667;11.11111111;11.11111111;0.0;11.11111111
2021-06;National;BORDEAUX ST JEAN;TOURCOING;319;30;0;;3;9.555555556;0.742777778;;1;22.0;-1.866666667;;1;22.0;0;0;0.0;0.0;0.0;100.0;0.0;0.0
2021-06;National;DIJON VILLE;PARIS LYON;98;297;0;;82;9.16199187;2.601858108;;15;45.75666667;1.973198198;;8;74.01666667;6;5;40.0;20.0;6.666666667;26.66666667;6.666666667;0.0
2021-06;National;LA ROCHELLE VILLE;PARIS MONTPARNASSE;171;178;0;;10;5.8;0.331367041;;4;24.50833333;2.012921348;;2;35.18333333;1;0;25.0;0.0;25.0;25.0;0.0;25.0
2021-06;National;PARIS LYON;NICE VILLE;356;239;2;;20;23.6575;1.60161744;;30;54.74666666666669;7.216947961;;30;54.74666667;24;10;46.66666667;16.66666667;3.333333333;20.0;6.666666667;6.666666667
2021-06;National;PARIS MONTPARNASSE;BREST;231;234;1;;39;5.641025641;0.784191702;;12;39.29166667;2.474248927;;12;39.29166667;3;3;25.0;33.33333333;8.333333333;16.66666667;0.0;16.66666667
2021-06;National;PARIS NORD;LILLE;68;492;0;;54;12.565432098765442;1.1746273712737143;;43;23.44227177;1.7307926829268312;;19;40.01666666666668;10;3;37.20930233;13.953488372093036;2.325581395348836;4.651162790697676;16.27906976744186;25.58139535
2021-06;National;VALENCE ALIXAN TGV;PARIS LYON;132;411;0;;167;16.16556886;6.922938144;;98;44.37397959;8.525945017;;84;49.55912698;52;23;27.55102041;30.6122449;17.34693878;10.204081632653102;2.040816327;12.244897959183698
2021-06;National;PARIS MONTPARNASSE;LE MANS;63;419;0;;44;11.835227272727302;0.776412092;;39;16.62264957;0.687151949;;11;33.68030303;4;0;28.94736842;10.52631579;7.894736842;13.15789474;13.15789474;26.31578947
2021-06;National;LILLE;MARSEILLE ST CHARLES;299;201;0;;22;17.094696969696972;1.645439469320068;;32;49.589015151515135;8.249834162520736;;32;50.73281249999999;20;8;37.5;15.625;9.374999999999998;12.499999999999998;6.249999999999998;18.75
2021-06;National;LYON PART DIEU;MONTPELLIER;115;208;1;;82;14.115853658536604;5.118599034;;40;34.71583333;6.738808374;;26;46.26346154;14;7;25.0;25.0;10.0;20.0;12.5;7.5
2021-06;National;CHAMBERY CHALLES LES EAUX;PARIS LYON;183;141;0;;95;12.551052631578898;8.418452381;;40;29.84416667;9.634166667;;38;30.66754386;11;2;67.5;5.0;15.0;7.5;2.5;2.5
2021-06;National;PARIS MONTPARNASSE;ST MALO;161;98;0;;12;7.595833333333329;0.387755102;;9;38.80185185;3.879421769;;7;46.37857143;4;2;22.22222222;22.22222222;0.0;33.33333333;0.0;22.22222222
2021-06;International;PARIS LYON;BARCELONA;399;29;0;;1;36.3;1.356321839;;0;0.0;0.0;;0;0.0;0;0;0.0;0.0;0.0;0.0;0.0;0.0
2021-06;National;PARIS LYON;ANNECY;222;136;1;;9;24.52592593;1.479012346;;9;45.05555556;5.181481481;;9;45.05555556;5;3;11.11111111;55.55555556;0.0;33.33333333;0.0;0.0
2021-06;International;FRANCFORT;PARIS EST;235;120;0;;52;4.370833333;2.207843137;;9;37.36481481;4.082492997;;9;37.36481481;3;1;22.22222222;11.11111111;33.33333333;22.22222222;0.0;11.11111111
2021-06;International;GENEVE;PARIS LYON;192;116;0;;77;2.592640693;1.967385057;;5;26.93666667;0.281321839;;5;26.936666666666703;2;0;0.0;60.0;0.0;20.0;0.0;20.0
2021-06;National;ANGOULEME;PARIS MONTPARNASSE;128;242;0;;59;8.845762712;2.094559229;;15;30.24777778;2.971418733;;11;36.78939394;5;2;20.0;13.33333333;0.0;20.0;26.66666667;20.0
2021-06;National;BREST;PARIS MONTPARNASSE;230;241;0;;12;33.00138889;1.65;;19;49.25263157894741;5.573582296;;19;49.25263158;12;3;21.05263158;52.63157895;5.263157895;10.52631579;5.263157895;5.263157895
2021-06;National;DOUAI;PARIS NORD;75;192;0;;53;3.310377358;1.012982456;;35;15.82428571;3.549122807;;10;30.21166667;3;0;17.64705882;17.64705882;35.29411765;23.529411764705905;2.941176471;2.941176471
2021-06;National;LYON PART DIEU;RENNES;235;73;0;;32;19.56041667;8.608447489;;17;47.63235294;14.387442922374396;;17;47.63235294;11;4;29.41176471;29.41176471;0.0;0.0;5.882352941;35.29411765
2021-06;National;MARSEILLE ST CHARLES;LILLE;284;199;0;;25;18.400666666666663;2.243634840871021;;36;62.143093596059096;8.959547738693468;;36;50.21203703703708;20;9;44.44444444444443;16.666666666666675;5.5555555555555545;8.333333333333334;8.333333333333337;16.666666666666647
2021-06;National;NANTES;STRASBOURG;320;38;0;;4;7.391666667;0.60877193;;6;38.72777778;6.934210526315791;;6;38.72777778;3;1;33.33333333;16.66666667;16.66666667;16.66666667;0.0;16.66666667
2021-06;National;PERPIGNAN;PARIS LYON;308;183;0;;32;19.39010417;3.279761905;;41;51.64512195;11.685897435897498;;41;51.64512195121949;25;12;31.70731707;29.26829268;17.07317073;17.07317073;0.0;4.878048780487811
2021-06;National;ST MALO;PARIS MONTPARNASSE;159;90;0;;2;26.08333333;0.604444444;;12;26.325;4.41037037;;11;27.47121212;3;0;8.333333333;41.66666667;8.333333333;16.66666667;25.0;0.0
2021-06;National;MONTPELLIER;PARIS LYON;206;251;0;;118;16.65310734;5.955378486;;61;49.45546448087431;12.72961487;;61;49.45546448087429;39;18;24.59016393;29.508196721311503;16.39344262;13.1147541;1.639344262;14.754098360655703
2021-06;National;PARIS LYON;MACON LOCHE;95;183;0;;15;20.34444444;1.5143898;;13;35.64487179;2.874863388;;10;42.585;8;0;8.333333333333329;41.66666667;0.0;33.33333333;16.66666667;0.0
2021-06;National;ST PIERRE DES CORPS;PARIS MONTPARNASSE;64;431;0;;104;5.81875;1.570852713;;44;17.13295455;2.352131783;;10;42.08333333;6;2;9.756097561;14.63414634;24.3902439;19.51219512;7.317073170731709;24.3902439
2021-06;National;MARNE LA VALLEE;LYON PART DIEU;107;366;0;;152;9.374890351;3.99775641;;47;31.14397163;4.765384615;;36;36.65324074;14;3;11.11111111;26.66666667;6.666666667;24.44444444;13.33333333;17.77777778
2021-06;National;TOURCOING;BORDEAUX ST JEAN;303;30;0;;8;27.375;7.352777778;;6;49.8;9.35;;6;49.79999999999999;4;2;0.0;16.66666667;0.0;66.66666667;0.0;16.66666667
2021-06;National;LYON PART DIEU;MARSEILLE ST CHARLES;105;410;1;;151;13.74072848;5.114629177;;85;41.01882353;9.510920945;;69;47.45362319;38;17;40.476190476190496;15.47619048;5.952380952;10.71428571;4.761904761904761;22.61904762
2021-06;National;POITIERS;PARIS MONTPARNASSE;96;372;0;;80;6.419166666666671;1.136163522;;32;17.6453125;2.250539084;;11;32.14545455;4;1;16.12903226;19.35483871;19.35483871;9.677419355;6.4516129032258105;29.032258064516096
2021-06;National;MARSEILLE ST CHARLES;LYON PART DIEU;104;401;0;;76;10.75416667;1.814214464;;60;35.1225;6.689276808;;45;42.50925926;30;11;50.84745763;15.25423729;8.474576271;6.779661017;5.084745763;13.55932203
2021-06;National;PARIS EST;METZ;87;222;0;;30;13.24055556;1.867042042;;24;25.26388889;3.021546547;;11;42.51515152;6;1;4.166666666666671;29.166666666666703;25.0;16.66666667;16.66666667;8.333333333
2021-06;International;PARIS EST;STUTTGART;203;81;0;;14;11.625;2.20781893;;0;0.0;0.0;;0;0.0;0;0;0.0;0.0;0.0;0.0;0.0;0.0
2021-06;National;NIMES;PARIS LYON;176;251;0;;101;20.481683168316803;8.227224436;;71;44.36877934;12.72961487;;61;49.45546448087429;39;18;22.53521127;29.57746479;21.12676056;11.26760563;1.408450704;14.08450704
2021-06;National;ANGERS SAINT LAUD;PARIS MONTPARNASSE;97;466;0;;282;7.463061465721031;4.661889368;;69;28.72777778;4.876077586;;46;37.56630435;22;7;25.75757576;31.81818182;16.66666667;16.66666667;9.090909091;0.0
2021-06;National;NICE VILLE;PARIS LYON;355;245;0;;28;18.73154762;1.419467213;;46;73.27644928;11.85314208;;46;73.27644928;33;16;41.30434783;28.26086957;4.347826086956521;2.1739130434782603;10.86956522;13.043478260869602
2021-06;National;PARIS EST;NANCY;95;240;0;;29;16.9862069;2.174027778;;20;36.79583333;3.5294444444444406;;17;40.90882353;12;2;25.0;25.0;20.0;0.0;0.0;30.0
2021-06;National;PARIS LYON;TOULON;239;320;1;;27;22.07222222;1.606217346;;53;44.26823899;7.682915361;;53;44.26823899;29;12;39.21568627;13.7254902;7.843137254901962;25.49019608;5.882352941;7.843137254901962
2021-06;National;PARIS MONTPARNASSE;LA ROCHELLE VILLE;180;180;0;;18;13.22592593;1.00712963;;11;33.63636364;2.908333333;;9;38.11111111;6;2;9.090909091;9.090909091;9.090909091;27.27272727;18.18181818;27.27272727
2021-06;International;PARIS EST;FRANCFORT;228;124;0;;14;9.604761905;1.271639785;;8;26.677083333333297;4.392069892;;8;26.67708333;2;0;25.0;37.5;25.0;12.5;0.0;0.0
2021-06;International;ZURICH;PARIS LYON;244;86;1;;31;1.984946237;1.145833333;;5;57.77333333;1.654761905;;5;57.77333333;3;2;20.0;40.0;0.0;40.0;0.0;0.0
2021-06;National;ANNECY;PARIS LYON;226;132;0;;2;2.5;0.018829517;;20;32.76416667;5.992875318;;20;32.76416667;7;1;60.0;5.0;20.0;10.0;0.0;5.0
2021-06;National;PARIS EST;STRASBOURG;125;410;2;;63;14.97724868;2.414665033;;25;43.55;2.381576797;;23;46.28623188;16;5;8.0;40.0;4.0;28.000000000000004;12.0;8.0
2021-06;National;PARIS LYON;MONTPELLIER;206;241;0;;28;10.78928571;1.097164592;;36;36.72453704;6.116182573;;36;36.72453704;13;6;36.11111111;27.77777778;0.0;19.44444444;8.333333333;8.333333333
2021-06;National;PARIS MONTPARNASSE;QUIMPER;228;238;2;;41;8.320325203;1.327683616;;13;30.15384615;1.754237288;;13;30.15384615;4;0;15.38461538;30.76923077;0.0;15.38461538;0.0;38.46153846
2021-06;National;STRASBOURG;NANTES;309;38;2;;6;2.744444444;0.597685185;;3;42.06111111;4.783796296;;3;42.06111111;2;0;100.0;0.0;0.0;0.0;0.0;0.0
2021-06;National;PARIS LYON;CHAMBERY CHALLES LES EAUX;177;131;0;;8;16.56875;0.924045802;;11;46.80454545;4.361195929;;10;50.01833333;6;3;0.0;90.90909090909088;0.0;9.090909091;0.0;0.0
2021-06;National;PARIS LYON;MULHOUSE VILLE;172;222;0;;15;18.45;1.079279279;;12;27.6;1.752102102;;9;32.18888889;3;1;27.27272727;18.18181818;0.0;27.27272727;27.27272727;0.0
2021-06;International;ITALIE;PARIS LYON;444;62;0;;34;4.794117647;2.782258065;;22;30.39621212121209;13.57258065;;22;30.39621212;6;1;68.18181818;4.545454545454549;13.63636364;4.545454545454549;4.545454545454549;4.545454545454549
2021-06;National;LYON PART DIEU;LILLE;186;288;0;;134;15.351990049751256;7.1717592592592565;;60;38.09938255152807;8.509606481481448;;51;42.18594771241827;30;10;30.000000000000043;23.33333333333332;16.666666666666693;6.666666666666663;8.333333333333334;15.00000000000001
2021-06;National;PARIS LYON;VALENCE ALIXAN TGV;130;326;0;;35;14.1147619;0.994274029;;25;25.07466667;2.222290389;;18;29.55740741;3;1;4.347826086956521;52.17391304;0.0;21.73913043;13.043478260869602;8.695652173913041
2021-06;National;PARIS MONTPARNASSE;TOULOUSE MATABIAU;268;207;3;;23;7.26884058;0.430882353;;18;56.26018518518521;5.475081699;;18;56.26018519;13;5;16.66666667;44.44444444;11.11111111;5.555555555555561;0.0;22.22222222
2021-06;National;TOURS;PARIS MONTPARNASSE;77;150;0;;9;7.244444444;0.342222222;;16;13.734375;2.623444444;;3;29.52777778;1;0;7.142857143;7.142857143;42.85714286;14.28571429;7.142857143;21.42857143
2021-06;International;LAUSANNE;PARIS LYON;227;86;0;;79;2.597257384;2.454651163;;0;0.0;-0.481395349;;0;0.0;0;0;0.0;0.0;0.0;0.0;0.0;0.0
2021-06;National;MACON LOCHE;PARIS LYON;96;255;0;;169;13.5504931;8.97627451;;66;26.72525253;7.913986928;;45;32.85444444;17;2;54.54545455;12.12121212;12.12121212;10.60606061;3.03030303;7.575757576
2021-06;National;PARIS LYON;AIX EN PROVENCE TGV;182;393;2;;45;21.11814815;2.005072464;;57;50.05409356725151;8.6342711;;56;50.72857143;33;13;47.36842105;12.28070175;3.50877193;22.80701754;5.263157895;8.771929825
2021-06;National;DUNKERQUE;PARIS NORD;128;166;0;;7;34.57142857;1.466666667;;19;31.89210526;5.211616162;;12;42.97083333;6;1;42.105263157894704;15.78947368;10.52631579;26.31578947;0.0;5.263157895
2021-06;National;GRENOBLE;PARIS LYON;181;179;0;;6;6.833333333333331;0.229050279;;23;29.07391304;4.266387337;;14;39.186904761904806;8;1;21.73913043;47.82608696;13.043478260869602;8.695652173913041;4.347826086956521;4.347826086956521
2021-06;National;PARIS LYON;GRENOBLE;183;180;0;;5;11.81;0.308240741;;16;41.09375;4.427777778;;15;42.83333333;9;2;0.0;56.25;0.0;37.5;6.25;0.0
2021-06;National;PARIS NORD;DOUAI;71;139;0;;10;11.53166667;0.64940048;;18;18.01481481;3.220263789;;7;31.2952381;3;0;18.75;18.75;25.0;12.5;12.5;12.5
2021-06;National;PARIS NORD;DUNKERQUE;130;166;2;;22;9.362121212;1.302134146;;16;27.3125;2.740853659;;10;36.0;5;2;14.28571429;28.57142857;14.28571429;7.142857143;7.142857143;28.57142857
2021-06;National;STRASBOURG;PARIS EST;123;384;1;;117;6.847008547;2.141557876;;30;49.35611111;3.7810269799825895;;25;56.55533333;14;7;20.0;30.0;20.0;6.666666667;10.0;13.33333333
2021-06;International;PARIS LYON;ZURICH;244;76;0;;6;8.855555556;0.464473684;;7;30.76904762;4.970394737;;7;30.76904762;4;0;0.0;28.57142857;28.57142857;14.28571429;0.0;28.57142857
2021-06;National;AVIGNON TGV;PARIS LYON;165;454;0;;143;12.23822844;3.662701909;;71;42.3584507;6.608406755;;60;47.61277778;38;13;38.02816901;28.16901408;8.450704225;5.633802817;4.225352113;15.49295775
2021-06;National;LAVAL;PARIS MONTPARNASSE;84;236;0;;69;8.614492754;2.484463277;;36;22.25277778;4.0625;;24;28.024999999999995;7;0;8.333333333;44.44444444;2.7777777777777803;27.77777778;11.11111111;5.555555555555561
2021-06;National;LILLE;LYON PART DIEU;185;297;0;;45;8.492962962962961;1.2528058361391663;;38;30.66781144781141;5.081257014590332;;30;36.37666666666664;11;2;8.234295415959256;33.61629881154496;5.263157894736842;19.43972835;11.205432937181651;22.24108658743632
2021-06;National;LYON PART DIEU;PARIS LYON;118;658;1;;223;7.894245142002991;2.72394402;;74;35.20900901;4.768346056;;60;40.45388889;28;10;10.81081081;45.94594595;2.702702703;5.405405405;13.51351351;21.62162162
2021-06;National;PARIS LYON;PERPIGNAN;301;187;2;;19;12.25263158;1.086396396;;23;54.27826087;7.968468468;;23;54.27826087;19;7;52.17391304;43.47826087;0.0;4.347826086956521;0.0;0.0
2021-06;National;PARIS LYON;SAINT ETIENNE CHATEAUCREUX;178;70;2;;9;5.037037037;0.70122549;;5;25.73666667;2.269607843;;4;28.75833333;2;0;20.0;80.0;0.0;0.0;0.0;0.0
2021-06;National;PARIS MONTPARNASSE;BORDEAUX ST JEAN;147;847;0;;108;8.508487654;0.879437229;;46;31.11086957;1.790928768;;41;33.24634146;11;5;22.22222222;22.22222222;2.222222222;20.0;8.888888888888891;24.44444444
2021-06;National;PARIS MONTPARNASSE;POITIERS;101;446;0;;42;8.084126984;0.498019432;;24;27.45277778;2.173430493;;13;41.05384615;6;2;4.347826086956521;4.347826086956521;8.695652173913041;43.47826087;4.347826086956521;34.7826087
2021-07;National;PARIS LYON;NICE VILLE;354;317;1;;49;20.18537415;2.402689873;;37;44.33918919;6.004061181;;37;44.33918919;22;11;45.94594595;10.81081081;8.108108108;21.62162162;8.108108108;5.405405405
2021-07;National;PARIS MONTPARNASSE;ANGOULEME;135;252;3;;43;14.12054264;2.1562249;;24;31.38541667;4.06961178;;19;36.0254386;10;1;8.333333333;12.5;4.166666666666671;12.5;20.83333333;41.66666667
2021-07;International;ITALIE;PARIS LYON;446;57;1;;26;1.923076923;1.071428571;;26;28.20512821;16.13869048;;26;28.20512821;11;0;53.84615385;11.53846154;15.38461538;11.53846154;7.692307692;0.0
2021-07;International;PARIS LYON;ZURICH;243;115;1;;13;17.14615385;1.773538012;;14;42.28095238;7.071783626;;14;42.28095238;7;4;7.692307692;15.38461538;15.38461538;38.46153846;7.692307692;15.38461538
2021-07;National;DUNKERQUE;PARIS NORD;131;172;12;;3;19.33333333;0.352201258;;7;39.07380952;2.978406709;;7;39.07380952380951;4;1;14.28571429;14.28571429;42.85714286;14.28571429;14.28571429;0.0
2021-07;National;LYON PART DIEU;MARNE LA VALLEE;108;385;3;;185;12.61783784;6.158092738;;72;37.17986111;8.029046369;;54;45.26080247;24;12;19.44444444;6.944444444;26.38888889;23.611111111111104;11.11111111;12.5
2021-07;National;LYON PART DIEU;RENNES;234;87;1;;52;8.068589744;4.793217054;;14;79.00357143;15.295155038759702;;14;79.00357143;9;6;35.71428571;28.57142857;28.57142857;0.0;0.0;7.142857143
2021-07;National;MARSEILLE ST CHARLES;PARIS LYON;200;514;0;;104;11.45977564;2.124204029;;37;44.42837838;3.576023392;;37;44.42837838;20;7;27.02702703;32.43243243;0.0;16.21621622;10.81081081;13.51351351
2021-07;National;PARIS EST;REIMS;46;192;1;;25;10.258;1.407853403;;13;21.62307692;1.788656195;;8;29.35625;1;1;25.0;0.0;16.66666667;8.333333333333329;25.0;25.0
2021-07;National;PARIS LYON;BELLEGARDE (AIN);163;201;0;;24;17.03611111;1.884494196;;26;31.23269231;5.398092869;;23;33.5615942;7;3;38.46153846;30.76923077;3.846153846;23.07692308;3.846153846;0.0
2021-07;National;PARIS MONTPARNASSE;NANTES;138;551;5;;83;15.26004016;2.10648318;;56;36.72589286;4.026422018;;47;41.20070922;25;8;28.57142857;10.71428571;7.142857143;19.64285714;10.71428571;23.21428571
2021-07;National;PARIS MONTPARNASSE;QUIMPER;228;250;1;;52;14.26955128;2.802517007;;40;58.21249999999999;9.632653061;;40;58.2125;23;8;15.0;27.500000000000004;2.5;17.5;10.0;27.500000000000004
2021-07;National;MACON LOCHE;PARIS LYON;98;201;1;;111;10.199999999999998;5.689530988;;37;22.10315315;4.645561139;;22;28.49393939;6;1;43.24324324;16.21621622;16.21621622;2.702702703;16.21621622;5.405405405
2021-07;National;NIMES;PARIS LYON;177;329;1;;166;14.81425703;7.662229102167179;;70;42.23452381;8.486016512;;60;46.99277777777781;36;12;50.72463768;11.5942029;15.94202899;7.246376812;5.7971014492753605;8.695652173913041
2021-07;National;PARIS LYON;MARSEILLE ST CHARLES;195;537;0;;70;19.07285714;2.255369336;;47;42.04361702;5.510986965;;47;42.04361702;24;8;31.91489362;12.765957446808502;6.382978723404251;36.17021277;8.510638298;4.255319149
2021-07;National;PARIS MONTPARNASSE;BREST;230;224;2;;41;11.07845528;1.91021021;;16;65.125;5.371621622;;16;65.125;8;4;0.0;37.5;0.0;18.75;6.25;37.5
2021-07;National;TOURCOING;BORDEAUX ST JEAN;303;31;0;;3;5.0;0.509139785;;3;43.01666667;2.660752688;;3;43.01666667;1;1;66.66666667;0.0;0.0;33.33333333;0.0;0.0
2021-07;National;PARIS LYON;MACON LOCHE;97;150;0;;17;11.53039216;1.144222222;;17;22.63235294;3.385;;12;26.544444444444405;2;0;5.882352941;17.64705882;11.76470588;35.29411765;17.64705882;11.76470588
2021-07;National;POITIERS;PARIS MONTPARNASSE;95;465;11;;136;11.79754902;3.273641703;;65;33.28128205;5.814537445;;36;51.31851852;11;7;16.12903226;9.677419355;11.29032258;20.96774194;14.51612903;27.419354838709697
2021-07;International;STUTTGART;PARIS EST;205;145;0;;0;0.0;0.0;;9;0.0;2.430885781;;9;40.01481481;3;2;0.0;0.0;88.88888888888889;0.0;0.0;11.11111111
2021-07;National;AIX EN PROVENCE TGV;PARIS LYON;189;421;0;;188;10.35044326;4.62442597;;36;46.09953704;3.93317498;;36;46.09953704;17;8;27.77777778;22.22222222;2.7777777777777803;11.11111111;13.88888889;22.22222222
2021-07;National;LILLE;PARIS NORD;69;585;14;;130;5.247435897;1.1404420087266811;;54;15.433665716999014;1.5840772840418311;;16;33.203125;7;1;9.401709401709397;1.851851852;47.079772079772056;3.703703703703704;32.407407407407405;5.555555556
2021-07;National;PARIS MONTPARNASSE;ST PIERRE DES CORPS;69;451;5;;61;15.08825137;1.7914798206278102;;51;29.57712418;3.9931240657697606;;29;44.10747126;17;6;4.0;18.0;20.0;28.000000000000004;10.0;20.0
2021-07;National;ANGERS SAINT LAUD;PARIS MONTPARNASSE;97;492;2;;311;9.051768489;5.883641342;;69;47.24830918;7.064168378;;56;55.22738095;31;20;14.49275362;34.7826087;8.695652173913041;20.28985507;4.347826086956521;17.39130435
2021-07;National;RENNES;PARIS MONTPARNASSE;100;793;10;;293;11.1754835;4.268618619;;111;35.11156156;5.573230373;;74;46.30810811;39;14;21.81818182;16.36363636;7.272727273;19.09090909;14.54545455;20.909090909090896
2021-07;National;TOULON;PARIS LYON;244;361;0;;114;10.46754386;3.30567867;;32;37.55572917;3.020729455;;32;37.55572917;15;3;34.375;21.875;3.125;15.625;3.125;21.875
2021-07;National;BORDEAUX ST JEAN;PARIS MONTPARNASSE;143;930;8;;351;17.17872745;5.890427072;;134;56.25087065;9.72155266;;111;65.1536036;56;27;18.939393939393906;23.48484848;10.60606061;14.39393939;12.87878788;19.6969697
2021-07;National;CHAMBERY CHALLES LES EAUX;PARIS LYON;194;164;1;;113;14.68613569;10.10869121;;50;28.071666666666697;9.942535787;;44;30.15113636;22;1;60.0;12.0;10.0;14.000000000000002;4.0;0.0
2021-07;National;LA ROCHELLE VILLE;PARIS MONTPARNASSE;174;236;4;;20;20.6;1.783261494;;23;46.67608696;5.764152298850581;;21;49.82539683;9;5;21.73913043;13.043478260869602;13.043478260869602;21.73913043;4.347826086956521;26.08695652
2021-07;International;GENEVE;PARIS LYON;193;154;0;;102;2.6700980392156897;2.036471861;;10;23.555;2.835497835;;10;23.555;2;0;30.0;40.0;0.0;0.0;20.0;10.0
2021-07;National;BORDEAUX ST JEAN;TOURCOING;319;31;0;;11;12.26363636;4.2;;5;73.0;8.612903226;;5;73.0;4;2;20.0;40.0;20.0;0.0;20.0;0.0
2021-07;National;NANTES;STRASBOURG;326;57;0;;8;23.8125;3.25952381;;8;112.6020833;15.32678571;;8;112.6020833;7;7;12.5;12.5;12.5;12.5;12.5;37.5
2021-07;National;PARIS MONTPARNASSE;TOULOUSE MATABIAU;268;242;2;;58;12.72988506;2.911875;;37;42.025225225225206;7.530902778;;37;42.02522523;18;5;16.66666667;13.88888889;11.11111111;13.88888889;13.88888889;30.555555555555603
2021-07;National;SAINT ETIENNE CHATEAUCREUX;PARIS LYON;173;118;0;;17;4.843137255;0.455172414;;7;18.9047619;1.88908046;;4;22.30833333;0;0;16.66666667;0.0;0.0;33.33333333;33.33333333;16.66666667
2021-07;International;FRANCFORT;PARIS EST;238;163;4;;99;4.183333333;2.809660297;;15;36.00222222;4.739278132;;15;36.00222222222221;4;2;20.0;0.0;40.0;20.0;13.33333333;6.666666667
2021-07;International;PARIS LYON;GENEVE;192;182;0;;22;18.41666667;2.048717949;;20;35.81833333;4.602930403;;20;35.81833333;9;3;40.0;30.0;5.0;20.0;5.0;0.0
2021-07;National;BREST;PARIS MONTPARNASSE;230;244;2;;13;14.02179487;0.762691771;;21;42.46349206;5.212203626;;21;42.46349206;9;5;28.57142857;28.57142857;0.0;28.57142857;4.761904762;9.523809524
2021-07;National;LE CREUSOT MONTCEAU MONTCHANIN;PARIS LYON;81;203;0;;98;8.12585034;3.974834983498349;;28;21.04345238;2.995957096;;13;34.41923077;6;1;11.11111111;7.407407407;22.22222222;14.81481481;11.11111111;33.33333333
2021-07;National;PARIS LYON;PERPIGNAN;303;258;5;;44;9.495833333;1.536363636;;50;43.152;10.28636364;;50;43.152;31;6;34.69387755;22.44897959;14.28571429;22.44897959;0.0;6.12244898
2021-07;National;PARIS LYON;SAINT ETIENNE CHATEAUCREUX;176;118;1;;13;10.396153846153798;0.598717949;;6;19.62222222;0.459116809;;3;26.57777778;1;0;66.66666667;16.66666667;16.66666667;0.0;0.0;0.0
2021-07;National;PARIS NORD;DUNKERQUE;132;159;2;;26;7.233974359;1.295859873;;13;24.0;2.834394904;;9;28.777777777777803;3;0;30.76923077;15.38461538;30.76923077;7.692307692;15.38461538;0.0
2021-07;National;PERPIGNAN;PARIS LYON;309;270;1;;61;12.89508197;2.138910013;;49;45.11258503;8.512357414;;49;45.11258503;28;8;55.10204082;14.28571429;12.244897959183698;12.244897959183698;0.0;6.12244898
2021-07;International;PARIS EST;FRANCFORT;235;173;4;;22;5.381818182;0.821499014;;17;25.61078431;5.123668639;;17;25.61078431;4;0;20.0;13.33333333;40.0;13.33333333;6.666666667;6.666666667
2021-07;International;ZURICH;PARIS LYON;244;122;0;;50;1.844;1.181404959;;9;37.50555556;2.280853994;;9;37.50555556;3;2;0.0;33.33333333;11.11111111;22.22222222;11.11111111;22.22222222
2021-07;National;PARIS LYON;GRENOBLE;181;145;0;;13;17.23589744;1.491149425;;11;35.81818182;3.444827586;;11;35.81818182;5;1;27.27272727;9.090909091;9.090909091;18.18181818;9.090909091;27.27272727
2021-07;National;PARIS LYON;MONTPELLIER;207;320;1;;54;10.677777777777798;1.529937304;;41;34.81666667;5.963113898;;41;34.81666667;17;6;19.51219512;21.95121951;7.317073170731709;39.02439024;4.878048780487811;7.317073170731709
2021-07;National;QUIMPER;PARIS MONTPARNASSE;227;254;5;;27;23.74259259;2.5901881720430096;;25;50.516;6.922446237;;25;50.51599999999999;15;6;32.0;32.0;4.0;16.0;4.0;12.0
2021-07;National;TOULOUSE MATABIAU;PARIS MONTPARNASSE;263;229;0;;33;23.95707071;3.046637427;;38;73.20219298;13.726315789473702;;38;73.20219298;23;13;21.05263158;28.94736842;7.894736842;7.894736842;10.52631579;23.68421053
2021-07;National;NICE VILLE;PARIS LYON;357;308;0;;39;12.14871795;1.434147666;;28;32.75238095;2.55917481;;28;32.75238095;11;1;32.14285714;21.42857143;3.571428571;17.85714286;3.571428571;21.42857143
2021-07;National;PARIS LYON;CHAMBERY CHALLES LES EAUX;187;132;0;;20;16.05833333;2.449747475;;9;36.59259259;5.732828283;;9;36.59259259;5;1;22.22222222;22.22222222;0.0;44.44444444;11.11111111;0.0
2021-07;National;LE MANS;PARIS MONTPARNASSE;60;410;3;;189;12.16878307;5.713978495;;78;37.47970085;7.219396195;;45;57.77148148;22;10;16.883116883116898;15.58441558;12.98701299;18.18181818;14.28571429;22.077922077922103
2021-07;National;MARSEILLE ST CHARLES;TOURCOING;301;31;0;;7;17.09285714;3.584408602;;4;43.75;6.903225806;;4;43.75;2;1;0.0;0.0;25.0;50.0;0.0;25.0
2021-07;National;PARIS LYON;NIMES;177;321;1;;54;10.677777777777798;1.6512500000000003;;64;25.61041667;6.139479167;;40;33.50791667;15;5;25.42372881;11.86440678;13.55932203;38.98305085;6.779661017;3.389830508
2021-07;National;PARIS MONTPARNASSE;POITIERS;103;500;5;;68;14.91862745;1.758215488;;50;29.695;3.862996633;;31;40.55537634;18;4;6.25;16.66666667;6.25;22.91666667;14.58333333;33.33333333
2021-07;National;PARIS MONTPARNASSE;ST MALO;163;122;2;;23;14.20724638;2.576805556;;13;39.98461538;4.465277778;;9;51.54259259;7;3;15.38461538;23.07692308;7.692307692;7.692307692;15.38461538;30.76923077
2021-07;National;BESANCON FRANCHE COMTE TGV;PARIS LYON;133;154;0;;17;6.500980392;0.290413943;;6;47.75555556;0.818736383;;3;82.12222222;2;2;33.33333333;16.66666667;0.0;16.66666667;0.0;33.33333333
2021-07;National;LILLE;LYON PART DIEU;185;359;1;;90;7.185740740740743;1.8016251378831447;;37;36.62499800876142;4.921112192782495;;26;45.80512820512821;11;5;24.324324324324305;24.324324324324305;5.405405405405409;5.405405405405409;2.702702702702708;37.83783783783781
2021-07;National;MARNE LA VALLEE;MARSEILLE ST CHARLES;213;286;0;;141;8.716312057;4.371911422;;41;43.23333333;7.430710955710959;;41;43.23333333;19;11;36.58536585;4.878048780487811;2.43902439;14.63414634;4.878048780487811;36.58536585
2021-07;National;PARIS MONTPARNASSE;TOURS;79;139;2;;18;18.36759259;2.240389294;;20;31.3425;5.541727494;;12;46.09305556;9;3;0.0;10.52631579;21.05263158;36.84210526;5.263157895;26.31578947
2021-07;International;PARIS EST;STUTTGART;199;144;2;;28;12.03095238;2.54471831;;0;0.0;0.0;;0;0.0;0;0;0.0;0.0;0.0;0.0;0.0;0.0
2021-07;National;LILLE;MARSEILLE ST CHARLES;299;228;0;;23;14.51956521739132;1.2735061311009144;;30;43.64156314699794;6.664438455505798;;30;43.69500000000001;13;8;30.00000000000002;6.666666666666665;3.333333333333332;10.0;6.666666666666667;43.33333333333333
2021-07;National;LYON PART DIEU;MONTPELLIER;115;245;0;;96;13.75347222;5.424285714;;48;51.92326389;10.85965986;;39;60.70384615384619;26;10;18.75;31.25;10.41666667;18.75;8.333333333;12.5
2021-07;National;PARIS EST;METZ;86;239;0;;34;8.953431373;1.339051604;;24;16.10625;1.908298466;;7;33.52857143;2;1;43.47826087;4.347826086956521;17.39130435;17.39130435;13.043478260869602;4.347826086956521
2021-07;National;PARIS MONTPARNASSE;RENNES;104;773;6;;140;15.35011905;2.566927423;;75;48.52177778;4.954150369;;58;58.84683908;30;16;13.33333333;22.66666667;6.666666667;17.33333333;17.33333333;22.66666667
2021-07;National;RENNES;LYON PART DIEU;240;91;0;;19;19.65438596;3.472222222;;9;63.3037037;5.92;;9;63.30370370370369;6;2;33.33333333;22.22222222;0.0;0.0;22.22222222;22.22222222
2021-07;National;DOUAI;PARIS NORD;75;171;4;;42;3.2805555555555594;0.892971888;;20;12.72916667;1.916164659;;3;37.80555556;2;0;15.0;15.0;35.0;0.0;20.0;15.0
2021-07;National;VANNES;PARIS MONTPARNASSE;157;306;5;;157;8.435031847;4.469055556;;44;37.73560606;6.821555555555559;;30;48.91;19;6;25.0;25.0;4.545454545454549;13.63636364;9.090909091;22.72727272727269
2021-07;National;AVIGNON TGV;PARIS LYON;166;465;0;;227;8.512848752;4.085197133;;48;35.00243056;3.907419355;;33;44.93333333;16;7;25.0;20.83333333;8.333333333;14.58333333;12.5;18.75
2021-07;National;DIJON VILLE;PARIS LYON;98;303;0;;96;10.315625;3.312181617;;20;37.7625;1.706810631;;10;61.345000000000006;7;5;10.52631579;15.78947368;15.78947368;21.05263158;15.78947368;21.05263158
2021-07;National;NANTES;PARIS MONTPARNASSE;136;536;3;;170;10.41970588;3.199906191;;73;48.78744292;7.672357724;;61;55.65737705;32;21;16.43835616;34.24657534;10.95890411;17.80821918;5.479452055;15.06849315
2021-07;National;PARIS LYON;TOULON;237;406;0;;61;17.98469945;2.46001642;;44;43.06704545;4.983128079;;44;43.06704545;19;10;45.454545454545496;6.818181818;9.090909091;27.27272727;6.818181818;4.545454545454549
2021-07;National;ST MALO;PARIS MONTPARNASSE;168;114;0;;5;16.14333333;0.548099415;;15;31.438888888888904;4.324853801;;10;40.56333333;6;1;26.66666667;13.33333333;13.33333333;6.666666667;13.33333333;26.66666667
2021-07;National;MARNE LA VALLEE;LYON PART DIEU;108;417;1;;263;7.925348542458809;5.085296474;;41;33.86747967;4.52431891;;26;45.42179487;10;5;26.82926829;24.3902439;4.878048780487811;7.317073170731709;4.878048780487811;31.70731707
2021-07;National;REIMS;PARIS EST;46;192;0;;43;4.934496124;1.18125;;7;20.74761905;1.068229167;;4;28.35;1;0;57.142857142857096;14.28571429;14.28571429;0.0;14.28571429;0.0
2021-07;National;PARIS LYON;LYON PART DIEU;120;569;0;;60;12.34027778;1.1533099;;36;29.19351852;1.9305213825424703;;27;34.1308642;9;2;13.88888889;25.0;8.333333333;19.44444444;19.44444444;13.88888889
2021-07;National;PARIS MONTPARNASSE;VANNES;157;302;1;;60;12.859999999999998;2.3835578;;60;41.89166667;9.18013468;;42;54.226190476190496;25;11;13.55932203;30.50847458;3.389830508;18.6440678;8.474576271;25.42372881
2021-07;International;LAUSANNE;PARIS LYON;225;121;0;;100;4.116;3.500826446;;8;50.97291667;4.268181818;;8;50.97291667;6;3;12.5;37.5;12.5;0.0;25.0;12.5
2021-07;National;BELLEGARDE (AIN);PARIS LYON;163;177;0;;62;4.552956989;1.666384181;;20;18.58333333;2.378907721;;10;23.555;2;0;25.0;30.0;20.0;0.0;15.0;10.0
2021-07;National;MARSEILLE ST CHARLES;LYON PART DIEU;103;443;1;;98;11.45612245;2.395248869;;51;33.50522876;5.737292609;;31;46.54784946;15;10;28.000000000000004;18.0;22.0;14.000000000000002;10.0;8.0
2021-07;National;PARIS LYON;VALENCE ALIXAN TGV;131;416;1;;64;12.52552083;1.785582329;;52;26.39519231;3.9451807228915694;;36;32.17037037;11;5;21.15384615;19.23076923;3.846153846;40.38461538461541;11.53846154;3.846153846
2021-07;International;PARIS LYON;ITALIE;441;58;3;;12;23.16666667;5.176060606;;11;33.59090909;6.054545455;;11;33.59090909;4;1;22.22222222;44.44444444;0.0;22.22222222;11.11111111;0.0
2021-07;National;GRENOBLE;PARIS LYON;179;136;0;;3;3.333333333;0.079044118;;11;26.43939394;2.299754902;;6;37.73055556;3;1;18.18181818;9.090909091;54.54545455;0.0;9.090909091;9.090909091
2021-07;National;PARIS EST;STRASBOURG;125;510;1;;72;13.31342593;1.990242305;;21;43.3515873;0.919155206;;18;48.60185185;12;6;14.28571429;0.0;4.761904762;47.61904762;14.28571429;19.04761905
2021-07;National;PARIS MONTPARNASSE;BORDEAUX ST JEAN;146;930;8;;215;12.77782946;2.774511931;;109;36.17798165;4.852205351;;89;41.19962547;37;15;14.67889908;9.174311927;4.587155963;21.100917431192705;16.51376147;33.94495413
2021-07;National;TOURS;PARIS MONTPARNASSE;78;121;4;;11;15.74848485;1.503561254;;15;17.18222222;3.191452991;;3;53.33333333333329;3;1;8.333333333;16.66666667;33.33333333;8.333333333;25.0;8.333333333
2021-07;National;VALENCE ALIXAN TGV;PARIS LYON;133;465;1;;293;14.046416382252602;8.935755604;;86;40.72751938;7.538322487;;71;46.53732394;43;13;51.1627907;13.95348837;12.79069767;8.139534883720929;4.651162791;9.302325581395351
2021-07;National;PARIS LYON;AIX EN PROVENCE TGV;183;409;0;;59;19.908757062146904;2.436878566;;38;43.36184211;5.531010595;;37;44.20720721;17;7;23.68421053;18.42105263;2.631578947;44.73684211;7.894736842;2.631578947
2021-07;National;PARIS NORD;LILLE;68;567;2;;73;8.770776255707762;1.0727433628318588;;39;17.810785189596984;0.5482890855457203;;15;28.33666667;4;0;19.36507936507939;5.616605616605614;2.808302808302807;19.58485958;25.05494505494508;27.57020757020759
2021-07;National;STRASBOURG;NANTES;322;56;0;;13;3.502564103;0.9678571428571427;;11;58.93484848;13.31696429;;11;58.93484848;6;4;0.0;27.27272727;18.18181818;27.27272727;9.090909091;18.18181818
2021-07;National;PARIS MONTPARNASSE;ANGERS SAINT LAUD;98;511;6;;81;15.126748971193402;2.212607261;;52;30.49551282;3.743168317;;37;37.59099099;19;5;21.15384615;11.53846154;9.615384615;21.15384615;13.46153846;23.07692308
2021-07;National;ARRAS;PARIS NORD;50;505;24;;170;5.776764706;2.098475398;;64;14.56432292;2.3033957033957004;;15;34.89333333;7;1;9.523809524;11.11111111;41.26984127;3.1746031746031704;22.22222222;12.6984127
2021-07;National;MARSEILLE ST CHARLES;LILLE;284;199;0;;32;26.57604166666668;4.181825795644895;;35;62.35465374228397;11.248241206030142;;35;59.71190476;17;10;19.999999999999982;2.857142857142857;19.999999999999982;17.142857142857125;14.285714285714285;25.71428571428569
2021-07;National;MONTPELLIER;LYON PART DIEU;114;190;1;;65;16.42051282;5.627336861;;29;45.94482759;8.438800705;;21;58.32142857142859;10;6;31.03448276;0.0;24.13793103;27.5862069;10.34482759;6.896551724
2021-07;National;PARIS EST;NANCY;95;249;0;;45;4.784814815;0.783935743;;16;28.65520833;2.239959839;;8;43.74791667;3;2;6.25;12.5;12.5;31.25;0.0;37.5
2021-07;National;STRASBOURG;PARIS EST;123;479;1;;202;8.393069307;3.566387727;;34;30.3254902;1.923396095;;20;42.11583333;8;5;14.70588235;8.823529412;47.05882353;8.823529412;17.64705882;2.941176471
2021-07;National;ANNECY;PARIS LYON;237;137;1;;10;14.0;1.029411765;;21;29.34365079;5.912622549;;21;29.34365079;9;1;57.142857142857096;9.523809524;14.28571429;14.28571429;4.761904762;0.0
2021-07;National;LAVAL;PARIS MONTPARNASSE;87;247;3;;71;16.44014085;4.779781421;;41;37.01626016;6.601775956;;26;52.34807692;13;6;32.5;2.5000000000000004;5.000000000000001;17.5;22.5;20.000000000000004
2021-07;National;MARSEILLE ST CHARLES;MARNE LA VALLEE;212;284;1;;48;21.455902777777805;3.497467609;;43;54.60310078;9.529564193;;43;54.60310078;24;12;25.58139535;6.976744186;16.27906977;20.93023256;13.95348837;16.27906977
2021-07;National;NANCY;PARIS EST;94;258;0;;59;7.31920904;1.73120155;;17;21.46764706;1.401421189;;4;58.44583333;3;2;18.75;31.25;6.25;6.25;31.25;6.25
2021-07;National;PARIS NORD;DOUAI;70;138;0;;12;5.579166667;0.4102657;;16;12.63020833;2.441908213;;3;23.66666667;0;0;15.38461538;0.0;46.15384615;0.0;30.76923077;7.692307692
2021-07;National;MONTPELLIER;PARIS LYON;208;329;1;;192;12.18723958;7.190388548057259;;60;46.99277778;9.696267894;;60;46.99277777777781;36;12;51.66666666666671;13.33333333;11.66666667;8.333333333;6.666666667;8.333333333
2021-07;National;PARIS LYON;MULHOUSE VILLE;170;237;0;;21;16.11190476;1.291842475;;21;33.6031746;3.572292546;;18;36.96018519;9;2;4.761904762;23.80952381;9.523809524;33.33333333;4.761904762;23.80952381
2021-07;National;PARIS NORD;ARRAS;48;488;0;;70;7.672142857;1.113046448;;43;15.12596899;1.585826503;;14;25.8452381;4;0;14.28571429;4.761904762;19.04761905;19.04761905;21.428571428571395;21.428571428571395
2021-07;National;LYON PART DIEU;PARIS LYON;120;578;1;;233;6.330901287553649;2.62293472;;43;25.389534883720906;2.310976314;;30;30.91055556;11;2;16.66666667;7.142857143;14.28571429;11.9047619;14.28571429;35.71428571
2021-07;National;PARIS LYON;AVIGNON TGV;161;463;0;;68;18.92156863;2.516234701;;52;35.77371795;4.97537797;;40;42.5325;21;7;23.07692308;13.46153846;13.46153846;36.53846154;11.53846154;1.923076923
2021-07;National;PARIS LYON;BESANCON FRANCHE COMTE TGV;130;147;0;;9;13.75740741;0.716326531;;8;27.39791667;1.938548753;;7;29.09285714;2;0;0.0;37.5;12.5;12.5;0.0;37.5
2021-07;National;PARIS LYON;DIJON VILLE;96;337;0;;22;15.503787878787902;0.860731949;;20;33.01333333;2.249950544;;18;35.0537037;8;2;5.0;30.0;5.0;25.0;10.0;25.0
2021-07;National;PARIS LYON;LE CREUSOT MONTCEAU MONTCHANIN;81;208;0;;16;9.053125;0.622435897;;10;30.32166667;1.059935897;;6;42.50277778;3;1;20.0;20.0;10.0;20.0;20.0;10.0
2021-07;International;BARCELONA;PARIS LYON;405;60;0;;0;0.0;0.0;;16;0.0;12.05621469;;16;40.203125;8;2;56.25;6.25;12.5;12.5;0.0;12.5
2021-07;National;PARIS MONTPARNASSE;LE MANS;63;441;6;;72;18.41111111;2.790996169;;66;28.13358586;3.773103448;;31;48.60376344;16;8;13.63636364;9.090909091;13.63636364;22.72727272727269;24.24242424;16.66666667
2021-07;International;PARIS LYON;LAUSANNE;227;121;0;;9;17.90740741;1.112672176;;16;36.01041667;5.600550964;;16;36.01041667;5;3;13.33333333;20.0;6.666666667;26.66666667;13.33333333;20.0
2021-07;National;METZ;PARIS EST;86;241;2;;78;9.717094017;3.033333333;;35;21.47047619;3.423849372;;12;41.25277778;4;2;26.47058824;17.64705882;41.17647059;2.941176471;8.823529412;2.941176471
2021-07;National;PARIS LYON;ANNECY;225;134;1;;14;8.957142857;0.777944862;;9;36.83333333;5.488721805;;9;36.83333333;6;0;44.44444444;22.22222222;0.0;22.22222222;11.11111111;0.0
2021-07;National;PARIS MONTPARNASSE;LA ROCHELLE VILLE;180;228;3;;26;15.99230769;1.457259259;;27;32.25925926;5.253333333;;22;36.54545455;11;2;7.692307692;23.07692308;3.846153846;34.61538462;0.0;30.76923077
2021-07;National;LYON PART DIEU;LILLE;190;327;0;;159;11.925681341719043;5.798063200815489;;57;35.60965832;7.880937818552497;;48;45.67847222222221;20;11;17.54385965;5.263157895;24.56140351;19.29824561;8.771929825;24.56140351
2021-07;National;PARIS MONTPARNASSE;LAVAL;90;237;4;;34;21.58627451;2.854434907;;24;38.44652778;4.753576538;;16;51.8875;10;5;20.83333333;12.5;12.5;25.0;8.333333333;20.83333333
2021-07;National;ST PIERRE DES CORPS;PARIS MONTPARNASSE;64;464;12;;142;8.558450704;2.84921875;;76;19.23991228;3.987053571;;30;33.94666667;9;4;12.5;18.05555556;23.61111111;13.88888889;11.11111111;20.83333333
2021-07;International;PARIS LYON;BARCELONA;397;61;1;;13;8.079487179;1.657777778;;0;0.0;0.0;;0;0.0;0;0;0.0;0.0;0.0;0.0;0.0;0.0
2021-07;National;ANGOULEME;PARIS MONTPARNASSE;131;260;4;;95;8.024912281;2.921391076;;43;45.57751937984499;7.302493438;;31;58.02849462;10;5;11.9047619;16.66666667;11.9047619;23.80952381;14.28571429;21.428571428571395
2021-07;National;LYON PART DIEU;MARSEILLE ST CHARLES;105;482;0;;239;12.73675035;6.322510373;;100;31.88083333;8.232399723;;74;38.46418919;26;13;29.0;17.0;16.0;13.0;6.0;19.0
2021-07;National;MULHOUSE VILLE;PARIS LYON;171;236;0;;80;5.509583333;1.908262712;;15;36.85333333;1.584392655;;11;45.33636364;4;3;13.33333333;20.0;13.33333333;20.0;13.33333333;20.0
2021-08;International;FRANCFORT;PARIS EST;238;175;3;;115;3.334347826;2.415686275;;20;42.93833333;6.951862745;;20;42.93833333;8;2;30.0;0.0;25.0;30.0;10.0;5.0
2021-08;National;BELLEGARDE (AIN);PARIS LYON;164;179;1;;89;6.192883895131071;3.0069288389513105;;24;24.62361111;4.738857678;;11;38.71363636;5;2;12.5;29.166666666666703;45.83333333;4.166666666666671;8.333333333;0.0
2021-08;National;PARIS LYON;MULHOUSE VILLE;170;241;0;;20;9.296666667;0.611479945;;8;22.85625;1.602627939;;4;32.55416667;2;0;37.5;0.0;12.5;12.5;25.0;12.5
2021-08;International;ZURICH;PARIS LYON;244;100;0;;33;1.460606061;0.969333333;;2;24.03333333;-0.319833333;;2;24.03333333;0;0;50.0;0.0;50.0;0.0;0.0;0.0
2021-08;National;AIX EN PROVENCE TGV;PARIS LYON;191;422;0;;187;7.943939394;3.523973144;;35;32.94380952;3.489336493;;35;32.94380952;15;4;34.285714285714306;14.28571429;8.571428571;14.28571429;5.714285714;22.857142857142904
2021-08;National;ARRAS;PARIS NORD;50;510;1;;166;6.929718875502011;2.281955381;;73;17.0913242;2.929986877;;21;34.55714286;8;2;11.594202898550702;17.39130435;33.33333333;13.043478260869602;18.84057971;5.7971014492753605
2021-08;National;VANNES;PARIS MONTPARNASSE;157;314;0;;183;4.408287796;2.617993631;;23;30.75797101;2.941666667;;13;44.61538462;7;3;26.08695652;21.73913043;8.695652173913041;17.391304347826097;0.0;26.08695652
2021-08;National;RENNES;LYON PART DIEU;240;92;0;;12;24.254166666666706;3.242490842;;1;255.8666667;2.9697802197802194;;1;255.8666667;1;1;0.0;0.0;0.0;0.0;0.0;100.0
2021-08;National;STRASBOURG;NANTES;321;58;0;;8;11.08333333;1.663793103;;4;48.975;4.341666667;;4;48.975;3;1;0.0;0.0;25.0;75.0;0.0;0.0
2021-08;National;PARIS LYON;MARSEILLE ST CHARLES;196;533;0;;77;20.4487013;2.71300813;;56;38.07827381;5.827642276;;56;38.07827381;26;8;8.928571429;8.928571429;5.357142857;33.92857143;12.5;30.35714286
2021-08;National;PARIS MONTPARNASSE;POITIERS;102;497;0;;42;12.29166667;0.647820255;;24;24.90902778;1.797250168;;18;29.600000000000005;7;0;12.5;4.166666666666671;20.83333333;8.333333333;20.83333333;33.33333333
2021-08;International;ITALIE;PARIS LYON;448;67;1;;37;1.594594595;1.046153846;;34;28.79264706;17.33564103;;34;28.79264706;9;1;58.823529411764696;11.76470588;17.64705882;8.823529412;2.941176471;0.0
2021-08;National;LE CREUSOT MONTCEAU MONTCHANIN;PARIS LYON;83;196;0;;103;6.722977346;3.543127148;;39;19.01196581;4.322766323;;15;34.88555556;7;2;8.823529412;5.882352941;35.29411765;2.941176471;8.823529412;38.23529412
2021-08;National;PARIS LYON;VALENCE ALIXAN TGV;133;408;0;;54;20.28611111;2.5541258169934498;;52;30.62788462;4.655473856;;33;40.53333333;21;4;7.692307692;11.53846154;15.38461538;36.53846154;7.692307692;21.15384615
2021-08;National;PARIS MONTPARNASSE;LE MANS;63;447;0;;60;15.74277778;1.852833706;;29;25.63965517;0.267263236;;18;35.13240741;7;2;3.448275862;3.448275862;0.0;24.13793103;44.827586206896605;24.13793103
2021-08;National;QUIMPER;PARIS MONTPARNASSE;227;258;0;;15;2.184444444;0.138132296;;10;39.08833333;2.159662776;;10;39.08833333;4;2;30.0;30.0;0.0;30.0;0.0;10.0
2021-08;National;ST PIERRE DES CORPS;PARIS MONTPARNASSE;63;465;0;;100;8.959;2.067455197;;31;26.21129032;1.67265233;;12;52.70694444444441;5;3;6.4516129032258105;12.903225806451598;25.80645161;16.12903226;6.4516129032258105;32.25806452
2021-08;National;BORDEAUX ST JEAN;PARIS MONTPARNASSE;142;945;2;;315;12.49809524;4.064916932;;109;33.74510703;4.325980912;;82;40.66890244;36;11;14.95327103;28.037383177570103;9.345794393;14.018691588785002;4.672897196;28.97196262
2021-08;National;CHAMBERY CHALLES LES EAUX;PARIS LYON;195;171;1;;121;15.43085399;10.99418146;;51;28.01862745;11.47366864;;51;28.018627450980404;14;1;58.823529411764696;11.76470588;15.68627451;7.843137255;5.882352941;0.0
2021-08;National;LILLE;PARIS NORD;68;596;0;;106;5.524056603773585;0.8631829998247398;;64;18.42283446968981;2.017797351519095;;24;31.84791666666669;6;2;11.205357142857135;12.946428571428577;29.285714285714253;4.955357142857142;22.5;19.10714285714283
2021-08;National;LYON PART DIEU;RENNES;235;88;1;;57;7.770175439;5.08908046;;10;42.49;7.348850575;;10;42.49;5;2;40.0;0.0;10.0;30.0;0.0;20.0
2021-08;National;PARIS LYON;BELLEGARDE (AIN);164;201;0;;25;17.37933333;1.981177446;;28;31.91607143;5.921393034825871;;22;37.06818182;12;2;21.42857143;28.57142857;10.71428571;28.57142857;10.71428571;0.0
2021-08;National;PARIS MONTPARNASSE;ANGOULEME;135;254;0;;29;15.60862069;1.417519685;;22;29.78939394;3.057808399;;17;34.84803922;9;1;18.18181818;9.090909091;9.090909091;9.090909091;27.27272727;27.27272727
2021-08;National;ANGERS SAINT LAUD;PARIS MONTPARNASSE;97;497;0;;245;6.608095238;3.387474747;;40;36.79125;3.066801347;;30;45.35611111;16;6;20.0;35.0;2.5;7.5;10.0;25.0
2021-08;National;NIMES;PARIS LYON;180;327;0;;172;11.99835271;6.3915123456790095;;71;29.97488263;7.854218107;;64;31.81432292;26;2;50.70422535;15.49295775;9.85915493;2.816901408;9.85915493;11.26760563
2021-08;National;ANNECY;PARIS LYON;238;138;0;;6;11.20833333;0.4938405797101449;;32;26.00208333;8.362318841;;32;26.00208333;8;0;56.25;12.5;15.625;9.375;6.25;0.0
2021-08;International;GENEVE;PARIS LYON;194;157;0;;98;3.222789116;2.251061571;;10;34.145;4.703715499;;10;34.145;4;1;20.0;10.0;50.0;10.0;10.0;0.0
2021-08;International;PARIS LYON;LAUSANNE;228;114;0;;16;15.27083333;1.94371345;;11;34.93636364;4.661403509;;11;34.93636364;5;1;40.0;20.0;0.0;30.0;10.0;0.0
2021-08;National;LILLE;MARSEILLE ST CHARLES;301;224;0;;15;27.42444444444443;1.6001488095238106;;28;44.80928571428573;5.814657738095241;;28;44.558333333333344;14;6;10.71428571428572;10.71428571428572;7.1428571428571495;10.71428571428572;10.71428571428572;50.0
2021-08;National;LE MANS;PARIS MONTPARNASSE;60;435;0;;172;7.219864341;2.872796935;;45;25.461851851851897;2.624559387;;18;47.39537037;8;5;11.36363636;47.72727273;4.545454545454549;13.63636364;2.2727272727272703;20.45454545
2021-08;International;PARIS LYON;ZURICH;243;100;0;;6;8.75;0.308833333;;8;28.52708333333329;4.172;;8;28.52708333;2;0;0.0;14.28571429;28.57142857;28.57142857;28.57142857;0.0
2021-08;National;BORDEAUX ST JEAN;TOURCOING;318;31;0;;12;9.623611111;3.535483871;;1;29.0;-2.548387097;;1;29.0;0;0;0.0;0.0;0.0;0.0;0.0;100.0
2021-08;National;LAVAL;PARIS MONTPARNASSE;87;268;0;;68;7.831862745;1.9128109452736304;;28;20.9297619;2.179850746;;13;30.91410256;4;1;7.407407407;25.925925925925903;3.703703704;44.44444444;3.703703704;14.81481481
2021-08;National;RENNES;PARIS MONTPARNASSE;100;825;0;;258;6.948643411;2.233922764;;72;26.57916667;2.252947154;;38;39.63552632;19;8;23.94366197183101;19.71830986;7.042253521126759;19.71830986;2.816901408;26.76056338
2021-08;National;TOURS;PARIS MONTPARNASSE;77;121;0;;7;4.433333333;0.147058824;;6;14.74444444;0.576610644;;3;21.516666666666698;0;0;0.0;16.66666667;16.66666667;16.66666667;0.0;50.0
2021-08;International;LAUSANNE;PARIS LYON;227;130;0;;101;3.454125412541249;2.765641026;;8;54.84791667;4.981025641;;8;54.84791667;5;2;25.0;25.0;12.5;25.0;0.0;12.5
2021-08;National;LILLE;LYON PART DIEU;186;357;0;;77;7.105844155844158;1.4937156355440948;;45;33.26711804455703;6.001926892;;35;38.68952380952381;20;4;15.55555555555554;8.888888889;11.11111111111111;15.55555555555554;26.66666666666664;22.222222222222207
2021-08;National;PARIS LYON;CHAMBERY CHALLES LES EAUX;188;138;0;;16;11.09166667;1.217270531;;16;27.778125;6.123671498;;12;32.7625;8;0;14.28571429;28.57142857;14.28571429;42.85714286;0.0;0.0
2021-08;National;ST MALO;PARIS MONTPARNASSE;168;118;0;;5;20.78;0.7884180790960449;;9;26.333333333333304;1.894491525;;5;37.54333333;2;1;37.5;25.0;12.5;12.5;0.0;12.5
2021-08;National;TOULOUSE MATABIAU;PARIS MONTPARNASSE;262;242;0;;43;17.17209302;2.995247934;;36;53.081481481481504;8.562052342;;36;53.08148148;23;8;17.14285714;40.0;5.714285714;8.571428571;5.714285714;22.857142857142897
2021-08;National;MARSEILLE ST CHARLES;TOURCOING;299;31;0;;6;19.00277778;3.359139785;;7;26.14285714;6.838709677;;7;26.14285714;1;0;0.0;0.0;57.142857142857096;0.0;0.0;42.85714286
2021-08;National;PARIS MONTPARNASSE;LAVAL;90;235;0;;21;19.06269841;1.380070922;;13;27.656410256410304;2.114113475;;6;43.86666667;3;1;7.692307692;23.07692308;0.0;15.38461538;15.38461538;38.46153846
2021-08;National;PARIS MONTPARNASSE;RENNES;104;779;0;;90;10.48351852;0.958194266;;34;26.11960784;1.132862644;;22;32.79242424;7;1;11.76470588;8.823529412;8.823529412;20.58823529;14.70588235;35.29411765
2021-08;National;ANGOULEME;PARIS MONTPARNASSE;131;256;1;;82;7.431300813;2.324705882;;19;26.83508772;1.995098039;;15;30.73222222;4;2;5.263157895;5.263157895;21.05263158;21.05263158;15.78947368;31.57894737
2021-08;National;PARIS LYON;NICE VILLE;355;307;0;;29;14.80172414;1.086047774;;25;67.566;6.361400651;;25;67.566;19;9;16.0;36.0;28.000000000000004;16.0;0.0;4.0
2021-08;International;PARIS EST;FRANCFORT;233;177;9;;20;6.06;0.847123016;;19;32.92894737;6.023015873;;19;32.92894737;7;2;27.77777778;0.0;27.77777778;22.22222222;11.11111111;11.11111111
2021-08;National;MARSEILLE ST CHARLES;MARNE LA VALLEE;213;283;1;;36;22.9662037;2.763829787;;48;40.29340278;8.6428487;;48;40.29340278;20;8;8.333333333;6.25;22.91666667;27.083333333333297;10.41666667;25.0
2021-08;National;PARIS EST;REIMS;46;192;0;;23;15.10507246;1.9060763888888903;;10;39.21833333;2.369357639;;8;47.15416667;5;3;10.0;20.0;10.0;0.0;10.0;50.0
2021-08;National;PARIS LYON;ANNECY;225;133;0;;20;12.31833333;1.731954887;;16;33.96875;7.135338346;;16;33.96875;8;1;25.0;18.75;12.5;37.5;6.25;0.0
2021-08;National;PARIS LYON;BESANCON FRANCHE COMTE TGV;131;151;1;;16;9.866666667;0.957111111;;6;16.38611111;0.531333333;;3;17.66111111;0;0;16.66666667;33.33333333;0.0;50.0;0.0;0.0
2021-08;National;PARIS NORD;DOUAI;70;142;1;;13;10.706410256410296;0.877304965;;15;15.70333333;2.177541371;;3;39.50555556;2;1;0.0;7.142857143;57.142857142857096;7.142857143;7.142857143;21.42857143
2021-08;International;BARCELONA;PARIS LYON;407;61;0;;0;0.0;0.0;;18;0.0;11.1204918;;18;32.27777778;8;1;77.77777778;11.11111111;11.11111111;0.0;0.0;0.0
2021-08;National;MULHOUSE VILLE;PARIS LYON;171;232;0;;80;4.513541667;1.5874281609195402;;7;22.02619048;-0.004166667;;5;25.38666667;1;0;71.42857143;14.28571429;14.28571429;0.0;0.0;0.0
2021-08;National;PARIS LYON;MACON LOCHE;98;144;0;;22;9.743181818;1.326388889;;9;27.52592593;3.003819444;;7;31.34761905;4;0;11.11111111;0.0;0.0;44.44444444;22.22222222;22.22222222
2021-08;National;PARIS LYON;PERPIGNAN;305;249;0;;34;16.63529412;2.121820616;;34;32.38284314;6.025033467;;34;32.38284314;14;2;17.64705882;20.58823529;32.35294118;20.58823529;2.941176471;5.882352941
2021-08;National;POITIERS;PARIS MONTPARNASSE;96;471;1;;110;8.525909091;1.735363248;;40;22.0125;2.016025641;;22;31.91818182;4;3;5.128205128;10.25641026;20.51282051;17.94871795;5.128205128;41.02564103
2021-08;National;VALENCE ALIXAN TGV;PARIS LYON;135;461;0;;291;11.54490263;7.338525781;;100;29.370333333333303;7.269970951343499;;85;32.3272549;33;5;45.0;11.0;9.0;10.0;9.0;16.0
2021-08;National;AVIGNON TGV;PARIS LYON;168;472;0;;221;8.82413273;4.066525424;;61;28.34125683;4.67930791;;43;34.51472868;22;4;24.59016393;14.754098360655703;9.836065574;22.95081967;9.836065574;18.032786885245898
2021-08;National;PARIS LYON;AIX EN PROVENCE TGV;185;405;0;;61;20.46994536;2.800123457;;45;33.93481481;5.382139918;;43;34.91472868;18;4;4.545454545454549;11.36363636;2.2727272727272703;38.636363636363605;15.90909091;27.27272727
2021-08;National;PARIS LYON;SAINT ETIENNE CHATEAUCREUX;172;119;0;;11;13.0530303;1.085434174;;6;24.01944444;2.497759104;;4;29.94166667;1;0;16.66666667;0.0;16.66666667;16.66666667;16.66666667;33.33333333
2021-08;National;LA ROCHELLE VILLE;PARIS MONTPARNASSE;174;237;0;;17;31.17647059;2.244022504;;13;70.05128205;4.297679325;;11;80.06060606;4;4;0.0;15.38461538;0.0;46.15384615;7.692307692;30.76923077
2021-08;National;MARSEILLE ST CHARLES;LYON PART DIEU;103;441;1;;86;11.09573643;1.626461655;;50;29.734;4.612984055;;34;37.07794118;14;5;8.163265306;10.20408163;24.48979592;32.65306122;8.163265306;16.32653061
2021-08;National;MONTPELLIER;LYON PART DIEU;114;191;1;;75;11.37022222;4.561816578;;25;34.70733333;5.479717813;;21;38.99047619;8;4;48.0;0.0;16.0;24.0;8.0;4.0
2021-08;National;NANTES;STRASBOURG;327;57;0;;8;6.8625;0.8035087719298241;;4;30.12916667;3.303216374;;4;30.12916667;1;0;0.0;25.0;25.0;0.0;50.0;0.0
2021-08;National;NICE VILLE;PARIS LYON;360;314;0;;34;11.89754902;-1.900424628;;32;40.178125;4.296496815;;32;40.178125;20;2;15.625;34.375;3.125;28.125;6.25;12.5
2021-08;National;PARIS LYON;DIJON VILLE;97;348;0;;35;11.05142857;0.96144636;;15;20.17111111;0.755938697;;9;24.23518519;2;0;0.0;6.666666667;0.0;66.66666666666669;13.33333333;13.33333333
2021-08;National;PARIS MONTPARNASSE;ST PIERRE DES CORPS;68;444;0;;40;11.13958333;0.656944444;;22;22.31515152;1.159984985;;13;31.07564103;5;0;13.63636364;0.0;9.090909091;18.18181818;13.63636364;45.454545454545496
2021-08;National;PARIS MONTPARNASSE;VANNES;157;300;0;;39;7.648717948717951;0.777333333;;23;19.63043478;1.876666667;;10;29.05;4;0;8.695652173913041;17.391304347826097;8.695652173913041;21.73913043;4.347826086956521;39.130434782608695
2021-08;National;PARIS NORD;DUNKERQUE;131;177;0;;16;9.807291667;0.89472693;;8;27.1875;1.607344633;;7;29.21428571;4;0;25.0;12.5;25.0;25.0;12.5;0.0
2021-08;National;PERPIGNAN;PARIS LYON;312;270;0;;50;15.658;1.297098765;;54;32.51481481;7.765617283950621;;54;32.51481481;22;4;61.11111111111112;12.96296296;11.11111111;5.555555555555561;3.703703704;5.555555555555561
2021-08;National;SAINT ETIENNE CHATEAUCREUX;PARIS LYON;170;119;0;;8;4.675;0.325141243;;8;31.5;3.559745763;;7;33.87142857;5;0;12.5;25.0;12.5;12.5;0.0;37.5
2021-08;National;BESANCON FRANCHE COMTE TGV;PARIS LYON;133;156;0;;22;6.422727272727271;0.563010753;;3;29.972222222222204;0.394516129;;3;29.97222222;1;0;66.66666667;0.0;0.0;0.0;0.0;33.33333333
2021-08;National;LYON PART DIEU;MONTPELLIER;115;246;1;;99;11.03181818;4.112312925;;29;33.14137931;3.91170068;;23;38.3942029;12;2;17.24137931;13.79310345;13.79310345;31.03448276;17.24137931;6.896551724
2021-08;National;MARNE LA VALLEE;LYON PART DIEU;109;413;0;;269;8.699814126;5.753470541;;53;30.767295597484303;5.660330912025829;;37;38.46261261;21;4;16.981132075471702;7.547169811;11.32075472;13.20754717;28.30188679;22.64150943
2021-08;National;PARIS LYON;AVIGNON TGV;162;448;0;;66;21.15151515;2.842261905;;56;31.9375;4.683333333;;42;38.23928571;18;5;5.357142857;8.928571429;10.71428571;33.92857143;21.42857143;19.64285714
2021-08;National;PARIS LYON;GRENOBLE;182;148;0;;12;22.52916667;1.756193694;;17;37.76470588;5.719594595;;17;37.76470588;8;2;23.52941176;17.64705882;0.0;41.17647059;11.76470588;5.882352941
2021-08;International;STUTTGART;PARIS EST;204;150;0;;0;0.0;0.0;;9;0.0;2.461904762;;9;41.87962963;3;3;0.0;0.0;66.66666667;11.11111111;0.0;22.22222222
2021-08;National;LYON PART DIEU;LILLE;189;323;1;;159;12.701048218029335;6.326231339217616;;79;34.63050881069754;9.498994043078714;;62;38.90779569892474;31;11;25.31645569620256;7.594936708860763;15.189873417721502;26.582278481012683;3.797468354430376;21.51898734177213
2021-08;National;LYON PART DIEU;MARSEILLE ST CHARLES;105;478;0;;217;10.846851;4.954891684;;65;31.57615385;5.108805031;;50;37.19433333;22;9;9.230769231;12.30769231;9.230769231;13.84615385;15.38461538;40.0
2021-08;National;PARIS MONTPARNASSE;QUIMPER;228;247;1;;29;8.07183908;0.727303523;;12;28.41666667;1.62195122;;12;28.41666667;5;0;16.66666667;33.33333333;0.0;0.0;8.333333333;41.66666667
2021-08;National;PARIS MONTPARNASSE;TOURS;79;139;1;;11;13.23333333;0.556642512;;8;22.06458333;1.901086957;;4;34.24166667;2;0;14.28571429;0.0;0.0;14.28571429;0.0;71.42857143
2021-08;National;TOULON;PARIS LYON;248;367;0;;128;9.737630208;3.3954132606721106;;36;40.45185185;4.220663034;;36;40.45185185;23;3;22.22222222;30.555555555555603;2.7777777777777803;25.0;5.555555555555561;13.88888889
2021-08;National;DUNKERQUE;PARIS NORD;131;172;0;;3;11.66666667;-0.261627907;;17;25.46666667;3.645251938;;8;39.30833333;4;1;23.52941176;29.41176471;23.52941176;17.64705882;5.882352941;0.0
2021-08;National;PARIS MONTPARNASSE;LA ROCHELLE VILLE;180;227;0;;14;11.2952381;0.295374449;;5;26.2;1.515418502;;5;26.2;1;0;0.0;0.0;0.0;0.0;20.0;80.0
2021-08;International;PARIS LYON;GENEVE;193;184;0;;23;16.98115942;1.931884058;;19;38.59298246;6.14365942;;19;38.59298246;11;2;26.31578947;21.05263158;5.263157895;31.57894737;15.78947368;0.0
2021-08;National;NANCY;PARIS EST;97;253;3;;80;4.347708333;1.4612;;20;25.4025;2.6632;;15;29.67777778;5;0;25.0;30.0;5.0;5.0;0.0;35.0
2021-08;National;PARIS EST;NANCY;97;245;0;;48;6.460416667;1.427210884;;19;23.42631579;3.187278912;;12;29.05416667;4;0;10.52631579;21.05263158;15.78947368;21.05263158;15.78947368;15.78947368
2021-08;National;PARIS LYON;LYON PART DIEU;122;573;1;;51;11.54444444;0.801806527;;30;25.88944444;1.670600233;;20;32.26416667;7;1;17.24137931;10.34482759;6.896551724;13.79310345;31.03448276;20.68965517
2021-08;International;PARIS LYON;BARCELONA;399;60;0;;8;19.1625;2.234166667;;0;0.0;0.0;;0;0.0;0;0;0.0;0.0;0.0;0.0;0.0;0.0
2021-08;National;PARIS LYON;TOULON;238;396;0;;40;15.107499999999998;1.245622896;;38;48.67938596;5.06763468;;38;48.67938596;16;6;10.52631579;21.05263158;18.42105263;26.31578947;5.263157895;18.42105263
2021-08;National;PARIS MONTPARNASSE;ST MALO;162;122;0;;8;16.48125;0.856010929;;6;23.56111111;0.803415301;;4;28.6;2;0;16.66666667;16.66666667;16.66666667;33.33333333;0.0;16.66666667
2021-08;International;PARIS EST;STUTTGART;200;151;1;;36;8.514814815;2.216888889;;0;0.0;0.0;;0;0.0;0;0;0.0;0.0;0.0;0.0;0.0;0.0
2021-08;National;DIJON VILLE;PARIS LYON;99;302;0;;92;8.706521739;2.711944444;;11;45.94545455;1.624166667;;10;49.09333333;5;2;36.36363636;27.27272727;0.0;18.18181818;0.0;18.18181818
2021-08;National;MARNE LA VALLEE;MARSEILLE ST CHARLES;214;281;0;;138;10.09903382;5.074614472;;34;41.7254902;5.673309609;;34;41.7254902;17;6;8.823529412;8.823529412;5.882352941;14.70588235;8.823529412;52.94117647
2021-08;National;BREST;PARIS MONTPARNASSE;229;249;0;;9;14.79074074;0.538487282;;14;32.51190476;2.830722892;;14;32.51190476;6;2;35.71428571;14.28571429;7.142857143;28.57142857;0.0;14.28571429
2021-08;National;GRENOBLE;PARIS LYON;180;138;0;;5;12.4;0.449275362;;14;36.37380952;5.21763285;;13;38.2025641;6;1;21.42857143;28.57142857;7.142857143;21.42857143;14.28571429;7.142857143
2021-08;National;LYON PART DIEU;MARNE LA VALLEE;109;383;1;;177;12.40235405;5.840633245382601;;84;31.88293651;8.452330695;;64;37.39296875;27;9;14.28571429;7.142857143;20.23809524;25.0;8.333333333;25.0
2021-08;National;MARSEILLE ST CHARLES;LILLE;284;199;1;;22;22.236363636363624;2.3207912457912467;;41;41.92697429;9.449999999999983;;41;38.852845528455255;20;7;19.512195121951184;9.756097561;19.51219512195123;24.39024390243899;2.4390243902439024;24.39024390243899
2021-08;National;METZ;PARIS EST;86;243;1;;57;6.909356725;1.579201102;;25;19.496;2.496418733;;9;37.22037037;4;2;20.83333333;8.333333333;33.33333333;16.66666667;8.333333333;12.5
2021-08;National;PARIS LYON;MONTPELLIER;209;313;0;;40;18.16;1.989190628;;32;32.5203125;4.644302449;;32;32.5203125;10;3;9.375;18.75;12.5;40.625;3.125;15.625
2021-08;National;PARIS LYON;NIMES;178;313;0;;40;18.16;1.989190628;;56;23.64077381;5.312193823;;26;36.1275641;14;3;8.928571429;10.71428571;30.35714286;30.35714286;5.357142857;14.28571429
2021-08;National;MONTPELLIER;PARIS LYON;210;327;0;;191;11.56527051;6.833127572016461;;64;31.81432292;7.854218107;;64;31.81432292;26;2;53.125;15.625;10.9375;3.125;7.8125;9.375
2021-08;National;PARIS EST;METZ;86;243;0;;38;8.004385965;1.352400549;;20;19.50333333;1.90260631;;11;28.53636364;3;0;15.0;30.0;15.0;15.0;5.0;20.0
2021-08;National;PARIS NORD;LILLE;66;566;1;;54;9.965432098765463;0.8048377581120946;;30;21.13187429854096;1.030766961651918;;10;43.60666666666664;6;3;6.666666666666678;6.666666666666678;28.000000000000018;7.333333333333333;24.33333333333336;27.000000000000007
2021-08;International;PARIS LYON;ITALIE;443;66;1;;6;8.405555556;0.731282051;;5;49.9;2.492307692;;5;49.9;2;1;0.0;33.33333333;33.33333333;33.33333333;0.0;0.0
2021-08;National;DOUAI;PARIS NORD;75;169;1;;38;3.459649123;0.8496007984031931;;21;16.36904762;2.358882236;;5;36.54666667;2;1;10.52631579;10.52631579;31.57894737;21.05263158;15.78947368;10.52631579
2021-08;National;PARIS EST;STRASBOURG;125;519;4;;88;8.661174242;1.605695793;;26;23.53141026;0.161941748;;20;26.66166667;4;0;7.692307692;15.38461538;3.846153846;19.23076923;11.53846154;42.30769231
2021-08;National;PARIS LYON;LE CREUSOT MONTCEAU MONTCHANIN;83;207;0;;14;14.04761905;0.625040258;;13;21.38333333;1.5520933977455698;;5;39.27666667;3;1;23.07692308;15.38461538;7.692307692;15.38461538;30.76923077;7.692307692
2021-08;National;PARIS MONTPARNASSE;BORDEAUX ST JEAN;146;916;0;;129;11.19870801;1.352492722;;65;27.60282051;1.521179039;;51;31.49019608;15;5;14.28571429;6.349206349206351;9.523809524;14.28571429;17.46031746;38.0952381
2021-08;National;STRASBOURG;PARIS EST;123;489;1;;179;8.552793296;3.174112022;;44;27.78295455;2.43647541;;31;34.10752688;9;5;13.63636364;9.090909091;34.09090909;18.18181818;6.818181818;18.18181818
2021-08;National;TOURCOING;BORDEAUX ST JEAN;303;31;0;;1;2.0;0.070967742;;2;46.14166667;-0.44516129;;2;46.14166667;1;1;0.0;0.0;0.0;50.0;0.0;50.0
2021-08;National;MARSEILLE ST CHARLES;PARIS LYON;203;517;0;;88;11.5469697;1.730479896;;45;36.84518519;4.277594034;;45;36.84518519;26;5;24.44444444;26.66666667;8.888888888888891;17.77777778;4.444444444444439;17.77777778
2021-08;National;PARIS MONTPARNASSE;ANGERS SAINT LAUD;98;513;0;;61;11.88387978;1.169298246;;29;26.21149425;1.758447044;;24;28.790972222222205;6;1;10.34482759;10.34482759;6.896551724;13.79310345;34.48275862;24.13793103
2021-08;National;LYON PART DIEU;PARIS LYON;122;578;0;;240;6.725694444;2.861275362;;51;30.10653595;3.779681159;;40;34.75166667;20;3;12.0;10.0;10.0;8.0;16.0;44.0
2021-08;National;NANTES;PARIS MONTPARNASSE;135;548;0;;123;9.214227642;1.906721411;;39;38.67820513;3.11703163;;33;43.25606061;16;6;20.51282051;35.8974359;0.0;10.25641026;7.692307692;25.64102564
2021-08;National;PARIS NORD;ARRAS;48;490;2;;44;10.16098485;0.867998634;;21;23.04285714;1.392486339;;11;34.01818182;3;2;9.523809524;9.523809524;38.095238095238095;14.28571429;19.04761905;9.523809524
2021-08;National;PARIS MONTPARNASSE;NANTES;138;550;0;;61;11.88387978;1.065787879;;36;26.13055556;1.346363636;;27;30.23148148;9;1;19.44444444;11.11111111;8.333333333;16.66666667;27.77777778;16.66666667
2021-08;National;MACON LOCHE;PARIS LYON;100;218;0;;135;10.91740741;6.879029734;;49;28.03129252;7.389514867;;42;30.405555555555605;16;2;36.73469388;10.204081632653102;32.65306122;12.244897959183698;4.081632653;4.081632653
2021-08;National;PARIS MONTPARNASSE;BREST;230;223;2;;26;5.401282051282051;0.421040724;;5;42.0;1.142533937;;5;42.0;2;1;60.0;0.0;0.0;0.0;0.0;40.0
2021-08;National;PARIS MONTPARNASSE;TOULOUSE MATABIAU;268;242;1;;43;13.66356589;2.206224066;;39;53.73247863;9.659059474;;39;53.73247863247861;24;12;21.05263158;36.84210526;2.6315789473684204;5.263157894736841;5.263157894736841;28.94736842
2021-08;National;REIMS;PARIS EST;46;192;0;;13;2.917948718;0.246267361;;14;19.86071429;1.6067708333333297;;5;34.20333333;3;0;28.57142857;7.142857143;42.85714286;0.0;0.0;21.42857143
2021-09;National;ANNECY;PARIS LYON;226;132;0;;5;4.416666667;0.16729798;;35;39.69857143;14.07285354;;35;39.69857143;17;2;52.94117647;20.58823529;20.58823529;2.941176471;2.941176471;0.0
2021-09;National;VALENCE ALIXAN TGV;PARIS LYON;135;340;2;;219;17.82656012;11.65308458;;67;58.37537313;12.30353234;;59;64.54689266;38;17;38.0952381;11.11111111;15.87301587;19.04761905;7.936507937;7.936507937
2021-09;National;PARIS LYON;MULHOUSE VILLE;173;256;0;;32;15.0328125;1.793880208;;18;30.14722222;1.614908854;;14;35.02857143;4;2;16.66666667;27.77777778;5.555555555555561;11.11111111;33.33333333;5.555555555555561
2021-09;National;PARIS NORD;DUNKERQUE;130;172;0;;23;15.82246377;1.891569767;;17;29.0;3.197674419;;11;37.81818182;7;2;11.76470588;23.52941176;11.76470588;11.76470588;5.882352941;35.29411765
2021-09;International;PARIS EST;FRANCFORT;229;172;4;;21;14.56507937;1.6817460317460298;;34;32.65833333;10.28333333;;34;32.65833333;11;3;15.151515151515198;3.0303030303030303;42.42424242;9.090909091;15.151515151515198;15.151515151515198
2021-09;National;PARIS LYON;CHAMBERY CHALLES LES EAUX;177;140;1;;19;15.93859649;2.025059952;;21;35.7031746;6.137769784;;20;36.7375;12;1;9.523809524;23.80952381;4.761904762;28.57142857;28.57142857;4.761904762
2021-09;National;LA ROCHELLE VILLE;PARIS MONTPARNASSE;169;181;1;;16;6.4375;0.578796296;;15;22.70111111;3.119722222;;8;30.72916667;2;2;6.666666667;33.33333333;6.666666667;26.66666667;6.666666667;20.0
2021-09;National;PARIS LYON;BESANCON FRANCHE COMTE TGV;132;160;0;;14;17.46547619;1.446145833;;10;25.41333333;2.055416667;;8;28.76666667;1;1;30.0;40.0;0.0;10.0;20.0;0.0
2021-09;National;PARIS MONTPARNASSE;RENNES;98;754;0;;82;10.45060976;0.813505747;;60;27.99388889;2.513969938;;36;39.75787037;16;5;14.28571429;8.928571428571429;10.71428571;19.64285714;7.142857143;39.28571429
2021-09;International;STUTTGART;PARIS EST;205;146;0;;0;0.0;0.0;;8;0.0;0.755128205;;8;22.775;1;0;12.5;12.5;62.5;0.0;0.0;12.5
2021-09;National;NANTES;PARIS MONTPARNASSE;134;519;2;;130;11.55615385;2.729690522;;71;30.60962441;5.437943262;;46;39.98333333;18;8;25.71428571;20.0;17.14285714;18.57142857;4.285714286;14.28571429
2021-09;National;GRENOBLE;PARIS LYON;181;180;0;;5;6.2;0.17537037;;17;39.02843137;5.082222222;;15;42.46555556;9;3;41.17647059;41.17647059;5.882352941;5.882352941;5.882352941;0.0
2021-09;National;PARIS EST;METZ;88;262;0;;25;9.589333333;0.826335878;;18;14.466666666666702;1.361577608;;6;25.56388889;2;0;0.0;18.75;31.25;6.25;18.75;25.0
2021-09;National;PARIS LYON;NIMES;179;182;69;;21;13.8015873;1.538938053;;14;27.18690476;4.47979351;;7;41.3952381;5;0;7.692307692;23.07692308;15.38461538;30.76923077;15.38461538;7.692307692
2021-09;National;BORDEAUX ST JEAN;TOURCOING;319;30;0;;10;20.66333333;6.722222222;;4;35.0;1.233333333;;4;35.0;2;1;25.0;0.0;25.0;25.0;25.0;0.0
2021-09;National;LE CREUSOT MONTCEAU MONTCHANIN;PARIS LYON;83;191;0;;92;8.464130435;4.087234043;;46;21.30471014;5.368528369;;17;42.7;9;3;8.695652173913041;8.695652173913041;30.43478261;10.86956522;19.56521739130429;21.73913043
2021-09;National;PARIS MONTPARNASSE;LE MANS;62;479;0;;52;14.35192308;1.256437022;;30;24.16944444;0.306123869;;15;40.14;10;3;3.333333333;10.0;26.66666667;13.33333333;16.66666667;30.0
2021-09;National;REIMS;PARIS EST;46;210;0;;37;6.53018018;1.196984127;;20;17.91;1.975793651;;6;37.57222222;3;2;15.78947368;10.52631579;36.84210526;10.52631579;15.78947368;10.52631579
2021-09;National;TOULOUSE MATABIAU;PARIS MONTPARNASSE;260;209;1;;24;12.61319444;1.438808374;;25;47.93266667;6.75273752;;25;47.93266667;14;6;41.66666667;16.66666667;4.166666667;4.166666667;12.5;20.83333333
2021-09;International;BARCELONA;PARIS LYON;405;30;0;;0;0.0;0.0;;8;0.0;19.36;;8;72.48541667;7;2;50.0;0.0;0.0;37.5;12.5;0.0
2021-09;National;METZ;PARIS EST;85;250;0;;89;9.974531835;3.519133333;;55;18.67333333;4.9338;;19;35.17192982;7;3;3.636363636;25.454545454545503;45.454545454545496;5.454545454545451;20.0;0.0
2021-09;National;PARIS EST;STRASBOURG;123;511;0;;88;10.98920455;1.990606654;;21;40.69761905;1.301826484;;18;45.16759259;9;3;19.04761905;14.28571429;0.0;19.04761905;0.0;47.61904762
2021-09;National;PARIS LYON;PERPIGNAN;303;161;0;;19;30.87368421;3.508902691511389;;23;62.462318840579705;9.801242236;;23;62.46231884;17;6;45.454545454545496;13.63636364;4.545454545;27.27272727;4.545454545;4.545454545
2021-09;National;LILLE;LYON PART DIEU;187;328;1;;74;8.488963963963963;1.8542941834709128;;49;26.628131654381693;5.417980348424576;;40;29.510416666666703;10;2;6.122448979591839;22.44897959183677;8.163265306122451;30.61224489795919;18.36734693877553;14.285714285714256
2021-09;National;PARIS EST;REIMS;46;210;0;;28;11.45119048;1.566269841;;18;20.55833333;2.272222222;;10;28.686666666666703;2;0;18.75;6.25;12.5;31.25;6.25;25.0
2021-09;National;PARIS MONTPARNASSE;QUIMPER;220;240;2;;28;8.875595238;0.739215686;;19;51.07894737;4.088235294;;19;51.07894737;13;4;26.31578947;15.78947368;0.0;21.05263158;0.0;36.84210526
2021-09;National;QUIMPER;PARIS MONTPARNASSE;225;244;0;;20;12.43833333;1.03422865;;20;46.9225;5.349724518;;20;46.9225;8;5;35.0;25.0;5.0;5.0;5.0;25.0
2021-09;National;PARIS LYON;ANNECY;223;132;0;;19;27.62280702;3.790782828;;24;39.60416667;8.625;;24;39.60416667;15;3;13.043478260869602;17.39130435;4.347826086956521;13.043478260869602;34.7826087;17.39130435
2021-09;National;PARIS LYON;AVIGNON TGV;162;362;0;;46;20.06304348;2.320994475;;45;31.56074074;4.92859116;;38;34.80657895;12;5;11.9047619;23.80952381;9.523809523809518;28.57142857;14.28571429;11.9047619
2021-09;National;LYON PART DIEU;PARIS LYON;122;680;0;;282;7.8047281323877105;3.2923284313725505;;79;30.104219409282702;5.02747549;;47;41.53900709;23;9;20.25316456;17.72151899;11.392405063291102;10.12658228;24.05063291;16.4556962
2021-09;National;PARIS LYON;SAINT ETIENNE CHATEAUCREUX;172;116;2;;16;10.03854167;1.375730994;;11;29.96212121;5.262573099;;5;51.28;4;1;0.0;9.090909091;0.0;36.36363636;36.36363636;18.18181818
2021-09;National;PARIS MONTPARNASSE;NANTES;136;511;2;;59;12.24491525;0.383562541;;37;41.69684685;3.057465619;;31;47.44193548;17;10;35.13513514;10.81081081;10.81081081;13.51351351;2.702702703;27.02702703
2021-09;National;STRASBOURG;NANTES;322;56;0;;13;3.457692308;1.001488095;;9;22.5462963;3.686011905;;9;22.5462963;1;0;33.33333333;22.22222222;33.33333333;0.0;0.0;11.11111111
2021-09;National;TOURCOING;BORDEAUX ST JEAN;303;30;0;;1;1.0;0.0;;0;0.0;-3.159444444;;0;0.0;0;0;0.0;0.0;0.0;0.0;0.0;0.0
2021-09;National;BELLEGARDE (AIN);PARIS LYON;164;188;0;;51;5.994444444444441;1.590514184;;20;36.475;4.61108156;;13;48.56025641;7;3;30.0;35.0;10.0;0.0;0.0;25.0
2021-09;National;PARIS MONTPARNASSE;BORDEAUX ST JEAN;141;816;1;;111;16.4542042;1.9299591;;60;42.21944444;3.1291411042944794;;48;49.28472222;22;11;20.0;15.0;3.333333333;21.666666666666703;8.333333333;31.66666667
2021-09;National;VANNES;PARIS MONTPARNASSE;158;270;1;;127;6.926902887;3.289591078;;32;39.35572917;5.722986369;;23;49.34275362;10;6;21.875;31.25;9.375;9.375;9.375;18.75
2021-09;National;PARIS MONTPARNASSE;TOULOUSE MATABIAU;262;209;2;;28;19.58154762;2.058856683;;25;56.404;7.991304348;;25;56.404;14;8;29.166666666666703;37.5;0.0;8.333333333;0.0;25.0
2021-09;National;DIJON VILLE;PARIS LYON;99;323;0;;98;7.097278911564621;2.248654244;;31;33.75107527;3.7772256728778495;;23;41.07463768;12;4;12.903225806451598;29.032258064516096;35.48387097;9.677419355;6.4516129032258105;6.4516129032258105
2021-09;National;PARIS MONTPARNASSE;TOURS;76;164;0;;16;15.24166667;1.241056911;;12;63.66527778;4.929573171;;7;100.9785714;4;4;45.454545454545496;0.0;9.090909091;0.0;0.0;45.454545454545496
2021-09;National;RENNES;PARIS MONTPARNASSE;98;782;2;;277;10.86034898;3.685576923;;114;27.43640351;4.858504274;;61;41.60027322;27;12;13.51351351;25.22522523;20.72072072;11.71171171;9.009009009;19.81981982
2021-09;International;PARIS LYON;LAUSANNE;231;140;1;;13;10.86794872;-3.005995204;;8;29.35416667;3.028417266;;8;29.35416667;3;0;12.5;50.0;25.0;0.0;12.5;0.0
2021-09;National;MACON LOCHE;PARIS LYON;99;263;1;;199;13.63433836;10.51756757;;89;34.3576779;12.88783784;;72;39.20509259;36;4;45.45454545;17.04545455;26.13636364;1.136363636;5.681818181818181;4.545454545454549
2021-09;National;NIMES;PARIS LYON;179;219;2;;55;12.87060606;5.703066667;;43;56.79379845;8.2;;41;58.98130081;31;9;42.85714286;9.523809524;7.142857143;26.19047619;7.142857143;7.142857143
2021-09;National;PARIS NORD;DOUAI;70;138;0;;16;8.027083333;0.738164251;;14;20.30357143;2.810628019;;6;33.40555556;3;1;25.0;25.0;8.333333333;16.66666667;8.333333333;16.66666667
2021-09;International;PARIS LYON;BARCELONA;401;30;0;;4;18.7125;2.333888889;;0;0.0;0.0;;0;0.0;0;0;0.0;0.0;0.0;0.0;0.0;0.0
2021-09;National;AVIGNON TGV;PARIS LYON;168;386;0;;154;10.09415584;3.932858377;;47;38.27269504;5.627936097;;32;50.09322917;18;10;23.404255319148906;19.14893617;17.0212766;6.382978723404251;6.382978723404251;27.65957447
2021-09;National;MONTPELLIER;PARIS LYON;210;219;2;;58;12.77988506;5.712919897;;41;58.98130081;11.35555556;;41;58.98130081;31;9;42.50000000000001;10.000000000000002;5.000000000000001;27.500000000000004;7.5;7.5
2021-09;National;NANCY;PARIS EST;97;274;0;;98;5.243537415;1.8712287104622904;;12;23.62916667;1.269708029;;8;28.775;1;0;10.000000000000002;10.000000000000002;10.000000000000002;20.000000000000004;20.000000000000004;30.0
2021-09;National;MONTPELLIER;LYON PART DIEU;114;177;9;;31;10.57580645;3.108805031;;21;47.12857143;5.439150943;;16;57.58229167;13;5;61.11111111111111;0.0;11.11111111;5.555555556;22.22222222;0.0
2021-09;International;PARIS LYON;GENEVE;193;170;0;;20;18.4725;-0.767647059;;19;34.95701754;4.435098039;;19;34.95701754;8;3;16.66666667;44.44444444;5.555555556;0.0;27.77777778;5.555555556
2021-09;National;MARNE LA VALLEE;MARSEILLE ST CHARLES;214;274;0;;106;10.83977987;4.319586375;;30;50.37555556;5.95243309;;30;50.37555556;18;9;16.66666667;23.33333333;0.0;20.0;6.666666667;33.33333333
2021-09;National;PARIS LYON;AIX EN PROVENCE TGV;184;358;0;;44;21.20530303;2.344692737;;42;36.06865079;5.641433892;;42;36.06865079;16;6;19.51219512;24.3902439;7.317073170731709;24.3902439;14.63414634;9.756097561
2021-09;National;PARIS LYON;BELLEGARDE (AIN);164;174;0;;20;18.4725;-0.755651341;;29;31.96264368;6.810344827586209;;23;36.47681159;7;3;17.24137931;34.48275862;10.34482759;3.448275862;27.5862069;6.896551724
2021-09;National;PARIS LYON;MONTPELLIER;209;184;68;;21;13.8015873;1.506752874;;8;36.71458333;3.710632184;;8;36.71458333;5;0;12.5;25.0;12.5;25.0;0.0;25.0
2021-09;National;STRASBOURG;PARIS EST;122;492;0;;213;7.618544601;3.400474255;;31;24.955913978494603;1.397357724;;20;30.692500000000003;6;2;12.903225806451598;6.4516129032258105;38.70967742;19.35483871;9.677419355;12.903225806451598
2021-09;International;ITALIE;PARIS LYON;445;64;1;;47;3.5638297872340403;2.682539683;;31;39.2655914;22.20687831;;31;39.2655914;16;2;54.83870967741941;16.12903226;25.80645161;0.0;3.2258064516128995;0.0
2021-09;National;AIX EN PROVENCE TGV;PARIS LYON;190;387;0;;157;9.515180467;3.8614853195164094;;27;54.08827160493831;4.322107081;;27;54.0882716;17;10;25.925925925925903;22.22222222;7.407407407407408;11.11111111;7.407407407407408;25.925925925925903
2021-09;National;LILLE;PARIS NORD;69;558;1;;109;5.941284403669726;1.0224363921973278;;52;21.96459781299228;2.689884803270898;;22;39.36136363636363;12;4;16.208791208791194;12.087912087912096;21.703296703296704;11.675824175824165;26.23626373626372;12.087912087912096
2021-09;National;PARIS MONTPARNASSE;ST MALO;158;98;2;;9;12.73333333;0.925347222;;9;50.71666667;4.760763889;;8;55.45833333;5;2;22.22222222;22.22222222;22.22222222;11.11111111;0.0;22.22222222
2021-09;International;ZURICH;PARIS LYON;245;117;0;;41;1.802845528;1.099425287;;11;27.14242424;3.282614943;;11;27.14242424;2;1;9.090909091;27.27272727;36.36363636;0.0;9.090909091;18.18181818
2021-09;National;ARRAS;PARIS NORD;50;494;0;;213;6.474100156;2.815418354;;63;20.0505291;3.300607287;;20;41.25333333;13;5;12.06896552;10.34482759;44.827586206896605;15.51724138;10.34482759;6.896551724
2021-09;National;PARIS LYON;VALENCE ALIXAN TGV;133;295;1;;37;26.73243243;2.941609977;;27;42.1037037;4.961281179;;21;50.34047619;15;3;14.81481481;18.51851852;11.11111111;14.81481481;25.925925925925903;14.81481481
2021-09;National;ANGOULEME;PARIS MONTPARNASSE;127;241;0;;85;10.12666667;2.831388889;;24;37.29097222;4.395347222;;20;42.03333333;12;3;33.33333333;4.166666666666671;0.0;20.83333333;4.166666666666671;37.5
2021-09;National;MARSEILLE ST CHARLES;LYON PART DIEU;104;420;0;;96;8.517881944;1.897852029;;46;31.82753623;4.447016706;;32;39.65729167;18;3;31.11111111;15.55555556;6.666666667;8.888888888888891;11.111111111111098;26.66666667
2021-09;National;PARIS LYON;MACON LOCHE;98;189;0;;24;23.21041667;2.702557319;;16;38.54375;4.617901235;;12;47.34166667;10;3;6.25;6.25;0.0;31.25;43.75;12.5
2021-09;National;DUNKERQUE;PARIS NORD;133;168;0;;3;14.33333333;0.255952381;;14;26.07380952;3.561011905;;7;39.19047619;3;2;23.07692308;15.38461538;30.76923077;7.692307692;15.38461538;7.692307692
2021-09;National;PARIS LYON;NICE VILLE;359;229;0;;21;15.14126984;1.047088792;;24;46.07847222;4.869359534;;24;46.07847222;16;5;33.33333333;37.5;8.333333333;4.166666666666671;4.166666666666671;12.5
2021-09;National;PARIS MONTPARNASSE;ANGOULEME;129;259;1;;32;22.42447917;2.446770026;;23;41.80434783;4.609883721;;20;46.0375;12;3;17.391304347826097;17.391304347826097;8.695652173913041;8.695652173913041;13.043478260869602;34.78260869565219
2021-09;National;ST PIERRE DES CORPS;PARIS MONTPARNASSE;62;471;2;;164;6.182520325;2.309763948;;57;21.72368421;3.273211731;;24;36.04791667;14;1;26.785714285714302;19.64285714;8.928571429;19.64285714;0.0;25.0
2021-09;National;ANGERS SAINT LAUD;PARIS MONTPARNASSE;95;495;2;;223;9.138938714;4.22535497;;85;26.81;5.585091278;;46;39.98333333;18;8;23.45679012;19.75308642;24.69135802;14.81481481;4.9382716049382696;12.34567901
2021-09;National;LE MANS;PARIS MONTPARNASSE;61;415;3;;178;9.423970037;4.145915033;;82;23.21097561;4.922630719;;40;36.06791667;16;6;21.518987341772203;24.05063291;18.98734177;13.92405063;7.594936709;13.92405063
2021-09;National;LYON PART DIEU;MARNE LA VALLEE;110;354;1;;191;12.65462478;6.918177526;;81;35.40123457;10.06548631;;64;41.32057292;31;10;18.75;8.75;23.75;7.5;16.25;25.0
2021-09;National;MARNE LA VALLEE;LYON PART DIEU;109;384;1;;222;8.730255255;5.094633508;;59;25.08361582;5.247251309;;44;29.1;10;2;5.084745763;30.50847458;10.16949153;25.42372881;16.94915254;11.86440678
2021-09;National;PARIS LYON;LYON PART DIEU;121;693;0;;75;21.96466667;2.168759019;;54;39.29814815;3.921476671;;45;44.50481481;27;11;11.11111111;16.66666667;3.703703704;18.51851852;35.185185185185205;14.81481481
2021-09;National;PARIS LYON;MARSEILLE ST CHARLES;194;540;0;;64;19.70338542;2.09308642;;63;36.86084656;5.980123457;;63;36.86084656;26;11;16.12903226;22.58064516;4.838709677;24.19354839;11.29032258;20.96774194
2021-09;National;RENNES;LYON PART DIEU;233;76;0;;20;14.98333333;3.9758771929824697;;13;42.13717949;9.403508772;;13;42.13717949;7;1;23.07692308;23.07692308;0.0;15.38461538;7.692307692;30.76923077
2021-09;National;DOUAI;PARIS NORD;75;164;0;;51;5.342156863;1.7691206543967302;;20;22.88583333;3.631697342;;8;43.29583333;6;2;11.76470588;11.76470588;47.05882352941179;23.52941176470589;5.882352941;0.0
2021-09;National;LYON PART DIEU;LILLE;187;298;0;;172;12.200290697674449;7.098154362416103;;74;40.55932385874242;11.424832214765097;;63;44.26216931216931;28;13;21.90711838599164;8.222306813856108;16.444613627712197;6.832889227255426;17.81499809668826;28.778073848496387
2021-09;National;PARIS MONTPARNASSE;POITIERS;98;474;1;;45;15.88518519;1.128470754;;30;38.59777778;2.827131783;;22;48.32878788;11;4;13.33333333;10.0;13.33333333;20.0;10.0;33.33333333
2021-09;National;MARSEILLE ST CHARLES;TOURCOING;300;30;0;;3;46.87222222;4.323333333;;6;42.5;6.466666667;;6;42.5;5;1;16.66666667;0.0;16.66666667;0.0;33.33333333;33.33333333
2021-09;National;PARIS NORD;ARRAS;48;481;0;;56;14.35386905;1.405440055;;36;28.23055556;2.534546085;;22;39.5030303;14;4;16.66666667;16.66666667;5.555555555555561;13.88888889;13.88888889;33.33333333
2021-09;National;BORDEAUX ST JEAN;PARIS MONTPARNASSE;139;840;1;;291;10.34896907;3.305999205;;103;34.80453074;5.459733810091369;;73;43.58447489;40;13;31.37254902;16.66666667;4.901960784;12.74509804;11.76470588;22.54901961
2021-09;National;CHAMBERY CHALLES LES EAUX;PARIS LYON;183;144;1;;93;14.462186379928298;9.314568765;;64;33.98489583;17.52995338;;56;36.89583333;28;3;56.25;14.0625;26.5625;0.0;3.125;0.0
2021-09;National;MARSEILLE ST CHARLES;MARNE LA VALLEE;213;274;3;;33;15.89949495;1.722816728;;40;42.70916667;8.619065191;;40;42.70916667;20;8;20.0;7.5;17.5;7.5;22.5;25.0
2021-09;National;MULHOUSE VILLE;PARIS LYON;172;248;0;;99;4.743771044;1.894489247;;26;29.00961538;3.327083333;;18;36.21944444;7;2;7.692307692;26.92307692;30.76923077;11.53846154;3.846153846;19.23076923
2021-09;National;PARIS LYON;GRENOBLE;182;188;1;;27;18.9382716;2.551693405;;27;34.57407407;6.796791444;;26;35.32692308;11;1;7.407407407407408;25.925925925925903;7.407407407407408;14.81481481;37.03703704;7.407407407407408
2021-09;National;PARIS MONTPARNASSE;VANNES;152;254;0;;29;8.616091954;0.670931759;;27;37.01851852;4.858267717;;18;49.02777778;11;4;11.11111111;18.51851852;7.407407407407408;18.51851852;3.703703704;40.74074074
2021-09;National;LYON PART DIEU;MONTPELLIER;115;193;65;;88;13.85511364;6.513541667;;35;23.62761905;6.379817708;;24;28.41875;7;0;34.285714285714306;0.0;8.571428571;11.42857143;25.71428571;20.0
2021-09;National;MARSEILLE ST CHARLES;PARIS LYON;201;506;0;;92;13.20724638;2.203943009;;41;53.29959349593501;5.029589132;;41;53.2995935;25;13;29.26829268;19.51219512;12.19512195;7.317073170731709;12.19512195;19.51219512
2021-09;National;SAINT ETIENNE CHATEAUCREUX;PARIS LYON;170;116;0;;6;4.686111111;0.299415205;;14;21.15;3.863596491;;6;30.68611111;2;0;28.57142857;28.57142857;7.142857143;14.28571429;14.28571429;7.142857143
2021-09;International;PARIS LYON;ZURICH;244;117;1;;18;13.14074074;1.264942529;;13;35.19871795;6.689655172;;13;35.19871795;8;1;0.0;16.66666667;8.333333333333329;41.66666667;25.0;8.333333333333329
2021-09;National;BESANCON FRANCHE COMTE TGV;PARIS LYON;132;169;0;;17;6.044117647;0.167757937;;10;49.25833333;3.638492063;;9;53.05185185;7;2;10.0;50.0;0.0;20.0;0.0;20.0
2021-09;National;LAVAL;PARIS MONTPARNASSE;83;256;1;;74;14.316666666666702;4.13372859;;47;26.30780142;5.760408432;;25;40.154;10;5;20.0;22.22222222;22.22222222;6.666666667;8.888888888888893;20.0
2021-09;National;PARIS NORD;LILLE;67;532;1;;51;22.716339869281068;1.9301318267419945;;49;31.293015873015868;2.824921531701193;;28;46.60357142857144;19;6;16.326530612244873;8.163265306122447;10.204081632653065;14.285714285714256;14.285714285714256;36.73469387755099
2021-09;National;ST MALO;PARIS MONTPARNASSE;160;90;0;;5;11.24333333;0.608052434;;10;25.35666667;3.647565543;;4;44.24583333;3;1;0.0;25.0;12.5;50.0;12.5;0.0
2021-09;International;GENEVE;PARIS LYON;194;180;0;;94;3.2134751773049595;1.9978703703703704;;13;48.56025641025641;4.855;;13;48.56025641;7;3;46.15384615;38.46153846;0.0;0.0;0.0;15.38461538
2021-09;International;PARIS EST;STUTTGART;199;146;2;;26;7.132692308;1.362384259;;0;0.0;0.0;;0;0.0;0;0;0.0;0.0;0.0;0.0;0.0;0.0
2021-09;National;LYON PART DIEU;MARSEILLE ST CHARLES;104;446;0;;211;12.99628752;6.166778774;;78;35.40384615;7.154484305;;63;40.72089947;36;12;21.79487179;17.94871795;14.1025641;19.23076923;7.692307692;19.23076923
2021-09;National;PARIS EST;NANCY;97;248;0;;33;9.640909091;1.363709677;;9;30.51481481;0.97016129;;5;43.5;3;1;0.0;11.11111111;11.11111111;33.33333333;0.0;44.44444444
2021-09;National;PARIS MONTPARNASSE;BREST;225;223;1;;29;10.03735632;0.951201201;;17;39.02941176;3.461711712;;17;39.02941176;6;2;5.882352941;23.52941176;5.882352941;17.64705882;5.882352941;41.17647059
2021-09;National;TOULON;PARIS LYON;251;299;0;;88;14.23503788;4.206521739;;32;46.83125;5.628428094;;32;46.83125;22;9;28.125;28.125;6.25;3.125;15.625;18.75
2021-09;International;LAUSANNE;PARIS LYON;230;146;0;;116;2.787356322;2.282528736;;9;39.17777778;3.312873563;;9;39.17777778;4;2;33.33333333;22.22222222;11.11111111;11.11111111;11.11111111;11.11111111
2021-09;National;BREST;PARIS MONTPARNASSE;229;247;0;;12;10.31111111;0.521815718;;22;40.23939394;5.124525745;;22;40.23939394;10;4;18.18181818;36.36363636;9.090909091;13.63636364;4.545454545454549;18.18181818
2021-09;National;NICE VILLE;PARIS LYON;361;232;0;;31;19.13064516;2.378663793;;27;46.71358025;6.014367816;;27;46.71358024691361;19;8;29.62962963;25.925925925925903;7.407407407407408;3.703703704;14.81481481;18.51851852
2021-09;National;PARIS MONTPARNASSE;LAVAL;85;240;0;;23;9.021014493;0.616319444;;17;24.00294118;2.203472222;;9;37.24259259;3;2;12.5;12.5;18.75;31.25;0.0;25.0
2021-09;National;MARSEILLE ST CHARLES;LILLE;284;192;0;;26;11.77435897435897;1.4167534722222233;;35;41.80187728937726;9.348003472;;35;42.55047619047616;15;7;22.85714285714284;8.571428571428571;14.28571429;8.571428571428571;14.28571428571428;31.42857142857144
2021-09;National;PARIS MONTPARNASSE;LA ROCHELLE VILLE;175;186;0;;16;14.08541667;0.8456093189964161;;12;56.04166667;4.424731183;;9;70.16666667;5;4;25.0;16.66666667;25.0;8.333333333;8.333333333;16.66666667
2021-09;National;LILLE;MARSEILLE ST CHARLES;301;218;0;;21;18.31428571428569;1.5525993883792064;;24;54.54438775510204;6.206269113149849;;24;54.73888889;16;7;16.666666666666675;16.666666666666675;0.0;20.83333333333334;8.333333333333341;37.50000000000003
2021-09;National;PARIS LYON;TOULON;243;304;1;;28;16.72083333;1.032288229;;41;37.61788618;5.636578658;;41;37.61788618;16;5;9.756097561;31.70731707;19.51219512;12.19512195;7.317073170731709;19.51219512
2021-09;National;PARIS MONTPARNASSE;ST PIERRE DES CORPS;64;483;0;;51;15.55;1.319289165;;40;42.09625;3.61142167;;24;62.70972222222221;11;7;27.02702703;10.81081081;10.81081081;2.702702703;8.108108108;40.54054054
2021-09;National;PERPIGNAN;PARIS LYON;311;173;2;;41;15.88861789;3.612378168;;36;65.44861111;15.10730994;;36;65.44861111;22;10;38.23529412;8.823529412;14.70588235;23.52941176;8.823529412;5.882352941176469
2021-09;National;POITIERS;PARIS MONTPARNASSE;96;410;2;;108;11.6683642;2.388065844;;52;33.11666667;4.079835391;;28;52.96607143;17;7;24.000000000000004;16.0;8.0;22.0;10.0;20.0
2021-09;National;TOURS;PARIS MONTPARNASSE;75;151;0;;14;8.861904762;0.771888889;;19;17.78859649;3.086333333;;6;32.94722222;2;0;15.78947368;10.52631579;15.78947368;31.57894737;0.0;26.31578947
2021-09;International;FRANCFORT;PARIS EST;235;172;0;;89;3.967041199;2.237816764;;13;51.46025641;5.006140351;;13;51.460256410256406;6;3;7.692307692;7.692307692;53.84615385;7.692307692;15.38461538;7.692307692
2021-09;International;PARIS LYON;ITALIE;428;64;0;;10;4.026666667;0.481770833;;6;42.25;2.5078125;;6;42.25;4;0;16.66666667;33.33333333;16.66666667;16.66666667;16.66666667;0.0
2021-09;National;LYON PART DIEU;RENNES;239;76;0;;35;6.545238095;3.141008772;;12;40.925;9.647587719;;12;40.925;8;2;8.333333333;16.66666667;8.333333333;8.333333333;0.0;58.33333333
2021-09;National;NANTES;STRASBOURG;326;56;0;;10;22.09666667;3.761607143;;8;50.55;7.155654761904761;;8;50.55;7;2;25.0;0.0;0.0;12.5;12.5;50.0
2021-09;National;PARIS LYON;DIJON VILLE;97;350;0;;35;16.99904762;1.5987142857142902;;29;30.527011494252903;2.763571429;;23;34.92898551;6;4;24.13793103;24.13793103;10.34482759;13.79310345;20.68965517;6.896551724
2021-09;National;PARIS LYON;LE CREUSOT MONTCEAU MONTCHANIN;83;206;0;;18;28.975925925925896;2.290453074;;21;33.96349206;3.56618123;;12;51.89583333333329;9;5;4.761904762;33.33333333;9.523809524;23.80952381;19.04761905;9.523809524
2021-09;National;PARIS MONTPARNASSE;ANGERS SAINT LAUD;95;494;1;;59;12.24491525;0.393610548;;36;28.09537037;3.425422583;;19;45.00877193;12;5;9.090909091;12.121212121212102;24.242424242424203;6.060606061;6.060606061;42.42424242
2021-10;International;PARIS LYON;ITALIE;428;92;3;;7;5.307142857;0.290449438;;11;40.77272727;5.039325843;;11;40.77272727;5;3;20.0;30.0;0.0;40.0;10.0;0.0
2021-10;National;MARSEILLE ST CHARLES;PARIS LYON;202;522;1;;84;14.40793651;2.062475822;;52;42.84294872;4.040199871;;52;42.84294872;26;9;26.92307692;11.53846154;9.615384615;19.23076923;13.46153846;19.23076923
2021-10;National;PARIS MONTPARNASSE;ST MALO;157;102;4;;7;6.078571429;0.081802721;;8;25.90833333;2.676870748;;6;29.8;2;0;25.0;25.0;12.5;12.5;0.0;25.0
2021-10;National;RENNES;LYON PART DIEU;236;77;0;;22;6.334090909;1.856060606;;6;28.422222222222203;4.121428571;;6;28.42222222;1;0;0.0;16.66666667;16.66666667;0.0;0.0;66.66666667
2021-10;National;PARIS EST;STRASBOURG;123;551;0;;133;10.52844612;2.558681186;;43;29.65426357;2.192256503;;29;37.18965517;17;1;14.28571429;16.66666667;2.380952381;28.57142857;21.428571428571395;16.66666667
2021-10;National;PARIS LYON;DIJON VILLE;97;323;0;;38;24.3877193;2.695356037;;43;32.69689922;5.608875129;;30;41.12722222222221;13;5;11.62790698;23.255813953488403;9.302325581395351;32.55813953;13.95348837;9.302325581395351
2021-10;National;PARIS LYON;MONTPELLIER;209;216;0;;25;27.55533333;2.214274691;;35;43.77238095;9.139506173;;35;43.77238095;17;6;14.28571429;48.571428571428605;17.14285714;17.14285714;0.0;2.857142857
2021-10;International;GENEVE;PARIS LYON;194;187;0;;90;2.994444444;1.719086022;;14;36.10952381;4.178942652;;14;36.10952381;5;1;28.57142857;7.142857143;28.57142857;14.28571429;0.0;21.42857143
2021-10;National;DIJON VILLE;PARIS LYON;99;302;0;;149;7.962416107382549;4.020376523;;32;38.22447917;5.734219269;;24;46.33263889;12;5;13.79310345;34.48275862;6.896551724;24.13793103;3.448275862;17.24137931
2021-10;International;PARIS LYON;ZURICH;244;84;1;;18;26.725;3.8726907630522094;;14;43.39404762;10.49096386;;14;43.394047619047605;6;2;0.0;7.142857143;35.71428571;28.57142857;21.42857143;7.142857143
2021-10;National;MACON LOCHE;PARIS LYON;99;296;1;;227;18.19192364;14.356655092592602;;130;29.10653846;14.23188657;;103;33.18559871;38;10;36.43410853;19.379844961240305;25.58139535;6.201550388;5.426356589;6.976744186
2021-10;National;MULHOUSE VILLE;PARIS LYON;172;229;0;;90;5.475;2.153857351;;19;34.39210526;4.75705968;;16;38.06145833;4;2;16.66666667;22.22222222;11.11111111;22.22222222;0.0;27.77777778
2021-10;National;PARIS LYON;SAINT ETIENNE CHATEAUCREUX;172;119;3;;10;5.54;0.247270115;;13;28.51410256;5.167097701;;10;32.91666667;3;1;23.07692308;30.76923077;23.07692308;15.38461538;7.692307692;0.0
2021-10;National;MONTPELLIER;PARIS LYON;211;239;0;;128;12.87057292;6.860390516;;57;35.92105263;10.16617852;;57;35.92105263;19;5;35.0877193;31.57894737;10.52631579;10.52631579;7.01754386;5.263157895
2021-10;National;PARIS LYON;CHAMBERY CHALLES LES EAUX;177;174;0;;12;10.92083333;0.573371648;;22;35.10454545;4.299329502;;17;41.74019608;10;2;27.27272727;31.81818182;9.090909091;18.18181818;4.545454545454549;9.090909091
2021-10;National;PARIS LYON;NICE VILLE;361;219;7;;19;12.36315789;0.493789308;;29;42.25517241;4.558254717;;29;42.25517241;17;5;27.5862069;13.79310345;24.13793103;10.34482759;10.34482759;13.79310345
2021-10;National;RENNES;PARIS MONTPARNASSE;101;808;13;;320;10.83197917;4.378009259;;113;32.64247788;5.093623737;;74;43.19707207;33;16;25.22522523;27.927927927927897;17.11711712;18.01801802;4.504504504504499;7.207207207207212
2021-10;National;TOULON;PARIS LYON;253;290;1;;82;10.84085366;3.153900709;;32;40.32291667;4.19964539;;32;40.32291667;19;5;43.75;3.125;9.375;18.75;9.375;15.625
2021-10;National;MARNE LA VALLEE;LYON PART DIEU;109;383;2;;255;9.398888889;6.3699024822695005;;62;36.45080645;7.440957447;;39;50.51239316;24;11;15.0;11.66666667;31.66666667;21.66666667;10.0;10.0
2021-10;National;PARIS LYON;AIX EN PROVENCE TGV;184;374;0;;49;18.50816327;2.04402852;;46;38.00652174;6.751426025;;44;39.04810606;21;6;13.33333333;24.44444444;24.44444444;20.0;6.666666667;11.111111111111098
2021-10;National;LYON PART DIEU;MARSEILLE ST CHARLES;105;443;1;;243;13.2558299;7.3163273;;89;38.32097378;8.805241327;;72;44.26342593;34;12;14.606741573033698;21.34831461;20.2247191;10.11235955;8.988764045;24.719101123595497
2021-10;International;PARIS EST;STUTTGART;199;150;1;;41;10.93414634;3.074161074;;12;41.15138889;4.558389262;;12;41.15138889;6;3;25.0;8.333333333;25.0;8.333333333;8.333333333;25.0
2021-10;National;BREST;PARIS MONTPARNASSE;233;246;5;;15;16.73333333;1.0765957446808498;;30;38.34222222;6.140212766;;30;38.34222222;11;6;27.5862069;24.13793103;20.68965517;24.13793103;3.448275862;0.0
2021-10;National;PARIS MONTPARNASSE;TOULOUSE MATABIAU;265;222;6;;26;25.30705128;2.396434109;;38;48.20701754;9.019147287;;38;48.20701754;27;8;21.05263158;28.94736842;18.42105263;5.263157895;5.263157895;21.05263158
2021-10;National;PARIS NORD;LILLE;66;579;4;;62;25.864784946236583;2.1506666666666674;;62;33.79024927;3.352318840579709;;35;50.424285714285766;21;8;11.610255505052718;3.358192489298797;16.618860597502305;16.618860597502305;15.02581527734873;36.76801553329508
2021-10;National;LYON PART DIEU;MONTPELLIER;114;233;1;;100;17.9575;6.160822511;;60;31.55055556;8.270634921;;43;38.81666667;19;6;10.0;38.33333333;16.66666667;16.66666667;3.333333333;15.0
2021-10;National;PARIS MONTPARNASSE;ANGOULEME;132;270;8;;36;15.81203704;1.820101781;;24;32.74027778;3.847519084;;17;40.95686275;11;2;8.333333333;29.166666666666703;8.333333333;8.333333333;20.83333333;25.0
2021-10;National;PARIS MONTPARNASSE;NANTES;137;532;16;;53;22.90880503144649;2.010109819;;59;42.08220339;4.726937984;;52;46.15320513;29;9;22.03389831;18.6440678;10.16949153;22.03389831;3.389830508;23.728813559322003
2021-10;National;POITIERS;PARIS MONTPARNASSE;100;414;13;;157;7.115923567;2.636097152428809;;39;26.633760683760705;2.860552764;;21;41.87380952;9;5;7.894736842;15.78947368;36.84210526;15.78947368;10.52631579;13.15789474
2021-10;National;SAINT ETIENNE CHATEAUCREUX;PARIS LYON;171;119;1;;10;4.205;0.468247126;;17;25.55294118;5.609770115;;11;32.75151515;3;1;5.882352941;23.52941176;35.29411765;23.52941176;5.882352941;5.882352941
2021-10;National;VALENCE ALIXAN TGV;PARIS LYON;136;351;0;;241;13.5642462;9.356714286;;86;33.96918605;8.469809524;;69;38.95845411;27;7;30.23255814;31.39534884;17.44186047;8.139534883720929;5.813953488;6.976744186
2021-10;National;METZ;PARIS EST;87;276;3;;125;10.51346667;4.774908425;;88;20.55416667;7.322344322;;30;41.295;20;6;4.545454545454549;35.22727273;28.40909091;9.090909091;13.63636364;9.090909091
2021-10;National;NIMES;PARIS LYON;181;239;0;;153;13.957516339869304;8.931450488;;61;34.38579235;10.16617852;;57;35.92105263;19;5;36.06557377;31.14754098;11.47540984;9.836065574;6.557377049;4.918032787
2021-10;National;STRASBOURG;PARIS EST;121;535;1;;264;8.542361111;4.267915106;;57;23.66695906;3.261142322;;33;30.87676768;11;3;12.28070175;19.29824561;42.105263157894704;7.01754386;10.52631579;8.771929825
2021-10;National;PARIS LYON;BESANCON FRANCHE COMTE TGV;132;144;0;;18;19.87777778;2.348842593;;18;24.00740741;4.747569444;;8;36.23333333;3;1;5.555555555555561;16.66666667;16.66666667;33.33333333;16.66666667;11.11111111
2021-10;National;PARIS MONTPARNASSE;BREST;227;217;10;;19;10.62017544;0.47979066;;21;39.11904762;5.333333333;;21;39.11904762;6;2;35.0;15.0;5.0;25.0;0.0;20.0
2021-10;International;PARIS LYON;LAUSANNE;232;127;2;;12;24.65833333;1.018;;13;37.42307692;5.610133333;;13;37.42307692;5;2;7.692307692;46.15384615;23.07692308;23.07692308;0.0;0.0
2021-10;National;DOUAI;PARIS NORD;75;161;1;;59;8.199717514;3.169002123;;37;22.38603604;5.760084926;;12;49.57083333;9;2;10.81081081;27.02702703;29.72972972972969;10.81081081;10.81081081;10.81081081
2021-10;National;LILLE;MARSEILLE ST CHARLES;299;227;1;;38;20.429385964912267;3.2404129793510297;;40;51.76312872975274;10.231932153392322;;40;49.77958333;21;9;10.0;22.5;10.00000000000002;19.99999999999999;7.5;30.0
2021-10;National;MONTPELLIER;LYON PART DIEU;114;202;0;;63;15.10026455;4.781757877;;27;45.33209877;7.013349917;;26;46.59230769;15;8;26.92307692;30.76923077;7.692307692;7.692307692;11.53846154;15.38461538
2021-10;National;NICE VILLE;PARIS LYON;363;228;1;;30;10.03388889;1.175942685;;27;37.97592593;4.228808446;;27;37.97592593;16;3;48.14814815;3.703703704;11.11111111;18.51851852;3.703703704;14.81481481
2021-10;National;TOULOUSE MATABIAU;PARIS MONTPARNASSE;264;214;2;;32;19.75260417;3.05300813;;28;39.34107143;6.185447154;;28;39.34107143;14;3;17.85714286;32.14285714;10.71428571;3.571428571;17.85714286;17.85714286
2021-10;National;LILLE;LYON PART DIEU;187;328;2;;114;9.046783625730992;3.138036809815953;;45;36.36114568515888;8.003118609406949;;34;49.26519607843135;20;10;13.641975308641983;11.296296296296294;20.432098765432062;29.62962963;11.419753086419762;13.580246913580238
2021-10;National;PARIS EST;REIMS;46;214;0;;44;14.651136363636398;3.029517134;;28;27.963095238095203;4.223598131;;16;41.63020833;9;4;7.692307692;3.846153846;26.92307692;19.23076923;3.846153846;38.46153846
2021-10;National;PARIS NORD;ARRAS;48;491;3;;54;27.76419753;2.762568306;;44;41.55492424;4.358913934;;23;70.87101449;21;9;7.142857143;2.380952381;7.142857143;11.904761904761902;9.523809524;61.9047619
2021-10;National;PARIS NORD;DOUAI;70;136;1;;14;22.60952381;2.077283951;;15;33.62666667;4.309876543;;5;77.52333333;2;2;7.142857143;0.0;21.42857143;14.28571429;14.28571429;42.85714286
2021-10;National;ANGERS SAINT LAUD;PARIS MONTPARNASSE;98;513;10;;188;10.49955674;4.084242424;;70;34.0552381;4.316397306;;43;48.42093023255809;24;11;26.08695652;21.73913043;11.5942029;15.94202899;8.695652173913041;15.94202899
2021-10;National;LYON PART DIEU;PARIS LYON;122;695;2;;306;6.663562092;3.014836224;;77;26.10108225;4.281286127;;44;35.8375;17;5;7.894736842;22.36842105;25.0;17.10526316;3.947368421;23.68421053
2021-10;International;BARCELONA;PARIS LYON;405;31;0;;0;0.0;0.0;;12;0.0;14.14086022;;12;31.575;4;1;83.33333333;16.66666667;0.0;0.0;0.0;0.0
2021-10;National;ANGOULEME;PARIS MONTPARNASSE;131;233;7;;94;7.324645390070919;3.039189189;;23;40.99855072;4.684609609609611;;19;46.95701754;8;5;21.73913043;17.391304347826097;8.695652173913041;21.73913043;13.043478260869602;17.391304347826097
2021-10;National;PARIS EST;METZ;91;287;1;;61;13.18360656;2.546153846;;46;20.83550725;3.661480186;;16;41.96666667;9;4;8.888888888888891;20.0;22.22222222;20.0;11.111111111111098;17.77777778
2021-10;National;PARIS LYON;MARSEILLE ST CHARLES;195;557;0;;68;16.88823529;1.719778576;;65;36.60051282;5.701675643;;65;36.60051282;34;4;16.92307692;21.53846154;16.92307692;12.30769231;12.30769231;20.0
2021-10;National;PARIS LYON;PERPIGNAN;304;172;1;;18;14.59722222;1.018031189;;32;38.43229167;7.469005847953219;;32;38.43229167;19;3;21.875;28.125;25.0;21.875;0.0;3.125
2021-10;National;PARIS MONTPARNASSE;VANNES;155;266;12;;26;17.36474359;1.292322835;;35;36.47142857;6.452755906;;28;42.41071429;13;5;34.285714285714306;20.0;2.857142857;17.14285714;2.857142857;22.857142857142904
2021-10;National;STRASBOURG;NANTES;322;57;0;;8;3.095833333;0.44005848;;7;76.18095238;9.840350877;;7;76.18095238;6;3;42.85714286;42.85714286;0.0;14.28571429;0.0;0.0
2021-10;National;GRENOBLE;PARIS LYON;182;185;0;;7;6.0;0.227027027;;17;28.40686275;4.017117117;;15;30.38333333;6;1;29.41176471;11.76470588;23.52941176;23.52941176;0.0;11.76470588
2021-10;National;LILLE;PARIS NORD;68;595;4;;148;8.526463963963957;1.9899337118818825;;87;26.32057921892479;4.2116863709620045;;37;49.51036036036036;25;11;17.06583072100312;16.65830721003135;20.012539184952978;8.451410658307209;19.573667711598745;18.238244514106565
2021-10;National;PARIS MONTPARNASSE;ANGERS SAINT LAUD;96;506;13;;52;23.31955128;1.801386072;;49;34.11598639;4.138607167;;31;47.74032258;15;7;17.77777778;4.444444444444439;11.11111111;28.888888888888896;8.888888888888891;28.888888888888896
2021-10;National;PARIS MONTPARNASSE;POITIERS;100;484;14;;45;14.79037037;1.000815603;;34;22.7877451;1.9853191489361697;;17;35.16176471;7;1;15.151515151515198;12.12121212;12.12121212;27.27272727;6.0606060606060606;27.27272727
2021-10;National;TOURS;PARIS MONTPARNASSE;79;158;5;;15;8.874444444;0.808278867;;15;22.14111111;2.449346405;;5;46.06;4;1;0.0;21.42857143;35.71428571;14.28571429;7.142857143;21.42857143
2021-10;International;ITALIE;PARIS LYON;447;90;0;;53;2.877358491;1.8197674418604697;;43;35.58139535;17.06046512;;43;35.58139535;16;5;39.53488372;11.62790698;27.90697674;9.302325581395351;4.651162791;6.976744186
2021-10;National;LE CREUSOT MONTCEAU MONTCHANIN;PARIS LYON;83;195;0;;94;8.026595745;3.8738461538461504;;37;18.92702703;4.338803419;;12;36.87777778;5;2;2.777777778;30.555555555555603;33.33333333;8.333333333;5.555555556;19.44444444
2021-10;National;PARIS MONTPARNASSE;BORDEAUX ST JEAN;144;881;19;;98;16.33146259;1.46450116;;77;37.80887446;3.330800464;;66;41.97045455;33;10;26.31578947;19.73684211;5.263157895;11.84210526;15.78947368;21.05263158
2021-10;National;PARIS MONTPARNASSE;LE MANS;64;463;17;;49;25.97346939;2.507810164;;41;31.30325203;1.810911809;;17;62.08137255;13;7;12.19512195;7.317073170731709;14.63414634;24.3902439;17.07317073;24.3902439
2021-10;National;VANNES;PARIS MONTPARNASSE;162;276;4;;131;9.333715013;4.698664122;;45;37.01185185;6.747582697;;31;47.3311828;15;7;31.11111111;33.33333333;15.55555556;15.55555556;0.0;4.444444444444439
2021-10;International;STUTTGART;PARIS EST;205;150;0;;40;8.275;2.216555556;;17;27.79019608;3.9133333333333296;;17;27.79019608;4;1;17.64705882;17.64705882;41.17647059;17.64705882;5.882352941;0.0
2021-10;National;BESANCON FRANCHE COMTE TGV;PARIS LYON;132;158;0;;43;3.308914729;0.796390658;;14;36.01309524;4.535138004;;9;47.95;3;1;15.38461538;38.46153846;7.692307692;30.76923077;0.0;7.692307692
2021-10;National;BORDEAUX ST JEAN;TOURCOING;315;31;3;;7;5.34047619;1.11547619;;0;0.0;0.678571429;;0;0.0;0;0;0.0;0.0;0.0;0.0;0.0;0.0
2021-10;National;LYON PART DIEU;LILLE;188;303;0;;212;9.218081761006289;6.458090809080905;;66;31.16864045106371;8.209490949094905;;50;37.55399999999996;19;11;13.63636363636363;13.63636363636363;27.272727272727256;7.575757575757574;7.575757575757576;30.30303030303033
2021-10;National;LYON PART DIEU;MARNE LA VALLEE;110;358;6;;246;9.919783198;6.909190476;;80;28.47395833;8.074333333;;53;36.19842767;18;10;16.883116883116898;19.48051948;24.67532468;10.38961039;7.792207792;20.77922078
2021-10;National;PARIS LYON;MULHOUSE VILLE;174;241;0;;39;22.14444444;3.404840941;;25;41.252;4.557123098;;18;51.88981481;11;4;0.0;8.0;12.0;44.0;20.0;16.0
2021-10;National;PARIS MONTPARNASSE;LAVAL;86;249;8;;23;12.6942029;0.855117566;;17;27.28333333;2.623720609;;10;39.54833333;7;1;6.25;0.0;18.75;12.5;6.25;56.25
2021-10;National;PARIS NORD;DUNKERQUE;130;176;0;;18;30.078703703703702;2.725904762;;18;42.55555556;4.371428571;;16;46.125;11;3;11.11111111;11.11111111;5.555555555555561;11.11111111;16.66666667;44.44444444
2021-10;National;QUIMPER;PARIS MONTPARNASSE;229;251;4;;19;17.53421053;1.42822695;;28;48.70416667;6.337021277;;28;48.70416667;13;7;42.85714286;28.57142857;17.85714286;10.71428571;0.0;0.0
2021-10;International;PARIS EST;FRANCFORT;229;174;4;;26;15.8224359;2.110098039;;35;32.64761905;10.37568627;;35;32.64761905;12;4;20.0;5.714285714;37.142857142857096;20.0;11.42857143;5.714285714
2021-10;National;LA ROCHELLE VILLE;PARIS MONTPARNASSE;172;148;3;;8;5.48125;0.312847222;;8;19.16041667;2.56087963;;3;28.64444444;1;0;0.0;37.5;25.0;25.0;0.0;12.5
2021-10;National;MARSEILLE ST CHARLES;MARNE LA VALLEE;213;284;4;;38;14.22938596;1.745;;44;36.33484848;8.5475;;44;36.33484848;15;8;18.18181818;18.18181818;18.18181818;6.818181818;13.63636364;25.0
2021-10;National;PARIS LYON;NIMES;178;216;0;;25;27.55533333;2.214274691;;37;34.1963964;7.938425926;;26;43.40961538;13;3;9.090909091;45.454545454545496;12.121212121212098;30.303030303030297;0.0;3.03030303
2021-10;National;PERPIGNAN;PARIS LYON;312;183;0;;34;20.81568627;3.4418032786885195;;34;31.49215686274509;6.613934426;;34;31.49215686274509;11;3;38.23529412;32.35294118;8.823529412;11.76470588;5.882352941;2.941176471
2021-10;National;REIMS;PARIS EST;46;212;1;;43;6.431007752;1.394075829;;20;19.42666667;3.105450237;;8;35.59791667;5;0;0.0;20.0;30.0;20.0;10.0;20.0
2021-10;National;AVIGNON TGV;PARIS LYON;170;377;0;;142;11.0556338;4.030857648;;49;35.48469388;4.756719717;;36;43.75601852;14;7;14.28571429;12.244897959183698;24.48979592;14.28571429;16.32653061;18.36734694
2021-10;National;NANTES;STRASBOURG;335;57;0;;9;7.425925926;1.100877193;;5;31.49666667;3.2377192982456204;;5;31.496666666666705;1;1;20.0;20.0;20.0;0.0;0.0;40.0
2021-10;National;BELLEGARDE (AIN);PARIS LYON;164;196;0;;45;7.527777778;1.720493197;;25;25.864;4.23707483;;14;36.10952381;5;1;16.66666667;8.333333333;41.66666667;12.5;4.166666667;16.66666667
2021-10;National;LE MANS;PARIS MONTPARNASSE;64;408;9;;195;9.255811966;4.619521411;;76;22.23157895;4.540722082;;27;46.849382716049405;15;5;12.32876712;26.02739726;16.43835616;21.91780822;13.69863014;9.589041096
2021-10;National;MARSEILLE ST CHARLES;LILLE;283;200;0;;25;12.95733333333334;1.478916666666667;;32;35.42563636363638;8.665666666666667;;32;36.05156250000002;14;6;12.499999999999975;18.74999999999997;28.125000000000018;12.5;9.375;18.750000000000018
2021-10;National;MARSEILLE ST CHARLES;TOURCOING;296;31;0;;9;19.34814815;5.282258065;;10;42.4;15.51612903;;10;42.4;5;2;20.0;10.0;0.0;0.0;20.0;50.0
2021-10;National;NANTES;PARIS MONTPARNASSE;138;539;12;;128;12.14908854;2.751201771;;63;40.06296296;5.6128716;;46;50.03949275;27;13;29.032258064516096;22.58064516;9.677419355;17.74193548;9.677419355;11.29032258
2021-10;National;PARIS LYON;BELLEGARDE (AIN);164;191;0;;21;10.44761905;0.944764398;;34;27.22990196;6.148691099;;26;31.33397436;7;3;9.677419355;35.48387097;19.35483871;22.58064516;12.903225806451598;0.0
2021-10;National;PARIS LYON;LYON PART DIEU;121;696;1;;69;11.50458937;0.928081535;;46;39.03586957;3.502446043;;34;48.25686275;22;8;15.55555556;40.0;2.222222222;15.55555556;13.33333333;13.33333333
2021-10;National;PARIS LYON;VALENCE ALIXAN TGV;133;308;0;;35;16.86809524;1.608495671;;36;35.18194444;5.751731602;;29;40.73333333;17;3;13.88888889;36.11111111;11.11111111;27.77777778;5.555555555555561;5.555555555555561
2021-10;National;DUNKERQUE;PARIS NORD;131;170;1;;6;13.83333333;0.49704142;;19;29.57368421;5.042209073;;9;47.47407407;7;3;15.78947368;26.31578947;21.05263158;10.52631579;5.263157895;21.05263158
2021-10;National;TOURCOING;BORDEAUX ST JEAN;299;31;3;;2;1.0;0.07797619;;3;62.24444444;7.900595238;;3;62.24444444444439;3;1;66.66666667;33.33333333;0.0;0.0;0.0;0.0
2021-10;National;LAVAL;PARIS MONTPARNASSE;86;257;3;;83;11.24839357;3.600656168;;32;25.17083333333329;3.937532808;;15;42.968888888888905;7;3;31.25;21.875;18.75;12.5;6.25;9.375
2021-10;International;ZURICH;PARIS LYON;248;78;0;;32;1.507291667;1.043506494;;5;66.12666667;6.683549783549781;;5;66.12666667;2;2;0.0;20.0;20.0;40.0;0.0;20.0
2021-10;National;BORDEAUX ST JEAN;PARIS MONTPARNASSE;142;881;15;;292;10.97328767;3.084490741;;108;32.20632716;4.502411265;;75;40.44022222;34;12;22.64150943;20.75471698;16.03773585;10.37735849;11.32075472;18.867924528301906
2021-10;National;MARSEILLE ST CHARLES;LYON PART DIEU;104;419;0;;96;12.75711806;2.823587908;;48;31.69201388888889;4.927128083;;33;39.78383838;15;6;23.404255319148906;14.89361702;10.63829787;17.0212766;19.14893617;14.89361702
2021-10;National;PARIS LYON;GRENOBLE;182;194;0;;24;15.688888888888902;1.700085911;;19;40.05263158;5.221649485;;19;40.05263158;12;2;10.52631579;21.05263158;0.0;26.31578947;21.05263158;21.05263158
2021-10;National;PARIS LYON;LE CREUSOT MONTCEAU MONTCHANIN;83;212;0;;18;13.70555556;0.932232704;;25;29.750666666666703;3.816745283;;12;53.60555555555559;10;3;0.0;42.105263157894704;10.52631579;21.05263158;10.52631579;15.78947368
2021-10;National;PARIS MONTPARNASSE;LA ROCHELLE VILLE;178;149;3;;13;21.251282051282097;1.469748858;;11;41.54545455;5.373287671;;11;41.54545455;6;2;0.0;27.27272727;27.27272727;27.27272727;0.0;18.18181818
2021-10;National;ST MALO;PARIS MONTPARNASSE;163;93;0;;2;28.54166667;0.525362319;;3;49.73333333;2.353623188;;3;49.73333333;2;1;33.33333333;33.33333333;0.0;33.33333333;0.0;0.0
2021-10;National;PARIS LYON;ANNECY;222;139;1;;14;17.51785714;1.559782609;;13;47.730769230769205;6.768115942;;13;47.73076923;8;2;23.07692308;30.76923077;7.692307692;7.692307692;23.07692308;7.692307692
2021-10;National;PARIS LYON;TOULON;245;295;8;;35;18.97619048;1.619512195;;48;36.84618056;6.87688734;;48;36.84618056;25;3;19.14893617;12.765957446808502;23.404255319148906;10.63829787;17.0212766;17.0212766
2021-10;National;PARIS MONTPARNASSE;QUIMPER;224;249;17;;25;17.72266667;1.373060345;;28;33.82142857;4.678879310344831;;28;33.82142857;11;2;17.85714286;25.0;10.71428571;17.85714286;3.571428571;25.0
2021-10;International;FRANCFORT;PARIS EST;235;175;3;;72;4.624074074;2.133723197;;20;31.751666666666704;5.081091618;;20;31.75166667;9;2;0.0;20.0;50.0;15.0;5.0;10.0
2021-10;National;ARRAS;PARIS NORD;50;503;2;;244;8.575546448;4.208815702;;97;23.81237113;5.402860945;;33;51.06060606;27;9;16.666666666666703;26.041666666666703;27.083333333333297;8.333333333;9.375;12.5
2021-10;National;PARIS LYON;MACON LOCHE;98;195;0;;15;17.45333333;1.158717949;;14;35.10238095;4.158717949;;11;40.86212121;5;2;21.42857143;21.42857143;7.142857143;14.28571429;21.42857143;14.28571429
2021-10;International;LAUSANNE;PARIS LYON;234;131;0;;88;3.051325758;2.050520833;;9;50.71851852;4.85390625;;9;50.71851852;6;2;0.0;42.85714286;14.28571429;14.28571429;14.28571429;14.28571429
2021-10;National;PARIS LYON;AVIGNON TGV;163;359;0;;47;15.58085106;1.7720519962859802;;46;31.14311594;4.959238626;;36;36.17824074;15;3;13.63636364;25.0;22.72727272727269;22.72727272727269;9.090909090909092;6.818181818
2021-10;National;PARIS MONTPARNASSE;ST PIERRE DES CORPS;66;499;11;;41;9.819918699;0.410040984;;25;18.564;1.186919399;;15;25.25888889;3;0;8.695652173913041;8.695652173913041;13.043478260869602;8.695652173913041;8.695652173913041;52.17391304
2021-10;National;AIX EN PROVENCE TGV;PARIS LYON;191;398;1;;156;9.114850427;3.578493266;;38;38.82894737;4.272348485;;38;38.82894737;17;7;21.05263158;7.894736842;13.15789474;18.42105263;15.78947368;23.68421053
2021-10;National;LYON PART DIEU;RENNES;239;80;0;;50;5.660666667;3.679375;;6;25.91111111;4.303541667;;6;25.91111111;1;0;0.0;33.33333333;0.0;66.66666667;0.0;0.0
2021-10;International;PARIS LYON;BARCELONA;401;31;0;;3;9.077777778;0.625268817;;0;0.0;0.0;;0;0.0;0;0;0.0;0.0;0.0;0.0;0.0;0.0
2021-10;International;PARIS LYON;GENEVE;193;186;2;;20;10.31416667;0.9184782608695649;;17;34.84509804;3.252173913;;17;34.84509804;6;2;11.76470588;52.94117647;17.64705882;17.64705882;0.0;0.0
2021-10;National;PARIS EST;NANCY;95;256;0;;31;9.91344086;1.295052083;;18;27.3212963;3.119205729;;12;34.83333333;7;0;0.0;11.11111111;11.11111111;22.22222222;5.555555555555561;50.0
2021-10;National;PARIS MONTPARNASSE;RENNES;100;773;19;;71;15.8758216;1.044805482;;63;27.70952381;2.563881521;;37;39.24279279;18;5;22.22222222;17.46031746;4.761904762;17.46031746;6.349206349206351;31.74603175
2021-10;National;PARIS MONTPARNASSE;TOURS;79;166;2;;10;4.806666667;-0.154471545;;8;13.86666667;1.135060976;;4;18.47916667;0;0;25.0;0.0;0.0;0.0;0.0;75.0
2021-10;National;ANNECY;PARIS LYON;227;138;0;;13;15.46153846;1.462895377;;49;32.35102041;13.52274939;;49;32.35102041;18;4;33.33333333333329;18.75;29.166666666666703;8.333333333333332;6.25;4.166666667
2021-10;National;CHAMBERY CHALLES LES EAUX;PARIS LYON;186;176;0;;129;24.38850129;16.45028409;;86;31.46744186;16.85653409;;70;35.49309524;25;8;41.86046511627911;18.604651162790702;22.093023255814003;6.976744186;4.651162791;5.813953488
2021-10;National;MARNE LA VALLEE;MARSEILLE ST CHARLES;213;284;1;;146;12.3413242;6.466725768;;53;51.94779874;11.29751773;;53;51.94779874;30;14;9.433962264;24.52830189;11.32075472;18.86792453;5.660377358;30.18867925
2021-10;National;NANCY;PARIS EST;95;280;1;;82;10.17865854;3.000776583;;30;28.09444444;3.798685783;;17;41.56176471;11;3;23.33333333;23.33333333;16.66666667;13.33333333;10.0;13.33333333
2021-10;National;ST PIERRE DES CORPS;PARIS MONTPARNASSE;66;467;15;;177;8.602165725;3.539606533;;57;24.81959064;3.057535264;;20;52.5475;14;6;5.454545455;16.36363636;30.909090909090903;12.727272727272702;7.272727273;27.27272727
2021-11;International;ZURICH;PARIS LYON;247;110;0;;38;2.340350877;1.212844037;;9;25.92777778;3.027370031;;9;25.92777778;3;0;0.0;12.5;50.0;37.5;0.0;0.0
2021-11;National;BREST;PARIS MONTPARNASSE;229;231;1;;14;25.48928571;1.555072464;;45;37.38111111;9.773550725;;45;37.38111111;16;7;48.88888889;20.0;6.666666667;6.666666667;8.888888888888891;8.888888888888891
2021-11;National;MARSEILLE ST CHARLES;LILLE;283;196;1;;35;20.569047619047627;3.5005128205128164;;43;53.73218381976449;14.04188034188032;;43;52.74224806201549;22;10;27.906976744186025;0.0;13.953488372093013;4.651162790697678;13.953488372093014;39.53488372093019
2021-11;National;PARIS LYON;NICE VILLE;361;196;4;;17;25.68333333;1.7281249999999997;;29;77.92183908;11.22543403;;29;77.92183908;22;12;27.5862069;10.34482759;20.68965517;10.34482759;6.896551724;24.13793103
2021-11;National;TOULON;PARIS LYON;253;281;0;;73;12.36210046;3.18922619;;45;53.23703704;8.561071429;;45;53.23703704;29;17;35.55555556;15.55555556;8.888888888888891;17.77777778;6.666666667;15.55555556
2021-11;National;BELLEGARDE (AIN);PARIS LYON;164;190;0;;72;4.506481481;1.7363315696648998;;19;41.65175439;4.59691358;;9;73.27962963;8;4;52.63157895;10.52631579;21.05263158;10.52631579;0.0;5.263157895
2021-11;National;LILLE;MARSEILLE ST CHARLES;299;221;0;;45;14.95481481;2.846304675716442;;50;47.45906932573598;12.871644042232251;;50;48.74033333333332;27;12;23.99999999999997;11.99999999999998;26.000000000000007;10.000000000000018;5.9999999999999805;22.00000000000001
2021-11;National;STRASBOURG;PARIS EST;121;515;2;;233;8.266738197;3.813450292;;47;30.33829787;2.985997401;;30;40.06166667;20;5;2.127659574;8.510638298;40.42553191489359;23.404255319148906;2.127659574;23.404255319148906
2021-11;National;LYON PART DIEU;MARSEILLE ST CHARLES;104;423;0;;263;14.19917617;8.870853081;;114;39.55336257;11.54443128;;90;46.52333333;52;19;18.5840708;11.50442478;26.54867257;14.15929204;6.194690265;23.00884956
2021-11;National;NANCY;PARIS EST;94;270;1;;67;8.826865672;2.230855019;;30;25.68777778;3.395724907;;16;38.70520833;8;3;27.5862069;6.896551724;20.68965517;20.68965517;10.34482759;13.79310345
2021-11;National;PARIS MONTPARNASSE;LE MANS;62;445;0;;49;11.69455782;0.967041199;;26;22.67884615;0.644606742;;10;43.235;5;2;8.333333333333329;16.66666667;12.5;20.83333333;8.333333333333329;33.33333333
2021-11;National;PARIS NORD;DUNKERQUE;130;169;6;;11;11.84545455;0.354601227;;13;16.0;1.171779141;;4;22.5;0;0;27.27272727;9.090909091;18.18181818;18.18181818;0.0;27.27272727
2021-11;National;ANGERS SAINT LAUD;PARIS MONTPARNASSE;94;485;0;;160;7.685104166666671;2.616321601;;71;22.91244131;4.526086957;;38;33.94780702;13;5;11.29032258;16.12903226;32.25806452;8.064516129;3.2258064516128995;29.032258064516096
2021-11;National;NIMES;PARIS LYON;180;221;0;;183;12.51885246;10.3852187;;71;41.17605634;15.14396682;;63;44.8037037;32;9;18.30985915;26.76056338;21.12676056;15.49295775;8.450704225;9.85915493
2021-11;National;PARIS LYON;MACON LOCHE;98;180;0;;24;23.83958333333329;1.898611111;;22;31.56287879;6.13962963;;18;35.46851852;8;3;19.04761905;14.28571429;14.28571429;33.33333333;19.04761905;0.0
2021-11;National;PARIS LYON;MARSEILLE ST CHARLES;195;536;2;;65;29.7474359;3.322503121;;86;74.57596899;13.69400749;;86;74.57596899;57;28;31.76470588;9.411764706;7.058823529;29.41176471;8.235294118;14.11764706
2021-11;International;LAUSANNE;PARIS LYON;229;130;0;;88;4.653219697;3.270502646;;8;38.55833333;3.803571429;;8;38.55833333;4;1;12.5;25.0;37.5;0.0;12.5;12.5
2021-11;National;LILLE;PARIS NORD;69;583;1;;137;7.422871046228706;1.561626575028636;;60;20.214997604800168;2.589776632302405;;24;33.88055555555556;11;2;18.33333333333331;3.333333333333336;20.0;26.666666666666668;16.666666666666668;14.99999999999998
2021-11;National;LAVAL;PARIS MONTPARNASSE;84;249;1;;116;10.6158046;4.957017544;;63;24.95714286;7.622672065;;36;34.87685185;10;3;19.35483871;27.419354838709697;35.48387097;4.838709677;4.838709677;8.064516129
2021-11;National;LYON PART DIEU;MARNE LA VALLEE;110;343;2;;251;10.35225764;7.590420332355821;;80;46.38229167;12.84985337;;65;53.9374359;33;17;25.0;3.75;21.25;5.0;11.25;33.75
2021-11;National;PARIS LYON;AIX EN PROVENCE TGV;185;355;1;;54;29.85895062;4.276600753;;70;69.54285714;15.50729755;;69;70.36618357;41;21;32.8358209;10.44776119;10.44776119;34.32835821;5.970149254;5.970149254
2021-11;National;ST PIERRE DES CORPS;PARIS MONTPARNASSE;62;465;1;;155;6.547956989;2.352753623;;81;16.98251029;3.641268116;;30;30.91833333;13;1;11.42857143;15.71428571;30.0;22.857142857142897;4.285714286;15.71428571
2021-11;National;CHAMBERY CHALLES LES EAUX;PARIS LYON;186;160;0;;109;16.1587156;10.84760417;;69;34.56449275;16.84135417;;64;36.22890625;23;6;30.43478261;8.695652173913041;34.7826087;15.94202899;5.7971014492753605;4.347826086956521
2021-11;National;AIX EN PROVENCE TGV;PARIS LYON;192;387;0;;153;14.16688453;5.622987013;;52;65.65737179;9.755714286;;52;65.65737179;34;25;38.46153846;9.615384615;11.53846154;9.615384615;9.615384615;21.15384615
2021-11;National;DIJON VILLE;PARIS LYON;99;333;1;;162;6.911111111111109;3.46514691;;25;36.138;3.201570415;;21;40.10079365;9;3;24.0;8.0;20.0;24.0;8.0;16.0
2021-11;National;PARIS LYON;CHAMBERY CHALLES LES EAUX;177;157;0;;26;21.57051282;3.4291932059447894;;28;45.47440476;8.647558386;;25;49.238;13;8;28.57142857;10.71428571;10.71428571;32.14285714;10.71428571;7.142857143
2021-11;International;PARIS LYON;LAUSANNE;231;130;3;;17;15.00784314;1.851574803;;16;45.796875;6.844750656;;16;45.796875;10;3;12.5;18.75;25.0;37.5;6.25;0.0
2021-11;National;MACON LOCHE;PARIS LYON;99;274;0;;203;13.52192118;10.30805243;;95;38.14754386;11.00087391;;76;44.19078947;30;8;29.47368421;7.368421053;34.73684210526321;15.78947368;6.315789474;6.315789474
2021-11;National;PARIS MONTPARNASSE;LA ROCHELLE VILLE;175;192;0;;17;12.31470588;0.699565972;;16;22.96875;2.9609375;;8;33.625;6;0;18.75;31.25;12.5;18.75;6.25;12.5
2021-11;National;RENNES;LYON PART DIEU;232;70;0;;31;17.85268817;7.931428571428571;;25;47.768;19.66809524;;25;47.768;16;6;8.0;8.0;20.0;16.0;4.0;44.0
2021-11;National;PARIS EST;METZ;89;280;0;;54;11.40709877;2.253571429;;25;28.41466667;1.9950595238095297;;19;33.84298246;8;1;20.0;4.0;16.0;36.0;0.0;24.0
2021-11;International;GENEVE;PARIS LYON;194;180;0;;101;4.06980198;2.473333333;;9;73.27962963;5.568796296;;9;73.27962963;8;4;88.88888888888889;11.11111111;0.0;0.0;0.0;0.0
2021-11;International;BARCELONA;PARIS LYON;405;25;0;;0;0.0;0.0;;4;0.0;8.645138889;;4;37.27916667;2;0;100.0;0.0;0.0;0.0;0.0;0.0
2021-11;International;ITALIE;PARIS LYON;447;78;0;;42;5.083333333;2.894736842;;35;30.32666667;16.58399123;;35;30.32666667;12;1;31.42857143;2.857142857;34.285714285714306;20.0;8.571428571;2.857142857
2021-11;National;ANGOULEME;PARIS MONTPARNASSE;127;247;0;;100;5.5095;2.199932524;;26;27.53269231;4.239541161;;19;32.70614035;6;2;4.0;20.0;36.0;16.0;8.0;16.0
2021-11;National;LA ROCHELLE VILLE;PARIS MONTPARNASSE;170;188;0;;18;21.66666667;2.085992908;;19;34.88245614;5.346719858;;16;39.23229167;8;2;26.31578947;0.0;10.52631579;47.36842105;0.0;15.78947368
2021-11;National;VANNES;PARIS MONTPARNASSE;158;259;1;;153;6.58583878;3.674283854;;63;40.38280423;11.0891276;;53;45.30566037735849;22;10;50.793650793650805;19.04761905;14.28571429;7.936507937;3.1746031746031704;4.761904762
2021-11;National;PARIS LYON;AVIGNON TGV;163;337;0;;53;31.41257862;4.709742829;;67;63.38756219;13.93951533;;54;75.34722222;36;21;37.5;7.8125;3.125;37.5;10.9375;3.125
2021-11;International;STUTTGART;PARIS EST;205;143;0;;109;6.581498471;4.894483568;;9;38.36666667;2.450938967;;9;38.36666667;6;1;0.0;11.11111111;55.55555556;22.22222222;0.0;11.11111111
2021-11;National;GRENOBLE;PARIS LYON;185;177;0;;15;18.5;1.567890772;;24;57.97777777777771;9.89905838;;24;57.97777778;13;6;20.83333333;16.66666667;33.33333333;8.333333333;20.83333333;0.0
2021-11;National;PARIS LYON;LYON PART DIEU;121;676;0;;69;20.49951691;1.8196499013806693;;76;47.79100877;6.590779093;;57;59.06491228;30;17;31.57894737;15.78947368;18.42105263;19.73684211;5.263157895;9.210526316
2021-11;National;PARIS MONTPARNASSE;LAVAL;85;238;1;;23;13.82608696;1.050140647;;17;22.66862745;2.684950774;;10;32.555;3;1;25.0;12.5;18.75;12.5;6.25;25.0
2021-11;International;FRANCFORT;PARIS EST;236;170;2;;58;3.358333333;1.279840319;;20;41.3;5.964870259;;20;41.3;11;5;5.0;10.0;60.0;10.0;0.0;15.0
2021-11;National;NICE VILLE;PARIS LYON;363;221;0;;19;15.98245614;1.22982866;;38;49.71710526;7.69665109;;38;49.71710526;22;11;28.94736842;15.78947368;10.52631579;18.42105263;7.894736842;18.42105263
2021-11;National;PARIS NORD;LILLE;66;564;1;;51;12.139542483660104;0.7882770870337464;;48;18.70997874674348;1.7419775014801706;;19;31.066666666666706;8;1;15.500992063492042;0.0;20.01488095238092;26.636904761904773;8.804563492;29.042658730158703
2021-11;National;DUNKERQUE;PARIS NORD;129;165;2;;10;5.1;0.320754717;;13;27.435897435897395;3.2461215932914094;;9;33.62037037;4;1;23.07692308;7.692307692;15.38461538;38.46153846;7.692307692;7.692307692
2021-11;National;LE MANS;PARIS MONTPARNASSE;61;395;0;;199;11.60971524;5.942644558;;105;23.23809524;6.981079932;;50;37.402;20;5;15.84158416;36.63366337;23.76237624;5.940594059;4.950495049504951;12.87128713
2021-11;National;LYON PART DIEU;PARIS LYON;122;673;0;;309;8.114724919;3.79375;;87;46.12356322;6.635243056;;60;60.92666667;32;18;24.41860465;15.11627907;19.76744186046509;16.27906977;3.488372093;20.93023256
2021-11;National;MONTPELLIER;PARIS LYON;210;221;0;;106;15.74669811;7.303030303030291;;63;44.8037037;15.12674242;;63;44.8037037;32;9;20.63492063;23.80952381;20.63492063;15.87301587;7.936507937;11.11111111
2021-11;National;NANTES;PARIS MONTPARNASSE;134;512;0;;142;8.79342723;2.314615885;;58;30.15028736;4.88688151;;43;35.89302326;15;6;14.03508772;14.03508772;21.05263158;8.771929825;5.263157894736841;36.84210526
2021-11;National;PARIS EST;NANCY;96;248;0;;34;14.85882353;1.825336022;;22;27.06742424;3.467473118;;15;33.10222222;6;0;13.63636364;4.545454545454549;18.18181818;13.63636364;9.090909091;40.90909091
2021-11;National;PARIS EST;REIMS;46;206;0;;43;14.281395348837204;2.816585761;;29;24.92816092;4.159789644;;19;33.42105263;6;1;17.85714286;0.0;10.71428571;28.57142857;17.85714286;25.0
2021-11;National;PARIS EST;STRASBOURG;124;533;1;;100;13.40033333;2.56735589;;37;34.69234234;2.247556391;;33;37.2489899;16;5;16.21621622;2.702702703;10.81081081;35.13513514;5.405405405;29.72972972972969
2021-11;National;PARIS LYON;BELLEGARDE (AIN);164;176;0;;27;15.00864198;2.125;;34;35.64215686;8.470549242;;28;40.13988095;14;3;26.47058824;5.882352941;17.64705882;35.29411765;14.70588235;0.0
2021-11;National;PARIS MONTPARNASSE;POITIERS;96;500;0;;44;16.12651515;1.010466667;;36;21.57731481;2.0897;;20;29.372499999999995;6;1;8.333333333;13.88888889;8.333333333;33.33333333;5.555555555555561;30.555555555555603
2021-11;National;PARIS MONTPARNASSE;RENNES;98;751;1;;91;14.624358974358998;1.335777778;;84;23.75694444;3.144555556;;45;35.91481481;21;5;13.58024691;18.51851852;11.11111111;28.39506173;3.703703704;24.69135802
2021-11;National;PARIS MONTPARNASSE;TOULOUSE MATABIAU;262;184;0;;27;13.01975309;1.5241847826086998;;26;35.92692308;5.63134058;;26;35.92692308;13;3;26.92307692;19.23076923;11.53846154;3.846153846;15.38461538;23.07692308
2021-11;National;STRASBOURG;NANTES;321;50;0;;7;4.521428571;-0.095;;1;112.8333333;1.4753333333333305;;1;112.8333333;1;1;0.0;0.0;0.0;0.0;0.0;100.0
2021-11;National;DOUAI;PARIS NORD;74;161;1;;59;4.839265537;1.87327044;;24;13.53541667;2.880188679;;7;23.79047619;1;0;13.043478260869602;8.695652173913041;30.43478261;30.43478261;13.043478260869602;4.347826086956521
2021-11;National;PARIS LYON;MONTPELLIER;209;204;1;;29;25.89827586;3.129802956;;46;41.41123188;13.05558292;;46;41.41123188;26;8;28.26086957;15.2173913;4.347826086956521;34.78260869565219;8.695652173913041;8.695652173913041
2021-11;National;ANNECY;PARIS LYON;227;132;0;;6;21.16666667;0.965530303;;38;46.61929825;15.90328283;;38;46.61929825;15;6;28.94736842;10.52631579;34.21052632;18.42105263;5.263157895;2.631578947
2021-11;National;MULHOUSE VILLE;PARIS LYON;173;255;0;;104;4.755128205;1.965751634;;18;30.92037037;2.591437908;;14;35.64404762;6;1;5.882352941176469;23.52941176;29.41176471;29.41176471;0.0;11.76470588
2021-11;National;PARIS LYON;PERPIGNAN;303;136;6;;24;18.76458333;3.318205128;;29;52.4862069;13.90153846;;29;52.4862069;19;5;27.5862069;6.896551724;13.79310345;37.931034482758605;3.448275862;10.34482759
2021-11;National;LE CREUSOT MONTCEAU MONTCHANIN;PARIS LYON;83;189;0;;96;9.362152778;4.832168459;;39;37.64358974;5.976523297;;20;63.072500000000005;10;6;13.51351351;8.108108108;21.62162162;21.62162162;8.108108108;27.02702703
2021-11;National;MARSEILLE ST CHARLES;PARIS LYON;203;507;0;;118;14.71144068;3.176251647;;67;58.21940299;8.468017128;;67;58.21940299;46;27;37.31343284;13.43283582;5.970149254;14.92537313;7.462686567;20.89552239
2021-11;National;PARIS LYON;BESANCON FRANCHE COMTE TGV;131;167;0;;16;24.27916667;2.106786427;;17;47.14705882;4.880738523;;13;57.44615385;10;4;29.41176471;17.64705882;17.64705882;23.52941176;0.0;11.76470588
2021-11;National;PARIS MONTPARNASSE;ST PIERRE DES CORPS;63;480;2;;51;20.19052288;1.752440725;;50;23.36633333;2.876359833;;27;34.65185185;10;2;4.081632653;18.36734694;8.163265306;30.6122449;10.20408163;28.57142857
2021-11;National;LYON PART DIEU;MONTPELLIER;114;213;1;;119;17.53977591;9.166666667;;52;44.63557692;12.81705975;;43;51.113565891472895;18;8;15.68627451;13.7254902;37.254901960784295;19.607843137254903;1.960784314;11.76470588
2021-11;National;LYON PART DIEU;RENNES;239;71;0;;41;9.485772358;5.624647887;;11;56.40151515;11.41173709;;11;56.40151515;5;3;27.27272727;36.36363636;9.090909091;9.090909091;0.0;18.18181818
2021-11;National;PARIS LYON;SAINT ETIENNE CHATEAUCREUX;172;115;2;;14;11.46547619;1.158259587;;18;31.14814815;6.798082596;;12;40.075;5;2;22.22222222;11.11111111;33.33333333;16.66666667;5.555555555555561;11.11111111
2021-11;National;PARIS LYON;TOULON;243;281;1;;26;28.95192308;2.36125;;49;73.41258503;13.51136905;;49;73.41258503;34;18;24.48979592;6.12244898;16.32653061;28.57142857;4.081632653;20.40816327
2021-11;National;PARIS MONTPARNASSE;ANGOULEME;129;260;0;;29;20.90057471;1.998141026;;21;29.34603175;3.334230769;;17;33.03039216;8;1;4.761904762;4.761904762;0.0;23.80952381;33.33333333;33.33333333
2021-11;International;PARIS LYON;ITALIE;428;77;1;;11;14.24848485;1.475219298;;19;41.5;11.41447368;;19;41.5;8;4;11.11111111;22.22222222;38.88888889;22.22222222;0.0;5.555555556
2021-11;National;LYON PART DIEU;LILLE;187;289;0;;217;10.16958525345621;7.6757785467128095;;69;53.55596269803059;13.457727797001192;;58;55.83045977011496;28;15;23.18840579710145;1.4492753623188444;20.28985507246377;5.797101449275359;8.695652173913038;40.57971014492754
2021-11;National;MONTPELLIER;LYON PART DIEU;114;186;1;;51;12.37647059;3.5060688405797094;;29;32.47126437;6.91884058;;25;35.634;11;4;32.14285714;3.571428571428569;35.71428571;3.571428571428569;7.142857142857138;17.85714286
2021-11;National;PARIS MONTPARNASSE;BREST;227;204;2;;27;14.7;1.143234323;;29;49.60344828;8.608910891;;29;49.60344828;16;8;34.48275862;17.24137931;17.24137931;20.68965517;0.0;10.34482759
2021-11;National;PARIS LYON;VALENCE ALIXAN TGV;133;294;0;;46;28.55652174;4.279138322;;49;46.0877551;9.264569161;;40;53.39958333;28;9;20.40816327;8.163265306;10.204081632653102;38.7755102;14.28571429;8.163265306
2021-11;National;ST MALO;PARIS MONTPARNASSE;160;90;0;;7;3.15;0.2420370370370369;;15;25.01444444;5.471296296;;12;27.92361111;3;0;40.0;13.33333333;13.33333333;26.66666667;0.0;6.666666667
2021-11;International;PARIS EST;STUTTGART;200;143;1;;21;13.41984127;2.078286385;;10;31.383333333333297;5.190962441;;10;31.383333333333304;5;0;0.0;0.0;50.0;30.0;10.0;10.0
2021-11;International;PARIS LYON;GENEVE;193;170;0;;27;15.00864198;2.20745098;;19;43.55964912;5.526470588;;19;43.55964912;11;3;36.84210526;10.52631579;5.263157895;31.57894737;15.78947368;0.0
2021-11;National;MARNE LA VALLEE;MARSEILLE ST CHARLES;213;276;0;;136;13.0504902;6.541243961;;61;49.51229508;12.6807971;;61;49.51229508;36;14;24.59016393;13.1147541;27.86885245901641;8.196721311475411;4.918032787;21.31147541
2021-11;National;NANTES;STRASBOURG;324;49;0;;13;8.56025641;2.172108844;;3;51.59444444;2.97414966;;3;51.59444444;3;1;0.0;0.0;0.0;0.0;0.0;100.0
2021-11;National;PARIS MONTPARNASSE;ANGERS SAINT LAUD;93;487;2;;57;15.34649123;0.930446735;;44;29.3030303;3.057010309;;28;40.7452381;14;4;4.87804878;14.63414634;12.19512195;21.95121951;4.87804878;41.46341463
2021-11;National;PARIS MONTPARNASSE;QUIMPER;220;227;2;;33;13.3040404;1.1588148148148203;;29;40.70689655;5.902222222;;29;40.70689655;18;4;41.37931034;10.34482759;6.896551724;20.68965517;0.0;20.68965517
2021-11;National;MARSEILLE ST CHARLES;LYON PART DIEU;104;404;0;;99;14.360437710437704;3.221287129;;58;34.55574713;6.263655116;;44;41.46856061;28;8;18.965517241379303;8.620689655172411;29.31034483;13.79310345;10.34482759;18.965517241379303
2021-11;National;QUIMPER;PARIS MONTPARNASSE;225;236;1;;13;10.69230769;0.600572246;;44;41.06628787878789;9.623032904;;44;41.06628788;16;7;50.0;15.90909091;15.90909091;9.090909091;4.545454545454549;4.545454545454549
2021-11;National;BORDEAUX ST JEAN;PARIS MONTPARNASSE;138;880;0;;321;14.03561786;5.013560606;;139;40.08261391;7.549602272727279;;101;50.09356436;53;26;13.76811594;18.84057971;23.188405797101503;13.043478260869602;7.246376812;23.91304348
2021-11;National;PARIS MONTPARNASSE;NANTES;134;507;0;;60;14.68888889;1.250591716;;37;43.6972973;2.357166338;;27;55.29382716;17;7;5.405405405;16.21621622;10.81081081;21.62162162;5.405405405;40.54054054
2021-11;National;PARIS MONTPARNASSE;TOURS;75;157;3;;17;21.74803922;2.016341991;;18;23.43611111;3.325649351;;10;34.99333333;3;1;5.555555555555561;22.22222222;5.555555555555561;27.77777778;11.11111111;27.77777778
2021-11;National;REIMS;PARIS EST;46;204;1;;39;7.709401709401709;1.552873563;;28;19.225;3.292775041;;10;37.01;6;0;18.518518518518498;3.703703704;22.22222222;18.518518518518498;0.0;37.03703704
2021-11;National;TOURCOING;BORDEAUX ST JEAN;299;27;0;;3;3.666666667;0.407407407;;2;32.8;5.509876543;;2;32.8;2;0;50.0;50.0;0.0;0.0;0.0;0.0
2021-11;National;TOURS;PARIS MONTPARNASSE;75;145;1;;11;9.38030303;0.706365741;;27;13.62098765;3.728125;;8;23.73333333;1;0;8.695652173913041;13.043478260869602;34.7826087;17.39130435;8.695652173913041;17.39130435
2021-11;International;PARIS LYON;ZURICH;244;117;2;;15;10.00888889;1.1268115942029002;;11;50.23636364;7.278985507246379;;11;50.23636364;10;2;18.18181818;27.27272727;9.090909091;18.18181818;18.18181818;9.090909091
2021-11;National;AVIGNON TGV;PARIS LYON;170;368;0;;118;15.39110169;4.814116576;;60;50.807777777777794;8.622586521;;43;65.53565891;30;21;43.33333333;10.0;8.333333333;8.333333333;8.333333333;21.666666666666703
2021-11;National;MARNE LA VALLEE;LYON PART DIEU;109;380;0;;255;9.646013072;6.566491228;;88;33.325;9.951447368;;52;47.17564103;26;11;24.70588235;8.235294118;18.82352941;24.70588235;4.705882353;18.82352941
2021-11;National;PARIS MONTPARNASSE;BORDEAUX ST JEAN;140;866;0;;111;13.24009009;1.324769053;;60;32.25805556;2.221843726;;45;38.52703704;21;7;11.66666667;11.66666667;5.0;13.33333333;25.0;33.33333333
2021-11;National;RENNES;PARIS MONTPARNASSE;97;777;3;;394;11.26687817;5.760289667099011;;239;27.04191074;8.994293126;;137;39.12372263;49;18;35.04273504;20.51282051;18.37606838;8.11965812;6.41025641;11.53846154
2021-11;National;VALENCE ALIXAN TGV;PARIS LYON;136;326;0;;233;15.57353362;11.12714724;;98;39.93316327;12.99509202;;75;48.27844444;41;13;21.42857143;19.3877551;25.510204081632697;16.32653061;5.102040816;12.244897959183698
2021-11;International;PARIS EST;FRANCFORT;229;170;2;;20;17.03916667;2.14593254;;16;38.25729167;6.551686508;;16;38.25729167;9;2;6.666666667;6.666666667;46.66666667;13.33333333;13.33333333;13.33333333
2021-11;National;PARIS LYON;DIJON VILLE;97;368;0;;44;16.64772727;1.875226449;;44;37.29090909;4.074048913;;32;46.56875;22;7;25.0;15.90909091;25.0;25.0;4.545454545454549;4.545454545454549
2021-11;National;PARIS MONTPARNASSE;ST MALO;155;99;0;;7;20.48095238;1.013804714;;8;36.25416667;3.5393939393939395;;5;49.31666667;3;2;12.5;25.0;25.0;25.0;0.0;12.5
2021-11;National;PARIS NORD;DOUAI;71;116;0;;9;14.00740741;0.751149425;;13;21.51282051;3.552586207;;6;33.78055556;3;0;25.0;0.0;16.66666667;33.33333333;0.0;25.0
2021-11;National;BORDEAUX ST JEAN;TOURCOING;315;27;0;;5;4.183333333;0.497530864;;1;53.0;1.851851852;;1;53.0;1;0;0.0;0.0;100.0;0.0;0.0;0.0
2021-11;National;LILLE;LYON PART DIEU;186;328;0;;123;6.810975609756092;2.526321138211381;;73;36.04291934846423;10.534908536585371;;49;46.89829931972788;24;10;25.73545924096113;8.623399955086457;18.68403323602069;21.42375926341795;5.614192679;19.91915562542106
2021-11;National;MARSEILLE ST CHARLES;TOURCOING;296;30;0;;8;14.94166667;3.765555556;;7;36.71428571;10.1;;7;36.71428571;4;1;16.66666667;16.66666667;0.0;0.0;50.0;16.66666667
2021-11;National;PARIS LYON;GRENOBLE;185;185;1;;24;31.021527777777795;3.8174818840579694;;32;61.53125;11.22826087;;32;61.53125;21;10;18.75;12.5;18.75;43.75;3.125;3.125
2021-11;National;POITIERS;PARIS MONTPARNASSE;95;414;0;;154;7.373160173;2.608333333;;62;22.26075269;4.585225443;;32;34.06770833;12;2;5.084745763;16.94915254;42.37288136;16.94915254;5.084745763;13.55932203
2021-11;National;TOULOUSE MATABIAU;PARIS MONTPARNASSE;259;168;0;;25;12.99066667;1.867361111;;29;51.67413793;10.84553571;;29;51.67413793103451;19;9;27.5862069;17.24137931;13.79310345;13.79310345;3.448275862;24.13793103
2021-11;National;BESANCON FRANCHE COMTE TGV;PARIS LYON;132;173;0;;47;3.111347517730501;0.724366472;;6;42.675;0.970955166;;5;48.02666667;3;1;0.0;16.66666667;16.66666667;33.33333333;0.0;33.33333333
2021-11;National;PARIS LYON;ANNECY;222;133;0;;21;24.453174603174595;3.673308271;;18;63.63888889;11.31203008;;18;63.63888889;11;8;22.22222222;16.66666667;5.555555555555561;27.77777778;22.22222222;5.555555555555561
2021-11;National;PARIS LYON;LE CREUSOT MONTCEAU MONTCHANIN;83;202;0;;24;14.761805555555602;0.964108911;;28;18.83630952;3.395709571;;10;35.18666667;3;2;17.39130435;26.08695652;17.39130435;26.08695652;4.347826086956521;8.695652173913041
2021-11;National;PARIS LYON;MULHOUSE VILLE;173;269;0;;29;16.64885057;1.66047088;;31;45.19032258;4.398636927;;29;47.4137931;20;6;32.25806452;25.80645161;12.903225806451598;16.12903226;6.4516129032258105;6.4516129032258105
2021-11;National;PARIS LYON;NIMES;179;202;0;;29;25.89827586;3.144884488;;42;36.27936508;9.419471947;;32;43.42552083;20;6;35.71428571;7.142857143;4.761904762;35.71428571;11.9047619;4.761904762
2021-11;National;PARIS MONTPARNASSE;VANNES;151;242;0;;37;12.89279279;1.487258953;;40;26.1;5.311983471;;26;32.92307692;11;3;30.0;15.0;5.0;17.5;2.5;30.0
2021-11;National;PARIS NORD;ARRAS;48;471;2;;37;13.39009009;0.699182658;;35;17.89047619;2.022636816;;12;32.73055556;6;0;31.25;0.0;12.5;18.75;12.5;25.0
2021-11;National;SAINT ETIENNE CHATEAUCREUX;PARIS LYON;170;115;0;;8;2.916666667;0.296312684;;14;31.5297619;5.090265487;;9;41.58333333;5;1;21.42857143;14.28571429;21.42857143;35.71428571;0.0;7.142857143
2021-11;International;PARIS LYON;BARCELONA;401;25;1;;5;29.35;5.942361111111109;;0;0.0;0.0;;0;0.0;0;0;0.0;0.0;0.0;0.0;0.0;0.0
2021-11;National;ARRAS;PARIS NORD;50;490;3;;238;6.424159664;3.155578371;;62;18.54327957;3.139869952;;23;33.72101449;11;2;15.0;6.666666667;26.66666667;31.66666667;8.333333333;11.66666667
2021-11;National;MARSEILLE ST CHARLES;MARNE LA VALLEE;213;276;0;;55;19.44939394;3.637681159;;55;54.43878788;13.17844203;;55;54.43878788;34;16;34.545454545454504;0.0;16.36363636;3.636363636;21.81818182;23.63636364
2021-11;National;METZ;PARIS EST;86;271;0;;113;8.256489676;3.336223862;;54;20.63580247;4.892865929;;21;35.76031746;7;2;11.11111111;5.555555555555561;46.29629629629631;18.51851852;5.555555555555561;12.96296296
2021-11;National;PERPIGNAN;PARIS LYON;311;148;0;;35;15.19619048;3.497887324;;38;43.03114035;13.79624413;;38;43.03114035;21;4;28.94736842;15.78947368;26.31578947;15.78947368;0.0;13.15789474
2021-12;International;FRANCFORT;PARIS EST;233;174;16;;61;5.809562842;2.393037975;;17;31.13529412;4.402004219;;17;31.135294117647096;5;1;17.64705882;11.76470588;35.29411765;23.52941176;11.76470588;0.0
2021-12;National;BORDEAUX ST JEAN;PARIS MONTPARNASSE;139;923;11;;355;15.78873239;6.064452982;;145;41.80436782;8.379582876;;112;50.19136905;58;23;35.41666667;15.972222222222198;18.75;9.027777778;0.694444444;20.13888889
2021-12;National;GRENOBLE;PARIS LYON;180;186;5;;14;11.53571429;0.896593002;;11;30.41212121;2.703959484;;10;32.075;4;1;20.0;10.0;40.0;20.0;10.0;0.0
2021-12;National;PARIS LYON;NICE VILLE;357;213;5;;19;10.39385965;0.577163462;;21;41.63650794;4.889022436;;21;41.63650794;11;4;4.761904762;4.761904762;19.04761905;14.28571429;4.761904762;52.38095238
2021-12;National;MARNE LA VALLEE;MARSEILLE ST CHARLES;210;284;1;;134;14.25199005;6.81401649;;54;48.28981481;11.35977621;;54;48.28981481;34;10;4.0;20.0;12.0;16.0;4.0;44.0
2021-12;National;DOUAI;PARIS NORD;75;188;12;;44;6.048484848;1.582758621;;36;17.60462963;4.155172414;;9;39.81111111;5;1;12.121212121212102;18.18181818;30.303030303030297;24.242424242424203;0.0;15.151515151515198
2021-12;International;PARIS LYON;ITALIE;426;93;1;;15;18.05333333;2.742934783;;15;39.26666667;6.0217391304347805;;15;39.26666667;6;2;20.0;26.66666667;6.666666667;33.33333333;13.33333333;0.0
2021-12;National;PARIS LYON;AVIGNON TGV;160;384;7;;36;25.825;2.199867374;;37;37.80990991;4.32351901;;34;39.98088235;20;5;11.42857143;11.42857143;11.42857143;42.85714286;17.14285714;5.714285714285709
2021-12;National;PARIS MONTPARNASSE;ST PIERRE DES CORPS;62;522;3;;46;11.1365942;0.556165703;;61;16.66284153;2.507321773;;21;29.1031746;6;1;9.090909091;25.454545454545503;12.727272727272702;23.63636364;9.090909091;20.0
2021-12;National;PARIS NORD;LILLE;67;555;29;;59;19.900564971751432;1.8924271229404324;;50;30.37826860267293;2.7480038022813686;;29;44.598275862068974;13;4;4.153846153846152;20.853146853146875;10.398601398601407;31.32167832167828;4.167832167832172;29.104895104895128
2021-12;National;RENNES;PARIS MONTPARNASSE;97;815;3;;333;8.889339339;3.65053432;;147;22.45442177;5.220756268;;74;34.6490991;32;6;20.68965517;24.82758621;25.517241379310303;15.86206897;2.068965517;11.03448276
2021-12;International;PARIS LYON;BARCELONA;400;31;0;;2;3.75;-0.037096774;;0;0.0;0.0;;0;0.0;0;0;0.0;0.0;0.0;0.0;0.0;0.0
2021-12;National;ARRAS;PARIS NORD;50;503;37;;203;8.465106732;3.708118741;;96;18.40486111;4.416237482;;28;38.71726190476189;14;3;13.48314607;19.1011236;28.08988764;21.34831461;2.247191011;15.73033708
2021-12;National;BELLEGARDE (AIN);PARIS LYON;163;227;4;;69;14.87512077;4.611958146;;26;48.88333333;5.808893871449929;;20;59.4625;15;11;54.16666667;4.166666667;25.0;8.333333333333329;8.333333333333329;0.0
2021-12;National;MACON LOCHE;PARIS LYON;97;290;6;;245;13.78857143;11.98711584;;90;29.49537037;10.74208038;;71;33.53333333;33;5;42.22222222;8.888888888888891;21.11111111;18.88888889;3.333333333;5.555555555555561
2021-12;National;PARIS LYON;LYON PART DIEU;120;743;14;;70;14.31904762;1.087379973;;52;36.47307692;3.207841792;;40;43.20666667;28;5;13.7254902;15.68627451;19.607843137254903;27.45098039;17.64705882;5.882352941
2021-12;National;VALENCE ALIXAN TGV;PARIS LYON;133;399;6;;187;10.58547237;5.10974359;;61;34.83606557;5.691068376;;48;40.753125;20;8;28.33333333;21.66666667;20.0;15.0;10.0;5.0
2021-12;National;CHAMBERY CHALLES LES EAUX;PARIS LYON;176;258;4;;155;12.92827957;7.736417323;;81;30.194444444444404;10.81948819;;63;34.66878307;31;5;48.14814814814811;9.87654321;18.51851852;14.81481481;2.469135802;6.172839506172839
2021-12;National;MARSEILLE ST CHARLES;PARIS LYON;199;488;6;;85;17.35745098;2.821101871;;50;48.73933333;5.677581428;;50;48.73933333;24;12;20.0;18.0;14.000000000000002;8.0;0.0;40.0
2021-12;National;METZ;PARIS EST;86;306;2;;115;9.969130435;3.702467105;;49;27.6037415;4.629221491;;26;42.52307692;13;5;10.41666667;12.5;50.0;10.41666667;8.333333333333332;8.333333333333332
2021-12;National;REIMS;PARIS EST;46;229;2;;40;4.326666667;0.8532305433186491;;17;15.55588235;1.626211454;;5;33.74666667;2;0;5.882352941;29.41176471;29.41176471;5.882352941;0.0;29.41176471
2021-12;National;ST MALO;PARIS MONTPARNASSE;157;92;0;;4;27.62916667;1.206666667;;10;29.16333333;4.628888889;;8;33.46875;3;0;20.0;50.0;0.0;30.0;0.0;0.0
2021-12;National;PARIS EST;NANCY;96;291;2;;38;12.68684211;1.723068051;;17;30.35980392;2.300230681;;13;36.16923077;6;0;17.64705882;17.64705882;17.64705882;23.52941176;0.0;23.52941176
2021-12;National;PARIS LYON;DIJON VILLE;96;400;6;;40;21.22416667;2.040482234;;36;34.10277778;2.431641286;;29;39.11609195;19;2;13.88888889;5.555555555555561;5.555555555555561;50.0;22.22222222;2.7777777777777803
2021-12;National;PARIS MONTPARNASSE;VANNES;152;263;1;;36;8.986574074;0.775699746;;32;24.65625;4.465648855;;19;32.68421053;6;1;29.032258064516096;12.903225806451598;16.12903226;12.903225806451598;6.4516129032258105;22.58064516
2021-12;National;SAINT ETIENNE CHATEAUCREUX;PARIS LYON;169;120;2;;21;6.054761905;1.400297619;;17;26.541176470588205;5.146130952;;10;35.255;4;2;25.0;6.25;12.5;50.0;0.0;6.25
2021-12;National;DIJON VILLE;PARIS LYON;98;358;6;;151;7.585540838852099;3.329465138;;35;32.22619048;2.796466094;;27;37.94259259;13;5;36.36363636;3.03030303;21.21212121;30.303030303030297;6.060606061;3.03030303
2021-12;National;PARIS LYON;VALENCE ALIXAN TGV;131;340;6;;33;17.62525253;1.473453094;;25;42.03533333;4.190918164;;17;55.68039216;13;4;8.333333333;16.66666667;16.66666667;33.33333333;20.83333333;4.166666667
2021-12;National;PARIS MONTPARNASSE;BORDEAUX ST JEAN;141;930;14;;108;11.18796296;0.896870451;;71;31.91173709;3.186954148;;52;38.56378205;23;8;25.0;19.11764706;11.76470588;14.70588235;4.411764706;25.0
2021-12;National;PARIS MONTPARNASSE;POITIERS;95;539;2;;49;9.819047619;0.46902545;;44;19.02878788;2.321911856;;17;30.12941176;4;2;18.18181818;25.0;18.18181818;13.63636364;4.545454545454549;20.45454545
2021-12;National;POITIERS;PARIS MONTPARNASSE;97;451;2;;178;7.394007490636701;2.689312407;;60;25.26472222;4.629110613;;28;42.09107143;13;5;25.0;16.66666667;26.66666667;20.0;0.0;11.66666667
2021-12;International;ITALIE;PARIS LYON;433;93;2;;38;5.355263158;2.255555556;;34;35.85098039;16.32425926;;34;35.85098039;18;2;41.17647059;5.882352941;20.58823529;23.52941176;5.882352941;2.941176471
2021-12;National;LYON PART DIEU;PARIS LYON;119;745;13;;355;7.683615023;3.797332421;;81;30.16131687;3.7347697218422193;;59;36.18135593;26;6;13.92405063;3.797468354;16.4556962;34.17721519;6.329113924;25.3164557
2021-12;International;GENEVE;PARIS LYON;193;206;4;;111;5.243243243;3.012706271;;18;61.65462963;6.040759076;;18;61.65462963;13;11;50.0;6.25;25.0;6.25;12.5;0.0
2021-12;National;DUNKERQUE;PARIS NORD;130;170;16;;7;4.714285714;0.207792208;;17;27.87843137;4.672727273;;6;55.31944444444449;5;2;17.64705882;47.05882353;17.64705882;11.76470588;0.0;5.882352941
2021-12;National;LILLE;MARSEILLE ST CHARLES;297;223;1;;40;21.693333333333364;3.724474474474472;;42;47.15328375;11.438513513513527;;42;49.532539682539664;24;9;4.761904761904769;14.28571429;11.904761904761893;14.28571429;4.761904761904759;50.0
2021-12;National;MARSEILLE ST CHARLES;LYON PART DIEU;104;493;5;;123;19.25813008;4.777424863;;76;39.75635965;7.46079235;;49;54.1792517;31;14;14.86486486;9.459459459;12.16216216;14.86486486;9.459459459;39.18918919
2021-12;National;PARIS LYON;MACON LOCHE;96;238;4;;42;18.92103175;3.184615385;;34;33.25931373;5.903347578;;22;43.77575758;12;4;9.375;9.375;3.125;62.5;9.375;6.25
2021-12;National;PARIS MONTPARNASSE;TOULOUSE MATABIAU;262;215;4;;25;10.19333333;0.666034755;;23;57.37173913;6.83878357;;23;57.37173913;15;7;34.78260869565219;13.043478260869602;8.695652173913041;4.347826086956521;4.347826086956521;34.78260869565219
2021-12;National;MARSEILLE ST CHARLES;TOURCOING;294;31;1;;9;22.38333333;6.720114943;;9;57.72222222;18.86206897;;9;57.72222222;7;2;11.11111111;11.11111111;0.0;0.0;33.33333333;44.44444444
2021-12;International;ZURICH;PARIS LYON;244;153;2;;44;2.840909091;1.117792793;;23;28.76231884;6.229504505;;23;28.76231884;7;2;59.09090909090911;0.0;13.63636364;18.18181818;9.090909090909092;0.0
2021-12;National;PARIS LYON;PERPIGNAN;302;171;4;;17;8.953921569;0.662974052;;14;50.26071429;4.89750499;;14;50.26071429;9;1;28.57142857;14.28571429;21.42857143;7.142857143;7.142857143;21.42857143
2021-12;National;PARIS MONTPARNASSE;ANGERS SAINT LAUD;91;519;2;;55;10.61060606;0.738459059;;39;24.37435897;2.80106383;;24;33.14930556;11;1;20.51282051;33.33333333;10.25641026;15.38461538;10.25641026;10.25641026
2021-12;National;STRASBOURG;NANTES;321;57;0;;8;10.87708333;1.535964912;;5;61.16666667;5.115204678;;5;61.16666667;4;1;40.0;0.0;0.0;20.0;0.0;40.0
2021-12;National;LILLE;LYON PART DIEU;185;352;4;;130;11.668589743589733;4.188314176245208;;55;41.73230199430199;8.590038314176235;;46;48.53369565217394;28;8;3.636363636363632;7.272727272727271;7.272727272727268;47.27272727272725;5.454545454545457;29.090909090909093
2021-12;International;PARIS LYON;LAUSANNE;230;159;5;;16;15.23333333;1.457034632;;19;38.25701754;5.891125541;;19;38.25701754;12;2;38.88888889;11.11111111;11.11111111;27.77777778;11.11111111;0.0
2021-12;National;NIMES;PARIS LYON;177;233;4;;66;15.72727273;4.493494152;;35;42.26714286;6.505190058479521;;29;48.40747126;17;6;20.58823529;23.529411764705905;20.58823529;11.76470588;11.76470588;11.76470588
2021-12;National;PARIS MONTPARNASSE;TOURS;74;184;5;;12;9.640277778;0.21396648;;20;14.37916667;2.166480447;;6;23.88888889;1;0;5.263157895;31.57894737;15.78947368;26.31578947;5.263157895;15.78947368
2021-12;National;PARIS EST;STRASBOURG;119;577;13;;89;14.20749064;2.271808511;;37;36.31396396;2.621276596;;28;43.55416666666671;17;6;13.88888889;5.555555556;2.777777778;27.77777778;11.11111111;38.88888889
2021-12;National;PARIS LYON;TOULON;240;287;4;;28;13.1547619;0.943345112;;28;47.10535714;5.320553592;;28;47.10535714;17;8;0.0;7.142857143;32.14285714;25.0;7.142857143;28.57142857
2021-12;National;PARIS MONTPARNASSE;LA ROCHELLE VILLE;174;206;0;;11;3.572727273;-0.232928803;;10;20.15;1.92961165;;8;21.8125;1;0;30.0;40.0;0.0;0.0;0.0;30.0
2021-12;National;ANGOULEME;PARIS MONTPARNASSE;126;295;4;;139;8.029016787;3.7815517241379295;;40;30.132500000000004;5.831436782;;29;36.52816092;13;4;20.0;20.0;30.0;10.0;0.0;20.0
2021-12;National;LYON PART DIEU;MONTPELLIER;114;264;2;;116;13.60387931;6.085687023;;39;45.64615384615381;6.788740458;;31;53.81935484;21;6;23.07692308;10.25641026;17.94871795;35.8974359;0.0;12.82051282
2021-12;National;MARSEILLE ST CHARLES;LILLE;283;196;0;;31;18.66129032258064;2.605782312925173;;32;51.22797077474498;10.096853741496604;;32;51.49166666666667;18;11;3.1250000000000027;18.749999999999982;15.625000000000016;12.499999999999975;15.62499999999996;34.37500000000004
2021-12;National;PERPIGNAN;PARIS LYON;308;175;1;;45;15.50888889;3.840996169;;23;41.13695652;6.082375479;;23;41.13695652;10;3;47.82608696;21.73913043;13.043478260869602;17.391304347826097;0.0;0.0
2021-12;National;TOURCOING;BORDEAUX ST JEAN;299;31;0;;1;4.0;0.149425287;;1;19.9;2.116091954;;1;19.9;0;0;0.0;0.0;0.0;0.0;0.0;100.0
2021-12;National;PARIS MONTPARNASSE;NANTES;132;545;3;;56;10.4514881;0.7199877;;45;29.19148148;1.855811808;;35;33.52238095;14;2;31.11111111;31.11111111;11.11111111;8.888888888888891;4.444444444444439;13.33333333
2021-12;National;PARIS NORD;DUNKERQUE;129;180;19;;16;24.76979167;2.122877847;;12;50.75;4.00621118;;10;58.4;4;2;0.0;58.33333333;0.0;25.0;0.0;16.66666667
2021-12;National;QUIMPER;PARIS MONTPARNASSE;225;250;0;;12;24.537500000000005;1.192771084;;27;41.89135802;6.186813922;;27;41.89135802;15;5;40.74074074;14.81481481;22.22222222;14.81481481;0.0;7.407407407407408
2021-12;National;VANNES;PARIS MONTPARNASSE;158;274;0;;134;5.358830846;2.681795818;;42;33.80079365;6.309717097;;32;40.1140625;16;5;35.71428571;14.28571429;21.42857143;21.42857143;0.0;7.142857143
2021-12;International;PARIS LYON;GENEVE;192;199;4;;25;17.30866667;2.039145299;;13;25.83846154;2.54974359;;13;25.83846154;3;0;23.07692308;7.692307692;23.07692308;30.76923077;7.692307692;7.692307692
2021-12;National;AVIGNON TGV;PARIS LYON;166;383;6;;114;13.30497076;3.916666667;;51;41.36797386;5.747771836;;38;51.34166667;19;10;13.7254902;13.7254902;15.68627451;13.7254902;3.921568627;39.21568627
2021-12;National;PARIS LYON;SAINT ETIENNE CHATEAUCREUX;173;120;7;;8;24.325;1.426106195;;13;35.65897436;5.33480826;;7;54.61904762;3;1;45.454545454545496;9.090909091;27.27272727;0.0;9.090909091;9.090909091
2021-12;National;PARIS NORD;DOUAI;70;141;18;;9;17.72592593;1.015718157;;18;25.58796296;4.520460705;;6;54.66388889;2;1;5.555555555555561;27.77777778;22.22222222;27.77777778;5.555555555555561;11.11111111
2021-12;International;LAUSANNE;PARIS LYON;227;161;2;;99;3.979124579;2.613870968;;14;52.2047619;3.141612903;;14;52.2047619;10;6;46.15384615;0.0;15.38461538;23.07692308;15.38461538;0.0
2021-12;National;BREST;PARIS MONTPARNASSE;228;259;2;;16;9.477083333;0.610416667;;24;36.16597222;5.338606771;;24;36.16597222;12;2;25.0;16.66666667;29.166666666666703;20.83333333;0.0;8.333333333
2021-12;National;LE CREUSOT MONTCEAU MONTCHANIN;PARIS LYON;82;212;4;;108;8.816666667;4.57173913;;26;29.29807692;2.911674718;;17;39.81960784;9;1;7.692307692;3.846153846;26.92307692;23.07692308;7.692307692;30.76923077
2021-12;National;LYON PART DIEU;RENNES;237;76;0;;54;4.34537037;3.152631579;;8;33.73125;6.29627193;;8;33.73125;3;1;0.0;12.5;25.0;25.0;0.0;37.5
2021-12;National;MONTPELLIER;LYON PART DIEU;114;229;3;;57;17.14502924;4.401333333;;18;52.86481481481481;5.278;;15;60.60444444;8;4;22.22222222;11.11111111;16.66666667;0.0;27.77777778;22.22222222
2021-12;National;PARIS EST;REIMS;45;228;2;;24;11.720138888888902;1.289823009;;20;19.78916667;2.345058997;;7;37.75714286;2;1;11.111111111111098;11.111111111111098;50.0;11.111111111111098;11.111111111111098;5.555555556
2021-12;National;PARIS MONTPARNASSE;LAVAL;81;252;2;;31;16.38064516;1.692733333;;28;24.59285714285709;3.763666667;;9;56.56296296;7;3;4.166666667;25.0;20.83333333;25.0;0.0;25.0
2021-12;International;PARIS EST;FRANCFORT;227;175;11;;31;14.59946237;2.640752033;;18;41.51666667;6.421849593495941;;18;41.51666667;8;4;18.75;0.0;31.25;31.25;12.5;6.25
2021-12;National;BORDEAUX ST JEAN;TOURCOING;327;31;2;;3;25.36111111;2.36954023;;2;75.5;6.275862069;;2;75.5;1;1;0.0;50.0;0.0;0.0;50.0;0.0
2021-12;National;LYON PART DIEU;MARNE LA VALLEE;108;378;5;;250;10.8154;7.265058088;;66;36.74772727;7.2950402144772095;;50;44.14633333;24;9;6.060606061;10.60606061;22.72727272727269;10.60606061;15.151515151515198;34.84848485
2021-12;National;MARNE LA VALLEE;LYON PART DIEU;108;413;5;;254;11.95912073;7.266013072;;70;37.57095238;8.044199346;;51;46.78006536;30;8;2.985074627;10.44776119;10.44776119;44.776119402985096;4.47761194;26.86567164
2021-12;National;PARIS LYON;NIMES;177;219;2;;15;11.04777778;0.470046083;;20;32.66166667;4.279877112;;13;43.09615385;8;3;15.0;20.0;20.0;15.0;10.0;20.0
2021-12;National;PARIS MONTPARNASSE;ST MALO;155;98;1;;5;7.473333333333331;0.147938144;;8;16.91666667;2.710996564;;6;18.37777778;0;0;12.5;25.0;0.0;37.5;0.0;25.0
2021-12;National;ANNECY;PARIS LYON;223;138;2;;5;7.8;0.295432099;;31;33.11989247;9.763703704;;31;33.11989247;14;3;38.70967742;12.903225806451598;29.032258064516096;12.903225806451598;0.0;6.4516129032258105
2021-12;National;MARSEILLE ST CHARLES;MARNE LA VALLEE;212;282;2;;54;19.299074074074102;3.542293907;;41;44.70934959349591;7.604062126642781;;41;44.70934959;21;8;7.317073170731709;9.756097561;9.756097561;7.317073170731709;26.82926829;39.02439024
2021-12;National;MULHOUSE VILLE;PARIS LYON;170;297;4;;140;8.846547619;4.243515358;;45;27.25259259;4.202275313;;33;32.46212121;13;4;48.8372093;2.325581395;13.95348837;30.23255814;4.651162791;0.0
2021-12;National;PARIS LYON;MONTPELLIER;208;219;1;;15;11.04777778;0.465825688;;18;36.93148148;2.882874618;;18;36.93148148;8;3;22.22222222;16.66666667;11.11111111;22.22222222;11.11111111;16.66666667
2021-12;National;PARIS MONTPARNASSE;ANGOULEME;125;289;5;;28;11.81607143;0.747593897;;25;21.02466667;2.813321596;;12;29.74305556;3;1;28.000000000000004;12.0;8.0;16.0;8.0;28.000000000000004
2021-12;National;PARIS NORD;ARRAS;48;507;42;;46;25.38514493;2.216021505;;54;30.96080247;4.183297491;;29;48.8045977;12;4;4.081632653;20.40816327;6.12244898;38.7755102;8.163265306;22.448979591836704
2021-12;National;TOULOUSE MATABIAU;PARIS MONTPARNASSE;264;211;3;;26;23.96538462;2.979288026;;31;39.29408602;7.752831715210369;;31;39.29408602;13;3;38.70967742;22.58064516;6.4516129032258105;0.0;0.0;32.25806452
2021-12;National;TOURS;PARIS MONTPARNASSE;74;178;5;;11;1.686363636;0.085163776;;23;12.19057971;2.826782274;;6;19.39722222;0;0;4.761904762;19.04761905;47.61904761904759;19.04761905;4.761904762;4.761904762
2021-12;National;PARIS LYON;CHAMBERY CHALLES LES EAUX;177;259;4;;38;24.35131579;3.290980392;;53;33.79433962;7.733464052;;41;39.9004065;20;6;3.921568627450981;23.52941176;7.843137254901962;60.78431373;3.921568627450981;0.0
2021-12;National;LAVAL;PARIS MONTPARNASSE;82;271;0;;99;6.678282828;2.410885609;;49;18.4255102;4.424231242;;18;34.94074074;8;1;10.204081632653102;26.53061224;42.85714286;6.12244898;4.081632653;10.204081632653102
2021-12;International;STUTTGART;PARIS EST;198;148;2;;99;5.848821549;3.5797453703703703;;21;26.45555556;4.566203704;;21;26.455555555555595;6;0;9.523809524;4.761904762;38.095238095238095;23.80952381;4.761904762;19.04761905
2021-12;National;LA ROCHELLE VILLE;PARIS MONTPARNASSE;171;198;0;;16;11.375;0.935858586;;16;36.16354167;4.407239057;;11;46.2;7;2;18.75;31.25;6.25;25.0;0.0;18.75
2021-12;National;MONTPELLIER;PARIS LYON;208;233;4;;64;13.57265625;3.779678363;;29;48.40747126;6.505190058;;29;48.40747126;17;6;24.13793103;17.24137931;17.24137931;13.79310345;13.79310345;13.79310345
2021-12;National;NICE VILLE;PARIS LYON;355;219;3;;20;12.08666667;0.934573643;;25;42.62666667;5.593255814;;25;42.62666666666669;12;5;20.0;20.0;32.0;0.0;8.0;20.0
2021-12;National;PARIS MONTPARNASSE;BREST;225;242;0;;30;10.50611111;0.924862259;;16;31.96875;3.384297521;;16;31.96875;5;1;18.75;25.0;12.5;18.75;6.25;18.75
2021-12;National;ST PIERRE DES CORPS;PARIS MONTPARNASSE;62;530;6;;170;5.810980392;2.020434227;;79;15.975316455696198;3.183333333;;22;33.16287879;8;2;10.810810810810798;12.162162162162202;40.540540540540505;17.56756757;1.3513513513513498;17.56756757
2021-12;National;STRASBOURG;PARIS EST;119;562;9;;213;9.858685446;3.8389993972272505;;59;31.03220339;3.71946956;;43;37.7;18;3;11.86440678;8.474576271;28.81355932;27.11864407;3.389830508;20.33898305
2021-12;International;BARCELONA;PARIS LYON;399;31;0;;0;0.0;0.0;;6;0.0;6.083870967741931;;6;25.95833333;1;0;33.33333333;33.33333333;16.66666667;16.66666667;0.0;0.0
2021-12;National;BESANCON FRANCHE COMTE TGV;PARIS LYON;132;177;3;;41;8.936178862;1.938122605;;12;36.73333333;1.876819923;;11;39.0469697;6;2;16.66666667;8.333333333;33.33333333;41.66666667;0.0;0.0
2021-12;National;LILLE;PARIS NORD;70;560;38;;134;9.025746268656714;2.0545019157088165;;69;22.86306968542204;3.578033205619408;;27;44.81851851851852;12;5;7.740447957839286;19.631093544137023;25.922266139657417;19.72990777338607;8.794466403162044;18.18181818
2021-12;National;NANTES;STRASBOURG;321;57;0;;11;21.16969697;3.998538012;;5;49.86000000000001;5.047368421;;5;49.86;3;1;20.0;20.0;0.0;20.0;20.0;20.0
2021-12;National;PARIS LYON;MULHOUSE VILLE;171;295;2;;36;23.81157407;2.785210466;;31;40.44462366;3.969169511;;25;46.65599999999999;16;4;24.13793103;3.448275862;10.34482759;44.827586206896605;13.79310345;3.448275862
2021-12;National;AIX EN PROVENCE TGV;PARIS LYON;185;424;7;;170;11.37107843;4.620183853;;47;49.75851063829791;6.311310951;;45;51.40074074;23;13;12.765957446808502;12.765957446808502;25.531914893617003;8.510638298;2.127659574;38.29787234042551
2021-12;National;PARIS LYON;BELLEGARDE (AIN);164;226;6;;26;16.86025641;1.803787879;;31;37.00860215;5.988409091;;23;45.0615942;11;4;13.33333333;10.0;26.66666667;30.0;16.66666667;3.333333333
2021-12;National;PARIS MONTPARNASSE;QUIMPER;222;248;1;;32;9.2171875;0.738191633;;14;38.35714286;2.912955466;;14;38.35714286;6;1;42.85714286;7.142857143;7.142857143;21.42857143;7.142857143;14.28571429
2021-12;International;PARIS LYON;ZURICH;244;146;3;;20;21.29833333;2.137179487;;15;43.08222222;5.786713287;;15;43.08222222;9;2;33.33333333;16.66666667;0.0;33.33333333;16.66666667;0.0
2021-12;National;NANTES;PARIS MONTPARNASSE;132;564;4;;135;8.438395062;1.883392964;;57;30.954385964912305;4.334973166;;32;44.87395833;19;7;32.72727273;30.909090909090903;12.727272727272702;7.272727273;5.454545455;10.90909091
2021-12;National;PARIS LYON;MARSEILLE ST CHARLES;193;536;9;;55;20.33181818;1.819544592;;59;38.04124294;5.750506009;;59;38.04124294;30;8;10.34482759;8.620689655172411;8.620689655172411;31.03448276;10.34482759;31.03448276
2021-12;National;PARIS MONTPARNASSE;LE MANS;58;498;4;;50;11.163999999999998;0.748549258;;56;16.30267857;2.524055331;;14;39.17857143;8;2;6.25;27.083333333333297;35.41666667;16.66666667;6.25;8.333333333
2021-12;National;LE MANS;PARIS MONTPARNASSE;58;460;2;;200;7.462666667;3.2923872875092406;;80;21.371875;4.314745011;;31;39.22580645;15;3;18.75;23.75;28.75;13.750000000000002;1.25;13.750000000000002
2021-12;National;LYON PART DIEU;LILLE;188;320;2;;216;9.84212963;6.5592243186582815;;67;40.25758036461605;9.419758909853249;;53;47.57484276729557;24;14;4.477611940298504;19.40298507462689;19.40298507462689;13.432835820895516;13.432835820895528;29.85074626865672
2021-12;National;NANCY;PARIS EST;94;297;1;;67;6.072139303;1.431306306;;22;22.34318182;1.690765766;;12;32.89305556;6;1;13.63636364;31.81818182;22.72727272727269;13.63636364;9.090909091;9.090909091
2021-12;National;PARIS LYON;AIX EN PROVENCE TGV;183;405;9;;41;24.26585366;2.208459596;;43;39.84302326;5.481944444;;41;41.1800813;23;8;14.28571429;14.28571429;4.761904762;35.71428571;16.66666667;14.28571429
2021-12;National;PARIS LYON;GRENOBLE;182;203;5;;20;20.14666667;1.7748316498316503;;25;41.78;5.671717172;;22;45.61363636;15;3;16.0;12.0;24.0;40.0;8.0;0.0
2021-12;National;PARIS EST;METZ;87;283;1;;45;13.1562963;2.144680851;;30;23.01333333;2.149527187;;17;33.07058824;8;0;6.666666667;16.66666667;10.0;30.0;6.666666667;30.0
2021-12;National;PARIS LYON;BESANCON FRANCHE COMTE TGV;129;173;3;;16;26.953125;2.392058824;;12;39.47222222;3.383431373;;9;47.91111111;7;2;16.66666667;0.0;8.333333333;41.66666667;25.0;8.333333333
2021-12;National;RENNES;LYON PART DIEU;232;77;0;;40;7.309583333333331;3.849350649;;7;38.2952381;6.324458874;;7;38.2952381;4;1;0.0;33.33333333;16.66666667;16.66666667;0.0;33.33333333
2021-12;National;ANGERS SAINT LAUD;PARIS MONTPARNASSE;93;532;4;;225;6.955111111;3.078416347;;74;25.35202703;3.9321519795657696;;32;44.87395833;19;7;29.850746268656703;26.86567164;22.38805970149249;5.970149254;4.47761194;10.44776119
2021-12;National;PARIS LYON;LE CREUSOT MONTCEAU MONTCHANIN;81;207;2;;20;5.633333333;0.339512195;;11;23.09848485;1.259268293;;6;34.56388889;3;1;11.11111111;22.22222222;22.22222222;22.22222222;11.11111111;11.11111111
2021-12;International;PARIS EST;STUTTGART;193;149;13;;18;15.675000000000002;2.126470588;;14;40.6797619;6.75870098;;14;40.6797619;7;3;0.0;7.142857143;28.57142857;28.57142857;21.42857143;14.28571429
2021-12;National;LYON PART DIEU;MARSEILLE ST CHARLES;104;496;3;;260;13.78064103;7.313245257;;110;38.84136364;9.993089431;;89;44.94250936;52;13;15.09433962;18.86792453;15.09433962;18.86792453;0.943396226;31.13207547
2021-12;National;PARIS LYON;ANNECY;222;136;1;;22;21.275;3.210617284;;37;38.06756757;13.48518519;;37;38.06756757;18;2;10.81081081;24.32432432;18.91891892;43.24324324;2.702702703;0.0
2021-12;National;PARIS MONTPARNASSE;RENNES;97;772;2;;95;9.837368421;0.823073593;;67;20.01094527;2.116038961;;27;33.6654321;9;3;7.575757576;24.24242424;16.66666667;18.18181818;4.545454545454549;28.78787879
2021-12;National;TOULON;PARIS LYON;244;276;4;;62;10.89166667;2.43192402;;30;42.98444444;5.262438725;;30;42.98444444;15;6;20.0;20.0;30.0;0.0;6.666666667;23.33333333
2022-01;International;FRANCFORT;PARIS EST;231;151;10;;48;4.770138889;1.788571429;;9;46.08703704;3.522380952;;9;46.08703704;5;3;0.0;33.33333333;33.33333333;22.22222222;0.0;11.11111111
2022-01;National;PARIS LYON;MACON LOCHE;96;258;1;;32;20.01041667;2.247535668;;20;32.165;2.563164721;;11;47.38030303;8;4;5.0;5.0;0.0;50.0;35.0;5.0
2022-01;International;PARIS LYON;GENEVE;191;179;0;;14;14.442857142857102;0.877560521;;15;34.41777778;3.766480446927381;;15;34.41777778;6;3;33.33333333;26.66666667;6.666666667;26.66666667;0.0;6.666666667
2022-01;National;LE MANS;PARIS MONTPARNASSE;59;445;4;;120;10.64875;2.8777394636015403;;61;24.21120219;3.628045977;;29;40.37413793;13;7;21.81818182;12.727272727272702;23.63636364;25.454545454545503;3.636363636;12.727272727272702
2022-01;National;PARIS LYON;NICE VILLE;355;221;1;;13;11.11794872;0.279924242;;19;42.81491228;3.829090909;;19;42.81491228;12;4;47.36842105;10.52631579;15.78947368;5.263157895;0.0;21.05263158
2022-01;National;PARIS LYON;SAINT ETIENNE CHATEAUCREUX;173;119;0;;5;11.53;0.177731092;;7;25.695238095238103;1.834173669;;5;31.17666666666669;2;0;60.0;0.0;0.0;20.0;0.0;20.0
2022-01;National;TOURCOING;BORDEAUX ST JEAN;307;31;1;;3;16.0;1.655172414;;5;39.81666667;7.362068966;;5;39.81666667;1;1;0.0;20.0;20.0;20.0;0.0;40.0
2022-01;National;PARIS LYON;LYON PART DIEU;119;698;23;;37;11.99459459;0.242271605;;17;28.35;0.686271605;;14;31.475;8;0;23.52941176;11.76470588;11.76470588;5.882352941;29.41176471;17.64705882
2022-01;National;PARIS LYON;NIMES;176;220;0;;21;25.2531746;2.099545455;;21;33.75634921;4.498409091;;15;41.85111111;8;2;14.28571429;23.80952381;9.523809524;33.33333333;9.523809524;9.523809524
2022-01;National;PARIS LYON;MARSEILLE ST CHARLES;193;513;9;;24;17.77152778;0.483267196;;38;28.88026316;3.30978836;;38;28.880263157894703;13;3;15.78947368;42.105263157894704;2.631578947;18.42105263;10.52631579;10.52631579
2022-01;National;PARIS MONTPARNASSE;LA ROCHELLE VILLE;175;217;7;;9;13.02962963;-0.214206349;;6;22.5;0.666666667;;4;27.5;1;0;0.0;0.0;0.0;16.66666667;0.0;83.33333333
2022-01;International;STUTTGART;PARIS EST;194;139;3;;114;6.113304094;5.150493827;;18;46.14537037;7.370987654;;18;46.14537037;11;7;11.11111111;22.22222222;22.22222222;27.77777778;5.555555555555561;11.11111111
2022-01;National;AIX EN PROVENCE TGV;PARIS LYON;183;427;6;;132;13.69772727;4.310047847;;32;50.21458333;3.706539075;;30;52.65444444;21;5;21.875;21.875;21.875;9.375;3.125;21.875
2022-01;National;NIMES;PARIS LYON;176;219;0;;46;14.0384058;2.832115677;;19;38.27368421;3.248782344;;15;45.10777778;6;3;31.57894737;21.05263158;0.0;5.263157895;10.52631579;31.57894737
2022-01;International;PARIS LYON;ITALIE;424;93;0;;13;25.08333333;3.295878136200721;;7;62.35714286;2.870967742;;7;62.35714286;6;3;14.28571429;0.0;14.28571429;42.85714286;28.57142857;0.0
2022-01;International;PARIS LYON;ZURICH;244;152;4;;13;11.63974359;0.869932432;;7;34.4952381;3.34268018;;7;34.4952381;3;1;33.33333333;16.66666667;33.33333333;16.66666667;0.0;0.0
2022-01;National;ANGOULEME;PARIS MONTPARNASSE;126;324;14;;131;8.519338422;3.654560261;;46;32.37210145;5.63257329;;36;37.74583333;16;4;28.26086957;23.91304348;28.26086957;8.695652173913041;2.1739130434782603;8.695652173913041
2022-01;National;LYON PART DIEU;LILLE;185;259;0;;138;11.218719806763254;6.103240658470785;;42;44.74381406857544;7.419076697737783;;34;52.14950980392156;22;9;14.583333333333334;9.761904761904765;4.880952380952381;26.84523809523809;12.202380952380953;31.72619047619048
2022-01;National;LYON PART DIEU;MARSEILLE ST CHARLES;104;472;2;;157;11.92855626;3.968368794;;68;31.38431373;5.47358156;;52;36.89230769;22;7;4.545454545454549;31.81818182;12.12121212;28.78787879;4.545454545454549;18.18181818
2022-01;National;NICE VILLE;PARIS LYON;350;216;0;;13;9.115384615;0.304651163;;22;53.057575757575805;4.556666667;;22;53.05757576;16;4;22.72727272727269;13.63636364;40.90909091;4.545454545454549;4.545454545454549;13.63636364
2022-01;National;PARIS EST;STRASBOURG;116;511;11;;80;10.25895833;1.6111;;24;36.92986111;2.070666667;;19;43.4377193;8;4;0.0;16.66666667;16.66666667;37.5;16.66666667;12.5
2022-01;National;PARIS LYON;TOULON;237;278;0;;16;10.82708333;0.251258993;;30;33.31388889;3.054556355;;30;33.31388889;7;3;20.0;23.33333333;6.666666667;16.66666667;6.666666667;26.66666667
2022-01;National;PARIS MONTPARNASSE;ST PIERRE DES CORPS;63;524;9;;30;9.483888889;-0.057249191;;48;13.91319444;1.742977346;;13;25.21666667;2;0;5.000000000000001;40.00000000000001;10.000000000000002;40.00000000000001;2.5000000000000004;2.5000000000000004
2022-01;National;ST MALO;PARIS MONTPARNASSE;158;93;0;;4;1.2625;0.052717391;;7;15.9;2.385507246;;3;21.09444444;0;0;0.0;14.28571429;42.85714286;42.85714286;0.0;0.0
2022-01;National;TOULON;PARIS LYON;239;268;0;;43;24.631007751938004;3.9110074626865097;;26;55.25705128205129;5.031529851;;26;55.25705128;19;5;23.07692308;15.38461538;38.46153846;7.692307692;3.846153846;11.53846154
2022-01;National;PARIS LYON;LE CREUSOT MONTCEAU MONTCHANIN;81;185;5;;11;10.85757576;0.342037037;;9;18.1537037;-0.061296296;;5;24.72666667;1;0;0.0;37.5;12.5;12.5;25.0;12.5
2022-01;National;ANGERS SAINT LAUD;PARIS MONTPARNASSE;93;517;11;;158;7.277953586;2.388832998;;58;34.46896552;3.199966465;;38;47.25833333;21;12;20.37037037;20.37037037;18.51851852;18.51851852;5.555555556;16.66666667
2022-01;National;MULHOUSE VILLE;PARIS LYON;170;300;0;;120;6.279722222;2.542561521;;21;43.1968254;1.61935123;;17;49.93039216;8;5;38.095238095238095;23.80952381;0.0;23.80952381;0.0;14.28571429
2022-01;National;SAINT ETIENNE CHATEAUCREUX;PARIS LYON;168;119;1;;23;2.339855072;0.881497175;;11;28.07575758;4.107062147;;8;33.70625;3;1;9.090909091;0.0;18.18181818;27.27272727;9.090909091;36.36363636
2022-01;National;LILLE;PARIS NORD;72;631;15;;110;6.346060606060618;0.9772063056511892;;76;18.75402711323764;2.6869727174254687;;29;31.18620689655176;10;1;6.756756757;26.05105105105105;26.12612613;23.23573573573569;10.960960960960952;6.869369369
2022-01;National;POITIERS;PARIS MONTPARNASSE;98;472;15;;142;7.951525822;2.271659325;;46;27.46666667;3.409618209;;25;42.40866667;15;5;30.43478261;17.391304347826097;23.91304348;21.73913043;0.0;6.52173913
2022-01;National;REIMS;PARIS EST;46;222;3;;19;8.945614035;0.80281583;;18;35.45648148;3.2219178082191706;;10;55.78;5;4;0.0;57.142857142857096;14.28571429;7.142857143;7.142857143;14.28571429
2022-01;National;TOURS;PARIS MONTPARNASSE;74;187;1;;6;4.994444444;0.1150537634408529;;26;12.99294872;2.886738351;;5;28.416666666666696;2;0;4.545454545454549;31.81818182;40.90909090909091;13.63636364;0.0;9.090909091
2022-01;National;BORDEAUX ST JEAN;PARIS MONTPARNASSE;141;927;27;;341;14.01197458;5.229384501;;138;41.79094203;7.66994809;;111;48.76786786786791;60;24;28.26086957;26.8115942;25.36231884;4.347826086956521;2.8985507246376803;12.318840579710098
2022-01;National;DOUAI;PARIS NORD;77;174;1;;40;4.32125;1.106686047;;29;14.88505747;3.26753876;;8;28.51041667;2;1;19.23076923;19.23076923;38.46153846;15.38461538;7.692307692;0.0
2022-01;National;PARIS LYON;BESANCON FRANCHE COMTE TGV;128;170;1;;15;16.56444444;1.263609467;;8;22.26666667;1.952859961;;5;27.37;1;0;12.5;0.0;0.0;75.0;0.0;12.5
2022-01;National;PARIS MONTPARNASSE;POITIERS;94;541;19;;35;12.85571429;0.234037108;;28;23.85892857;2.163595649;;18;30.30648148148149;6;1;15.38461538;30.76923077;7.692307692;19.23076923;3.846153846;23.07692308
2022-01;International;PARIS LYON;LAUSANNE;229;142;0;;10;10.95666667;0.589201878;;7;28.09047619;2.64342723;;7;28.09047619;3;0;14.28571429;28.57142857;14.28571429;28.57142857;0.0;14.28571429
2022-01;National;GRENOBLE;PARIS LYON;178;188;1;;8;8.5;0.368538324;;11;23.80454545;1.245454545;;8;27.50833333;1;0;36.36363636;18.18181818;0.0;45.454545454545496;0.0;0.0
2022-01;National;PARIS LYON;CHAMBERY CHALLES LES EAUX;179;319;0;;37;18.75;1.8932601880877693;;22;41.25757576;3.755329154;;17;49.09117647;10;6;9.090909091;13.63636364;9.090909091;31.81818182;27.27272727;9.090909091
2022-01;National;PARIS LYON;MONTPELLIER;207;220;0;;21;25.2531746;2.099545455;;11;45.89848485;1.386060606;;11;45.89848485;5;2;18.18181818;18.18181818;0.0;36.36363636;18.18181818;9.090909091
2022-01;National;RENNES;LYON PART DIEU;235;76;0;;16;6.959375;1.50877193;;5;34.52666667;1.482675439;;5;34.52666667;4;0;0.0;0.0;0.0;60.0;0.0;40.0
2022-01;National;VANNES;PARIS MONTPARNASSE;158;281;1;;91;5.612271062;1.873690476;;28;33.09166667;4.348690476;;18;44.21666667;12;5;35.71428571;35.71428571;14.28571429;10.71428571;0.0;3.571428571
2022-01;National;DUNKERQUE;PARIS NORD;132;177;1;;3;25.0;0.428571429;;14;20.83690476;2.829428571;;8;26.46875;2;0;14.28571429;7.142857143;28.57142857;42.85714286;7.142857143;0.0
2022-01;National;LE CREUSOT MONTCEAU MONTCHANIN;PARIS LYON;81;221;0;;83;7.472088353;2.779469697;;24;18.89027778;0.66469697;;13;26.89102564;2;1;21.73913043;4.347826086956521;17.39130435;8.695652173913041;4.347826086956521;43.47826087
2022-01;National;LILLE;MARSEILLE ST CHARLES;299;199;15;;36;9.661574074;1.78525641;;25;36.20199915824913;6.4351648351648345;;25;36.22;7;4;3.9999999999999982;36.00000000000004;0.0;20.0;7.999999999999999;32.0
2022-01;National;NANTES;STRASBOURG;318;57;0;;5;26.45666667;2.203508772;;5;42.27333333;4.843274854;;5;42.27333333;3;0;0.0;20.0;20.0;0.0;0.0;60.0
2022-01;National;PARIS MONTPARNASSE;ANGERS SAINT LAUD;91;508;9;;40;14.97083333;0.761356045;;43;30.0755814;3.313927856;;23;47.78913043;11;4;17.07317073;19.51219512;24.390243902439003;19.51219512;7.317073170731709;12.195121951219502
2022-01;National;ST PIERRE DES CORPS;PARIS MONTPARNASSE;62;560;11;;147;7.279138321995469;2.100732601;;70;20.1752381;3.043803419;;26;39.15320513;14;4;13.55932203;20.33898305;37.288135593220304;20.33898305;1.6949152542372898;6.779661017
2022-01;International;BARCELONA;PARIS LYON;396;31;0;;4;6.470833333;0.834946237;;7;34.30238095;7.713978495;;7;34.30238095;1;1;100.0;0.0;0.0;0.0;0.0;0.0
2022-01;National;BORDEAUX ST JEAN;TOURCOING;334;31;1;;5;9.166666667;1.366666667;;1;36.0;3.033333333;;1;36.0;1;0;100.0;0.0;0.0;0.0;0.0;0.0
2022-01;International;ZURICH;PARIS LYON;244;156;0;;47;1.774113475;0.950986842;;8;49.56666666666671;1.53629386;;8;49.56666667;3;3;50.0;12.5;0.0;12.5;0.0;25.0
2022-01;National;LILLE;LYON PART DIEU;186;267;0;;96;8.280034722222219;3.015056586;;35;44.62332375478928;6.508007554;;28;50.64523809523807;16;6;5.714285714285713;14.285714285714285;14.285714285714263;45.71428571428576;5.714285714285724;14.285714285714263
2022-01;National;MARSEILLE ST CHARLES;TOURCOING;298;31;0;;9;21.66111111;6.24;;9;42.0;13.13333333;;9;42.0;4;2;11.11111111;11.11111111;0.0;0.0;22.22222222;55.55555556
2022-01;National;PARIS MONTPARNASSE;ST MALO;153;96;1;;10;19.15333333;0.597368421;;5;30.01666667;1.736842105;;5;30.01666667;1;1;20.0;40.0;20.0;20.0;0.0;0.0
2022-01;National;PARIS NORD;LILLE;67;593;15;;44;11.555681818181816;0.4232698961937736;;36;18.02627840909092;0.9482410611303262;;18;25.79074074074073;3;0;13.888888888888898;13.888888888888909;19.444444444444468;33.33333333333333;2.777777777777777;16.666666666666703
2022-01;National;STRASBOURG;PARIS EST;117;505;4;;131;9.959033079;2.640714763;;48;38.76215278;3.862992652;;36;47.11898148;20;12;10.63829787;29.78723404;25.531914893617003;23.404255319148906;2.127659574;8.510638298
2022-01;National;PARIS LYON;GRENOBLE;180;207;0;;12;24.34861111;1.109822866;;13;44.0;2.917874396;;10;53.8;6;3;15.38461538;38.46153846;15.38461538;15.38461538;15.38461538;0.0
2022-01;National;PARIS LYON;PERPIGNAN;302;169;0;;15;16.76222222;1.260453649;;9;41.88888889;1.8328402366863903;;9;41.88888889;5;1;44.44444444;11.11111111;22.22222222;11.11111111;11.11111111;0.0
2022-01;International;LAUSANNE;PARIS LYON;227;158;0;;123;2.38401084;1.9855485232067505;;2;34.01666667;0.102320675;;2;34.01666667;1;0;100.0;0.0;0.0;0.0;0.0;0.0
2022-01;National;MARNE LA VALLEE;MARSEILLE ST CHARLES;210;265;15;;98;8.750680272;3.531733333;;32;36.6171875;6.377533333;;32;36.6171875;11;5;3.125;34.375;0.0;31.25;6.25;25.0
2022-01;National;MARSEILLE ST CHARLES;PARIS LYON;197;456;6;;67;16.29925373;2.21169265;;28;45.14464286;2.721046771;;28;45.14464286;17;2;17.85714286;17.85714286;25.0;7.142857143;3.571428571;28.57142857
2022-01;National;NANTES;PARIS MONTPARNASSE;131;560;11;;95;11.0854386;1.668245294;;49;43.60884354;4.607771706;;40;50.36833333;23;14;20.40816327;24.48979592;12.244897959183698;16.32653061;8.163265306;18.36734694
2022-01;National;PARIS EST;METZ;85;258;3;;26;12.08461538;1.157973856;;21;23.72063492;2.02751634;;9;43.76481481;2;2;15.78947368;10.52631579;10.52631579;47.36842105;10.52631579;5.263157895
2022-01;National;PARIS LYON;MULHOUSE VILLE;170;301;2;;24;14.22291667;0.943088071;;16;50.84270833;2.657302118;;12;63.65277778;9;4;37.5;25.0;0.0;37.5;0.0;0.0
2022-01;National;PARIS MONTPARNASSE;BORDEAUX ST JEAN;140;914;26;;61;13.05245902;0.45533634;;56;27.18065476;1.959131905;;41;32.62439024;15;4;18.18181818;20.0;9.090909091;29.09090909;5.454545455;18.18181818
2022-01;National;PARIS MONTPARNASSE;NANTES;131;546;9;;41;14.64552846;0.762197393;;41;44.54146341;2.629795158;;32;53.46145833;18;9;21.95121951;21.95121951;9.756097561;19.51219512;7.317073170731709;19.51219512
2022-01;International;GENEVE;PARIS LYON;193;179;0;;111;2.077327327;1.536964618;;6;32.12222222;1.529515829;;6;32.12222222;2;0;66.66666667;16.66666667;0.0;16.66666667;0.0;0.0
2022-01;National;NANCY;PARIS EST;94;288;2;;51;4.932026144;0.90967366;;22;33.05075758;2.825;;11;55.67121212;7;3;29.41176471;58.823529411764696;5.882352941;5.882352941;0.0;0.0
2022-01;National;PARIS LYON;AIX EN PROVENCE TGV;182;408;9;;24;17.44513889;0.699582289;;31;28.99892473;3.367460317;;30;29.55222222;13;1;20.0;33.33333333;3.333333333;23.33333333;6.666666667;13.33333333
2022-01;National;PARIS MONTPARNASSE;TOURS;74;186;2;;7;6.102380952;-0.638768116;;21;12.37857143;1.778713768;;6;20.69166667;0;0;5.555555556;50.0;16.66666667;22.22222222;0.0;5.555555556
2022-01;National;BESANCON FRANCHE COMTE TGV;PARIS LYON;132;176;0;;48;10.49722222;2.766666667;;12;41.66944444;2.075287356;;10;47.525;5;2;16.66666667;33.33333333;0.0;41.66666667;0.0;8.333333333
2022-01;National;LYON PART DIEU;RENNES;235;76;0;;40;4.089583333;2.192982456;;6;23.53055556;3.826535087719301;;6;23.530555555555605;1;0;33.33333333;50.0;0.0;0.0;0.0;16.66666667
2022-01;International;PARIS EST;FRANCFORT;226;163;9;;21;14.66269841;1.399891775;;12;35.33194444;5.651948052;;12;35.33194444;5;1;8.333333333;0.0;33.33333333;25.0;25.0;8.333333333
2022-01;National;AVIGNON TGV;PARIS LYON;164;373;6;;84;14.53174603;3.060018215;;34;37.11176471;2.474863388;;20;53.447500000000005;13;3;21.875;21.875;15.625;12.5;3.125;25.0
2022-01;National;MARSEILLE ST CHARLES;LYON PART DIEU;104;488;1;;68;17.12892157;2.169917864;;49;36.35646259;4.593155373;;42;40.2468254;17;4;12.5;29.166666666666703;8.333333333333332;14.58333333;10.41666667;25.0
2022-01;National;PARIS MONTPARNASSE;ANGOULEME;123;294;11;;25;16.46333333;1.025295508;;25;26.144666666666705;3.288593381;;19;30.11315789;6;1;16.66666667;8.333333333;8.333333333;29.166666666666703;12.5;25.0
2022-01;National;PARIS MONTPARNASSE;LE MANS;58;484;9;;36;16.4375;0.462807018;;47;16.53368794;2.475719298;;13;37.92051282;5;3;17.94871795;15.38461538;28.20512821;20.51282051;2.564102564;15.38461538
2022-01;National;PARIS NORD;DOUAI;67;127;3;;8;9.15;0.213143631;;11;18.63181818;1.996341463;;4;35.0875;3;0;27.27272727;0.0;27.27272727;18.18181818;9.090909091;18.18181818
2022-01;National;QUIMPER;PARIS MONTPARNASSE;225;260;1;;6;14.0;0.327670528;;16;44.61979166666671;4.268146718;;16;44.61979167;11;4;31.25;56.25;0.0;12.5;0.0;0.0
2022-01;National;MONTPELLIER;PARIS LYON;208;219;0;;64;11.55677083;3.342237443;;15;45.10777778;3.248782344;;15;45.10777778;6;3;33.33333333;13.33333333;0.0;6.666666667;13.33333333;33.33333333
2022-01;National;PARIS LYON;BELLEGARDE (AIN);166;222;0;;17;12.10882353;0.656381381;;17;25.35588235;2.595270270270269;;9;35.23703704;4;1;18.75;43.75;0.0;25.0;6.25;6.25
2022-01;National;VALENCE ALIXAN TGV;PARIS LYON;132;394;7;;212;9.577515723;5.263565891;;42;36.27579365;3.507751938;;33;42.80050505;11;5;56.09756098;9.756097561;9.756097561;2.43902439;4.878048780487811;17.07317073
2022-01;National;LA ROCHELLE VILLE;PARIS MONTPARNASSE;172;208;7;;21;5.545238095;0.587916667;;9;40.6037037;3.0421666666666694;;8;43.89583333;5;2;22.22222222;0.0;33.33333333;33.33333333;0.0;11.11111111
2022-01;National;MONTPELLIER;LYON PART DIEU;114;220;1;;47;15.008156028368802;2.316437309;;18;38.84907407;4.087079511;;15;43.46;6;3;5.555555555555561;11.11111111;16.66666667;16.66666667;5.555555555555561;44.44444444
2022-01;National;PARIS LYON;ANNECY;222;132;0;;16;20.48333333;2.164141414;;15;41.16666667;7.803030303030299;;15;41.16666667;6;3;13.33333333;20.0;6.666666667;33.33333333;26.66666667;0.0
2022-01;National;PARIS MONTPARNASSE;LAVAL;80;239;15;;20;17.02083333;1.1890625;;29;23.60689655;3.891815476;;16;34.58125;8;1;17.85714286;17.85714286;10.71428571;21.42857143;7.142857142857138;25.0
2022-01;National;PARIS MONTPARNASSE;TOULOUSE MATABIAU;263;217;9;;12;15.54444444;0.368429487;;22;42.4;4.394791667;;22;42.4;10;3;18.18181818;40.90909091;13.63636364;13.63636364;0.0;13.63636364
2022-01;National;TOULOUSE MATABIAU;PARIS MONTPARNASSE;266;221;6;;26;19.39807692;2.356996855;;30;56.21333333;10.23388365;;30;56.21333333;19;8;26.66666667;46.66666667;10.0;0.0;3.333333333;13.33333333
2022-01;National;CHAMBERY CHALLES LES EAUX;PARIS LYON;175;321;0;;176;9.47907197;5.022326064;;61;28.85027322;5.979439252;;42;36.23611111;16;5;21.31147541;14.754098360655703;37.70491803;16.39344262;0.0;9.836065574
2022-01;National;METZ;PARIS EST;87;298;0;;76;7.669517543859649;1.907662192;;42;22.12460317;3.291610738;;17;38.95098039;7;3;11.11111111;19.44444444;41.66666667;19.44444444;5.555555556;2.777777778
2022-01;National;PARIS MONTPARNASSE;VANNES;152;263;0;;15;22.04888889;0.790937896;;29;28.67241379;4.201520913;;17;39.70588235;9;4;17.24137931;20.68965517;17.24137931;20.68965517;6.896551724;17.24137931
2022-01;National;PERPIGNAN;PARIS LYON;306;174;0;;58;13.51494253;4.146628131;;20;30.62666667;3.47938343;;20;30.62666667;3;2;85.0;5.0;5.0;0.0;0.0;5.0
2022-01;National;LYON PART DIEU;MONTPELLIER;114;246;1;;87;11.901341;4.277823129;;25;39.03466667;2.926598639;;19;46.92368421;12;6;16.0;28.000000000000004;8.0;24.0;0.0;24.0
2022-01;National;MARSEILLE ST CHARLES;MARNE LA VALLEE;212;271;14;;30;13.70888889;1.438216146;;32;43.26510417;5.736458333;;32;43.26510417;14;7;13.33333333;16.66666667;0.0;10.0;13.33333333;46.66666667
2022-01;National;BELLEGARDE (AIN);PARIS LYON;163;219;0;;69;3.164251208;1.0152207;;10;26.71166667;1.260730594;;7;32.47857143;3;0;40.0;40.0;10.0;10.0;0.0;0.0
2022-01;National;BREST;PARIS MONTPARNASSE;228;264;0;;10;7.834999999999999;0.301335878;;19;40.76929825;4.341284987;;19;40.76929825;10;2;21.05263158;63.15789474;0.0;15.78947368;0.0;0.0
2022-01;National;LAVAL;PARIS MONTPARNASSE;82;281;0;;49;10.05136054;1.688214286;;38;20.94342105;3.424880952;;17;34.29019608;8;0;11.76470588;41.17647059;14.70588235;23.52941176470589;2.941176471;5.882352941
2022-01;National;PARIS LYON;DIJON VILLE;96;410;2;;31;14.23010753;0.905841503;;17;25.82254902;0.405310458;;12;30.795833333333302;5;0;18.75;6.25;12.5;56.25;0.0;6.25
2022-01;National;STRASBOURG;NANTES;319;57;1;;3;8.833333333;0.479761905;;6;47.70277777777781;4.601488095;;6;47.70277777777781;5;2;66.66666667;0.0;0.0;16.66666667;0.0;16.66666667
2022-01;International;ITALIE;PARIS LYON;426;93;0;;61;2.03989071;1.450896057;;21;38.83333333;11.11111111;;21;38.83333333;8;4;23.80952381;19.04761905;33.33333333;19.04761905;0.0;4.761904762
2022-01;International;PARIS LYON;BARCELONA;400;31;0;;5;25.98333333;3.911827957;;0;0.0;0.0;;0;0.0;0;0;0.0;0.0;0.0;0.0;0.0;0.0
2022-01;National;MARNE LA VALLEE;LYON PART DIEU;106;333;0;;172;10.98275194;5.762962963;;47;40.28510638;6.312612613;;36;48.35601852;21;7;4.255319149;14.89361702;12.765957446808502;46.80851064;8.510638298;12.765957446808502
2022-01;National;PARIS LYON;AVIGNON TGV;159;382;9;;22;17.86590909;0.724754245;;21;27.0531746;1.4025916;;17;30.388235294117603;8;1;20.0;30.0;0.0;20.0;10.0;20.0
2022-01;National;PARIS LYON;VALENCE ALIXAN TGV;130;339;7;;29;17.60172414;1.289257028;;19;32.02631579;1.9990963855421693;;15;37.03444444;7;1;15.78947368;26.31578947;0.0;42.105263157894704;10.52631579;5.263157895
2022-01;National;PARIS NORD;ARRAS;48;485;4;;36;10.7212963;0.462092862;;37;16.34189189;1.971240471;;13;27.81282051;5;0;11.76470588;2.941176471;17.64705882;44.11764706;5.882352941;17.64705882
2022-01;National;LYON PART DIEU;PARIS LYON;118;725;20;;296;6.507995495;2.789663348;;49;30.941156462585003;1.996917971;;37;36.7490991;14;6;16.32653061;2.040816327;8.163265306;16.32653061;8.163265306;48.97959183673471
2022-01;National;PARIS MONTPARNASSE;QUIMPER;222;245;1;;13;23.15769231;0.707513661;;16;37.8125;2.147540984;;16;37.8125;8;2;43.75;12.5;6.25;25.0;6.25;6.25
2022-01;National;RENNES;PARIS MONTPARNASSE;98;805;15;;215;9.652015504;2.589240506;;101;22.32755776;3.748523206751059;;43;39.11007752;23;6;17.39130435;36.95652174;25.0;16.30434783;1.0869565217391302;3.260869565
2022-01;National;ARRAS;PARIS NORD;52;502;3;;172;6.85125969;2.378781794;;80;17.12395833;3.396619813;;28;30.6547619;8;2;13.69863014;24.65753425;30.1369863;21.91780822;8.219178082;1.369863014
2022-01;National;MACON LOCHE;PARIS LYON;96;269;0;;216;11.0691358;8.936256219;;56;27.32232143;6.768159204;;36;35.55092593;12;4;21.42857143;12.5;41.07142857;16.07142857;0.0;8.928571429
2022-01;National;MARSEILLE ST CHARLES;LILLE;285;187;14;;14;11.686904761904785;0.8162813102119468;;24;41.944047619047645;7.176300578034678;;24;44.13472222222225;12;5;12.719298245614032;8.771929824561415;4.166666666666666;21.92982456;8.771929824561415;43.64035088
2022-01;National;PARIS MONTPARNASSE;RENNES;97;758;14;;49;21.29353741;0.976469269;;56;29.55505952;2.215231045;;31;45.34408602;19;11;17.64705882;9.803921569;21.56862745;21.56862745;13.7254902;15.686274509803896
2022-01;National;ANNECY;PARIS LYON;221;139;0;;4;3.25;0.101678657;;17;33.46568627;6.390527578;;17;33.46568627;6;1;23.52941176;11.76470588;29.41176471;29.41176471;0.0;5.882352941
2022-01;National;LYON PART DIEU;MARNE LA VALLEE;107;313;0;;164;12.08262195;6.485490831;;48;43.73125;6.034304207;;39;50.64871795;20;11;10.86956522;17.39130435;6.52173913;17.39130435;15.2173913;32.60869565
2022-01;National;PARIS EST;NANCY;97;286;4;;40;12.70583333;1.868794326;;17;34.23137255;2.24320331;;12;42.71111111;5;2;11.76470588;17.64705882;11.76470588;52.94117647;5.882352941;0.0
2022-01;National;PARIS EST;REIMS;45;224;5;;22;12.98106061;1.3304414;;13;28.2474359;2.172526636;;5;56.92;4;1;0.0;18.18181818;18.18181818;45.454545454545496;18.18181818;0.0
2022-01;National;PARIS NORD;DUNKERQUE;130;176;1;;14;10.06904762;0.406952381;;8;30.75;1.42;;8;30.75;5;0;50.0;0.0;12.5;37.5;0.0;0.0
2022-01;International;PARIS EST;STUTTGART;189;127;6;;19;8.757894737;0.664876033;;9;34.72407407;6.553856749311299;;9;34.72407407;2;2;28.57142857;0.0;42.85714286;14.28571429;14.28571429;0.0
2022-01;National;DIJON VILLE;PARIS LYON;98;342;0;;99;8.605218855;2.521632252;;18;38.52592593;1.473893805;;15;43.68444444;7;3;22.22222222;27.77777778;5.555555555555561;38.88888889;0.0;5.555555555555561
2022-01;National;PARIS MONTPARNASSE;BREST;225;247;2;;15;25.26111111;0.895782313;;14;29.64285714;2.689795918;;14;29.64285714;3;2;50.0;21.42857143;7.142857143;7.142857143;7.142857143;7.142857143
2022-02;National;PARIS LYON;ANNECY;223;126;0;;12;12.352777777777796;0.868386243;;10;30.149999999999995;6.301587302;;10;30.15;4;0;0.0;10.0;40.0;40.0;0.0;10.0
2022-02;National;PARIS MONTPARNASSE;QUIMPER;222;216;2;;17;10.53627451;0.386682243;;24;72.08333333;7.939252336;;24;72.08333333;16;10;37.5;12.5;12.5;8.333333333;4.166666666666671;25.0
2022-02;International;GENEVE;PARIS LYON;193;152;0;;108;2.814969136;2.182675439;;5;24.21333333;0.684868421;;5;24.21333333;1;0;0.0;40.0;20.0;40.0;0.0;0.0
2022-02;National;PARIS LYON;BELLEGARDE (AIN);166;188;0;;16;13.53020833;0.936347518;;6;23.12222222;1.32464539;;5;24.6;1;0;16.66666667;50.0;0.0;16.66666667;0.0;16.66666667
2022-02;National;PARIS LYON;VALENCE ALIXAN TGV;130;311;0;;20;14.6275;0.738156484;;10;26.684999999999995;1.355305466;;6;36.88055556;3;1;0.0;10.0;10.0;70.0;0.0;10.0
2022-02;National;BELLEGARDE (AIN);PARIS LYON;163;184;0;;67;4.415671642;1.638586957;;8;20.16041667;0.526358696;;5;24.21333333;1;0;0.0;50.0;25.0;25.0;0.0;0.0
2022-02;National;LYON PART DIEU;LILLE;186;233;0;;144;8.589467592592591;5.023462088698144;;37;44.50975198412696;7.571888412017162;;31;50.62365591397849;20;12;22.178060413354487;5.484896661367254;11.128775834658148;22.257551669316392;0.0;38.95071542130366
2022-02;National;REIMS;PARIS EST;47;209;0;;32;6.5984375;1.063221154;;15;21.43666667;1.418589744;;8;32.26458333;2;0;0.0;26.66666667;26.66666667;33.33333333;13.33333333;0.0
2022-02;International;ITALIE;PARIS LYON;427;86;0;;64;19.40208333;14.53624031;;28;36.76607143;13.05;;28;36.76607143;9;3;28.57142857;0.0;57.142857142857096;10.71428571;3.571428571;0.0
2022-02;National;MARSEILLE ST CHARLES;LILLE;284;174;1;;12;9.331944444;0.1338150289017337;;15;42.40378787878787;4.422061657032754;;15;41.493333333333325;8;4;26.66666666666668;0.0;6.666666666666667;20.000000000000018;6.666666666666667;40.00000000000003
2022-02;National;PARIS EST;METZ;85;239;0;;32;13.8640625;1.898396095;;22;24.59242424;2.201882845;;11;40.80757576;7;1;10.0;15.0;20.0;35.0;5.0;15.0
2022-02;National;PARIS LYON;TOULON;237;235;1;;12;12.13611111;0.274216524;;16;27.910416666666706;1.330911681;;16;27.91041667;2;1;18.75;25.0;6.25;25.0;6.25;18.75
2022-02;National;PARIS MONTPARNASSE;BORDEAUX ST JEAN;140;841;21;;72;12.03287037;0.619247967;;49;26.53741497;2.232398374;;30;34.80333333;13;2;4.255319148936171;21.27659574;25.531914893617003;27.65957447;0.0;21.27659574
2022-02;National;PARIS MONTPARNASSE;RENNES;97;714;0;;56;16.3202381;0.855905696;;57;23.38421053;2.072222222;;26;38.24935897;8;4;1.754385965;8.771929825;31.57894737;26.31578947;8.771929825;22.80701754
2022-02;National;POITIERS;PARIS MONTPARNASSE;98;428;11;;123;7.909078591;2.148995984;;47;23.53546099;3.3115261044176694;;23;37.14565217;11;4;13.043478260869602;30.43478261;19.56521739130429;23.91304348;0.0;13.043478260869602
2022-02;National;ST PIERRE DES CORPS;PARIS MONTPARNASSE;62;505;10;;143;5.886829837;1.840620783;;66;15.84419192;2.902732794;;19;31.24035088;4;3;6.779661017;25.42372881;28.81355932;22.03389831;3.389830508;13.55932203
2022-02;National;BORDEAUX ST JEAN;TOURCOING;334;28;1;;3;1.3500000000000003;-0.149382716;;2;47.0;5.037037037;;2;47.0;1;1;50.0;0.0;0.0;0.0;0.0;50.0
2022-02;National;DOUAI;PARIS NORD;79;153;4;;37;8.29954955;2.160430839;;22;18.55606061;3.100566893;;10;29.02666667;4;1;23.809523809523803;9.523809524;42.85714286;9.523809524;9.523809524;4.761904762
2022-02;National;PARIS LYON;MONTPELLIER;207;197;0;;13;20.24358974;0.710829103;;8;32.76875;0.435025381;;8;32.76875;5;0;37.5;25.0;12.5;25.0;0.0;0.0
2022-02;National;PARIS MONTPARNASSE;ANGOULEME;123;272;17;;30;12.20333333;0.854313725;;17;21.88137255;2.093202614;;6;39.04166667;3;1;5.882352941;17.64705882;17.64705882;35.29411765;5.882352941;17.64705882
2022-02;National;RENNES;LYON PART DIEU;236;70;0;;12;7.338888888888891;0.668095238;;3;42.15555556;2.005238095;;3;42.15555556;3;0;0.0;0.0;0.0;66.66666667;0.0;33.33333333
2022-02;National;BREST;PARIS MONTPARNASSE;227;234;0;;8;11.60625;0.407296137;;14;36.97142857;3.362160229;;14;36.97142857;6;2;21.42857143;28.57142857;0.0;28.57142857;0.0;21.42857143
2022-02;National;MARSEILLE ST CHARLES;MARNE LA VALLEE;211;251;2;;21;7.422222222;0.419745649;;12;36.51944444;1.36064257;;12;36.51944444;4;3;0.0;0.0;8.333333333;25.0;16.66666667;50.0
2022-02;National;MONTPELLIER;LYON PART DIEU;114;200;0;;45;12.5937037;2.91325;;15;34.22555556;3.785;;11;41.43030303;6;3;20.0;33.33333333;13.33333333;20.0;6.666666667;6.666666667
2022-02;National;PARIS LYON;LYON PART DIEU;119;671;0;;44;7.903787879;0.213065077;;14;23.05595238;0.472329856;;9;29.00740741;3;1;21.42857143;0.0;21.42857143;14.28571429;14.28571429;28.57142857
2022-02;National;STRASBOURG;NANTES;320;52;0;;6;3.3250000000000006;0.312179487;;6;67.68611111;7.588141026;;6;67.68611111;5;3;33.33333333;16.66666667;0.0;0.0;0.0;50.0
2022-02;National;ANGOULEME;PARIS MONTPARNASSE;126;294;6;;112;8.443154762;3.444017094;;31;27.26774194;4.004456654;;22;33.24469697;10;1;13.33333333;36.66666667;16.66666667;20.0;0.0;13.33333333
2022-02;National;GRENOBLE;PARIS LYON;178;177;0;;7;4.571428571;0.184651601;;6;16.66944444;-0.170150659;;2;24.15833333;0;0;0.0;0.0;66.66666667;16.66666667;0.0;16.66666667
2022-02;International;PARIS EST;STUTTGART;189;112;0;;17;19.01470588;2.905208333;;11;41.96969697;8.295982143;;11;41.96969697;4;2;0.0;18.18181818;45.454545454545496;18.18181818;9.090909091;9.090909091
2022-02;International;PARIS LYON;ZURICH;244;81;0;;13;8.758974359;1.204320988;;5;26.806666666666704;3.483127572;;5;26.80666667;2;0;25.0;50.0;0.0;25.0;0.0;0.0
2022-02;National;LE CREUSOT MONTCEAU MONTCHANIN;PARIS LYON;81;200;0;;72;7.569212963;2.6464166666666697;;15;24.69777778;0.96475;;10;31.988333333333298;5;1;6.666666667;6.666666667;13.33333333;46.66666667;6.666666667;20.0
2022-02;National;LILLE;LYON PART DIEU;186;233;1;;104;14.99214743589748;6.434954463819228;;42;48.62666831032219;10.143317414446182;;32;59.64062499999999;19;15;19.04761905;4.761904761904764;14.28571429;30.95238095238092;9.523809523809565;21.428571428571384
2022-02;National;MARNE LA VALLEE;MARSEILLE ST CHARLES;208;247;0;;121;14.33856749;7.110188934;;39;45.79273504273501;8.799797571;;39;45.79273504;16;10;33.33333333;0.0;15.38461538;20.51282051;12.82051282;17.94871795
2022-02;National;MARSEILLE ST CHARLES;TOURCOING;304;26;0;;9;11.29074074;1.330769231;;3;33.66666667;5.346153846;;3;33.66666667;1;1;33.33333333;33.33333333;0.0;0.0;0.0;33.33333333
2022-02;National;NIMES;PARIS LYON;176;196;0;;45;10.1062963;2.270748299;;17;27.58235294117649;2.12244898;;13;32.05769231;3;1;11.76470588;5.882352941;23.52941176;35.29411765;23.52941176;0.0
2022-02;International;FRANCFORT;PARIS EST;235;133;1;;69;3.29178744;1.759090909;;18;38.62685185;6.263383838;;18;38.62685185;8;2;5.555555555555561;38.88888889;50.0;0.0;0.0;5.555555555555561
2022-02;International;PARIS EST;FRANCFORT;230;154;0;;14;18.92857143;1.783333333;;16;32.178125;7.627164502;;16;32.178125;4;2;0.0;31.25;56.25;6.25;6.25;0.0
2022-02;National;DUNKERQUE;PARIS NORD;135;152;4;;2;16.5;0.227586207;;17;35.99019608;4.214827586;;14;40.71666667;8;4;17.64705882;23.52941176;41.17647059;11.76470588;0.0;5.882352941
2022-02;National;LYON PART DIEU;MONTPELLIER;114;216;1;;89;12.46086142;5.303798449612401;;23;42.17971014;3.429689922;;16;54.340625;13;6;34.78260869565219;21.73913043;26.08695652;13.043478260869602;0.0;4.347826086956521
2022-02;National;MARSEILLE ST CHARLES;LYON PART DIEU;104;443;1;;63;7.154761905;0.920588235;;17;24.88235294;1.737443439;;10;32.625;3;1;11.76470588;5.882352941;29.41176471;17.64705882;11.76470588;23.52941176
2022-02;National;TOULON;PARIS LYON;238;228;1;;30;18.21722222;2.391189427;;12;45.67916667;1.91784141;;12;45.67916667;7;2;33.33333333;8.333333333;25.0;8.333333333;0.0;25.0
2022-02;International;PARIS LYON;LAUSANNE;229;128;1;;4;5.475;-0.028346457;;4;27.82916667;1.429658793;;4;27.82916667;1;0;0.0;66.66666667;33.33333333;0.0;0.0;0.0
2022-02;National;AVIGNON TGV;PARIS LYON;163;337;0;;44;5.706439394;0.53793274;;10;18.07833333;-0.321612265;;4;26.9625;1;0;30.0;0.0;10.0;10.0;0.0;50.0
2022-02;National;LYON PART DIEU;MARSEILLE ST CHARLES;104;418;1;;167;14.35558882;5.786530775;;62;35.97043011;6.194724221;;50;41.27166667;18;9;30.64516129;6.4516129032258105;19.35483871;17.74193548;6.4516129032258105;19.35483871
2022-02;National;PARIS MONTPARNASSE;LE MANS;59;450;3;;35;19.24095238;0.681804623;;44;19.04962121;3.5225950782997804;;11;50.25151515;4;3;12.121212121212098;24.24242424;39.39393939;12.121212121212098;3.03030303;9.090909091
2022-02;National;PERPIGNAN;PARIS LYON;306;153;0;;55;13.829393939393896;4.824183007;;18;46.37962963;5.794771242;;18;46.37962963;11;3;50.0;0.0;11.11111111;11.11111111;5.555555555555561;22.22222222
2022-02;National;TOURCOING;BORDEAUX ST JEAN;315;28;1;;3;19.81666667;2.387333333;;4;24.5125;3.331333333;;4;24.5125;1;0;0.0;50.0;0.0;50.0;0.0;0.0
2022-02;National;MONTPELLIER;PARIS LYON;208;196;0;;38;11.3995614;2.246683673;;13;32.05769231;2.12244898;;13;32.05769231;3;1;15.38461538;7.692307692;15.38461538;30.76923077;30.76923077;0.0
2022-02;National;NICE VILLE;PARIS LYON;350;192;1;;7;30.07380952;0.912041885;;11;48.18636364;2.336998255;;11;48.18636364;7;2;27.27272727;9.090909091;27.27272727;9.090909091;0.0;27.27272727
2022-02;National;AIX EN PROVENCE TGV;PARIS LYON;182;386;0;;96;7.291145833333329;1.805555556;;10;43.74166667;0.308246528;;10;43.74166667;5;1;40.0;0.0;20.0;10.0;0.0;30.0
2022-02;National;BESANCON FRANCHE COMTE TGV;PARIS LYON;132;160;0;;24;3.147916667;0.266458333;;3;29.566666666666706;-0.422083333;;3;29.566666666666706;1;0;0.0;66.66666667;0.0;33.33333333;0.0;0.0
2022-02;National;PARIS EST;STRASBOURG;117;462;0;;54;14.13179012;1.6481240981241003;;22;34.53030303;1.778823954;;14;46.70595238;8;4;4.761904762;28.57142857;19.04761905;33.33333333;9.523809524;4.761904762
2022-02;National;PARIS LYON;CHAMBERY CHALLES LES EAUX;180;342;0;;29;11.42701149;0.681968811;;22;28.35984848;2.895516569;;19;30.79649123;9;0;9.523809524;9.523809524;42.85714286;28.57142857;4.761904762;4.761904762
2022-02;National;PARIS LYON;MULHOUSE VILLE;170;260;0;;20;7.657500000000001;0.473910256;;12;18.43611111;1.57;;6;23.60555556;1;0;27.27272727;36.36363636;9.090909091;18.18181818;0.0;9.090909091
2022-02;National;PARIS LYON;NICE VILLE;355;195;1;;10;10.12833333;0.141237113;;10;62.325;3.425859106529229;;10;62.325;6;3;40.0;10.0;40.0;10.0;0.0;0.0
2022-02;National;PARIS MONTPARNASSE;NANTES;132;510;0;;40;12.60958333;-0.034640523;;42;46.84880952;2.69745098;;36;52.59583333;27;10;30.0;22.500000000000004;10.0;5.0;2.5;30.0
2022-02;International;PARIS LYON;BARCELONA;400;28;0;;2;14.09166667;0.8011904761904761;;0;0.0;0.0;;0;0.0;0;0;0.0;0.0;0.0;0.0;0.0;0.0
2022-02;National;CHAMBERY CHALLES LES EAUX;PARIS LYON;177;317;0;;192;12.093663194444398;7.15615142;;72;32.42662037;7.590536278;;58;37.03362069;18;6;38.88888889;5.555555555555561;44.44444444;8.333333333;2.7777777777777803;0.0
2022-02;National;LYON PART DIEU;PARIS LYON;118;681;1;;304;5.461403509;2.499019608;;44;20.65909091;1.326029412;;25;25.83666667;7;1;4.545454545454549;15.90909091;18.18181818;31.81818182;2.272727273;27.27272727
2022-02;National;PARIS LYON;DIJON VILLE;97;362;0;;26;12.5224359;0.755662983;;13;27.13717949;0.461556169;;8;35.74791667;4;1;7.692307692;15.38461538;15.38461538;53.84615385;0.0;7.692307692
2022-02;National;PARIS LYON;MACON LOCHE;95;238;0;;17;8.934313725;0.331582633;;7;20.14761905;0.655112045;;5;23.32;1;0;28.57142857;0.0;14.28571429;42.85714286;0.0;14.28571429
2022-02;National;LA ROCHELLE VILLE;PARIS MONTPARNASSE;171;188;6;;14;7.785714286;0.612891344;;15;23.04666667;2.409300184;;8;32.09375;3;1;28.57142857;28.57142857;7.142857143;14.28571429;0.0;21.42857143
2022-02;National;MARSEILLE ST CHARLES;PARIS LYON;197;407;1;;42;6.784920635;0.518858561;;10;33.41833333;-0.048428453;;10;33.41833333;4;1;30.0;10.0;20.0;20.0;0.0;20.0
2022-02;National;PARIS MONTPARNASSE;LA ROCHELLE VILLE;175;196;9;;13;5.980769231;0.011229947;;7;23.71428571;0.8502673796791441;;4;32.75;2;0;0.0;57.142857142857096;28.57142857;0.0;0.0;14.28571429
2022-02;National;PARIS MONTPARNASSE;BREST;225;220;1;;19;10.75350877;0.481506849;;18;32.22222222;3.860730594;;18;32.22222222;9;1;27.77777778;11.11111111;16.66666667;5.555555555555561;16.66666667;22.22222222
2022-02;National;STRASBOURG;PARIS EST;117;472;0;;198;8.946380471;3.77980226;;42;32.55;3.32259887;;30;40.21;14;5;14.28571429;23.80952381;40.476190476190496;7.142857143;0.0;14.28571429
2022-02;International;PARIS LYON;ITALIE;423;86;0;;6;17.29722222;0.961046512;;8;42.875;3.3197674418604706;;8;42.875;6;1;12.5;25.0;12.5;50.0;0.0;0.0
2022-02;National;MARNE LA VALLEE;LYON PART DIEU;106;305;1;;189;13.96190476;8.500274123;;44;46.12575758;8.161074561;;32;58.0515625;18;14;20.45454545;4.545454545454549;13.63636364;31.81818182;9.090909091;20.45454545
2022-02;National;PARIS LYON;AVIGNON TGV;159;351;0;;9;8.572222222;-0.059259259;;5;49.52;0.679392213;;4;58.95416667;3;1;20.0;0.0;20.0;20.0;20.0;20.0
2022-02;National;TOURS;PARIS MONTPARNASSE;74;174;0;;8;7.579166667;0.298850575;;24;11.95833333;3.013505747;;3;26.905555555555605;0;0;0.0;25.0;40.00000000000001;20.000000000000004;5.000000000000001;10.000000000000002
2022-02;International;PARIS LYON;GENEVE;191;152;0;;14;11.975;0.91754386;;3;18.03888889;1.099671053;;3;18.03888889;0;0;0.0;33.33333333;0.0;33.33333333;0.0;33.33333333
2022-02;National;LAVAL;PARIS MONTPARNASSE;83;255;0;;51;4.541176471;0.762467192;;20;25.30666667;2.451246719;;8;47.73333333;4;1;11.76470588;41.17647059;23.52941176470589;17.64705882;0.0;5.882352941
2022-02;National;LYON PART DIEU;MARNE LA VALLEE;107;282;2;;163;8.203783231;4.767142857;;25;40.94066667;3.551309524;;22;44.63181818;8;7;12.0;12.0;8.0;24.0;8.0;36.0
2022-02;National;PARIS LYON;AIX EN PROVENCE TGV;182;375;0;;12;9.190277778;-0.0124;;7;88.39761905;2.439955556;;6;100.6805556;5;3;57.142857142857096;0.0;0.0;14.28571429;28.57142857;0.0
2022-02;National;PARIS LYON;MARSEILLE ST CHARLES;194;455;0;;17;10.4127451;0.065494505;;11;62.60757575757581;2.378791209;;11;62.60757576;4;3;18.18181818;18.18181818;0.0;54.54545455;9.090909091;0.0
2022-02;National;PARIS MONTPARNASSE;TOURS;75;175;0;;8;13.87708333;0.173428571;;9;18.81666667;1.677619048;;2;45.66666667;1;1;0.0;25.0;25.0;37.5;0.0;12.5
2022-02;National;QUIMPER;PARIS MONTPARNASSE;225;241;1;;8;24.84166667;0.826359833;;11;40.20454545;3.017921897;;11;40.20454545;4;1;18.18181818;18.18181818;0.0;45.454545454545496;0.0;18.18181818
2022-02;International;ZURICH;PARIS LYON;244;83;0;;41;2.082926829;1.267068273;;3;23.27222222;0.8897590361445779;;3;23.27222222;0;0;0.0;0.0;50.0;50.0;0.0;0.0
2022-02;National;LILLE;PARIS NORD;74;566;5;;114;8.433333333333334;1.6293778625480668;;88;26.117452830188697;3.9847679779566376;;41;42.49146341463416;25;9;28.52673796791445;14.350267379679146;25.01737967914439;13.041443850267376;9.532085561497327;9.532085561497327
2022-02;National;MULHOUSE VILLE;PARIS LYON;172;261;0;;113;4.494837758;2.005172414;;10;24.01333333;0.098020434;;8;26.70416667;2;0;11.111111111111098;33.33333333;22.22222222;33.33333333;0.0;0.0
2022-02;National;PARIS LYON;LE CREUSOT MONTCEAU MONTCHANIN;81;178;0;;8;14.13541667;0.363389513;;4;23.8125;-0.234082397;;3;29.48888888888889;1;0;33.33333333;0.0;0.0;33.33333333;0.0;33.33333333
2022-02;National;PARIS LYON;SAINT ETIENNE CHATEAUCREUX;173;98;0;;7;9.583333333;0.442346939;;6;25.541666666666703;2.119557823;;4;31.53333333;1;0;16.66666667;0.0;33.33333333;50.0;0.0;0.0
2022-02;National;PARIS NORD;LILLE;67;526;7;;60;16.38861111111114;1.2374438021836822;;58;31.70168269230766;3.4055555555555506;;29;53.58218390804597;16;7;39.32814238042267;8.938820912124584;21.41045606229142;17.83759733036706;1.793103448275862;10.691879866518343
2022-02;National;MACON LOCHE;PARIS LYON;96;246;0;;175;13.45533333;9.794467497;;60;31.49111111;7.89253112;;49;35.54455782;14;5;41.66666667;1.666666667;41.66666667;11.66666667;3.333333333;0.0
2022-02;National;NANTES;STRASBOURG;318;52;1;;10;19.20333333;2.874183007;;6;29.686111111111096;4.389869281;;6;29.68611111;2;0;33.33333333;33.33333333;16.66666667;0.0;0.0;16.66666667
2022-02;National;PARIS MONTPARNASSE;ST MALO;154;87;1;;8;22.0;1.824612403;;5;35.13;1.968023256;;3;50.77222222222221;1;1;0.0;0.0;20.0;40.0;0.0;40.0
2022-02;National;PARIS MONTPARNASSE;TOULOUSE MATABIAU;263;198;5;;14;16.15119048;0.245941278;;20;53.3375;5.449222798;;20;53.3375;9;4;35.0;35.0;5.0;0.0;0.0;25.0
2022-02;National;LILLE;MARSEILLE ST CHARLES;296;178;0;;38;23.67236842105265;5.027835118584091;;34;49.72340277777781;9.795344468636284;;34;50.22254901960779;15;11;32.352941176470566;0.0;14.70588235;17.647058823529413;14.70588235;20.588235294117645
2022-02;National;PARIS EST;NANCY;97;266;0;;43;11.26085271;1.853759398;;10;43.87666667;2.053132832;;9;47.32407407;2;2;10.0;30.0;0.0;40.0;20.0;0.0
2022-02;National;PARIS MONTPARNASSE;VANNES;152;239;1;;20;11.47666667;0.508123249;;31;38.67741935;6.361344538;;23;47.434782608695606;14;4;16.12903226;12.903225806451598;16.12903226;12.903225806451598;6.4516129032258105;35.48387097
2022-02;International;BARCELONA;PARIS LYON;396;28;0;;5;6.513333333;1.163095238;;4;33.09166667;6.205952381;;4;33.09166667;2;0;75.0;0.0;0.0;0.0;0.0;25.0
2022-02;National;PARIS NORD;DUNKERQUE;129;155;11;;15;24.29222222;1.74224537;;14;40.0;3.7638888888888906;;10;51.2;7;3;28.57142857;42.85714286;7.142857143;14.28571429;7.142857143;0.0
2022-02;National;RENNES;PARIS MONTPARNASSE;98;758;1;;187;8.2942959;1.97681638;;90;19.79777778;3.329480405;;36;35.2787037;13;3;8.235294118;16.47058824;29.41176471;29.41176471;0.0;16.47058824
2022-02;International;LAUSANNE;PARIS LYON;228;148;1;;115;2.467101449;2.034693878;;1;24.9;-0.151587302;;1;24.9;0;0;0.0;0.0;0.0;0.0;0.0;100.0
2022-02;National;TOULOUSE MATABIAU;PARIS MONTPARNASSE;266;200;3;;17;9.035294118;0.725555556;;17;64.31568627;7.547094017;;17;64.31568627;13;7;52.94117647;23.52941176;5.882352941;11.76470588;0.0;5.882352941
2022-02;National;PARIS EST;REIMS;45;209;0;;27;9.830246914;1.301754386;;19;18.80438596;2.077591707;;9;28.718518518518504;4;0;11.76470588;23.52941176470589;5.882352941;35.29411765;11.76470588;11.76470588
2022-02;National;ARRAS;PARIS NORD;54;438;11;;147;9.488888889;3.269444444;;67;22.53955224;3.748669797;;33;35.79393939;17;6;20.63492063;14.28571429;36.50793651;14.28571429;7.936507937;6.349206349206351
2022-02;National;BORDEAUX ST JEAN;PARIS MONTPARNASSE;141;844;16;;246;13.84227642;4.029191919;;92;38.81213768;5.49359596;;64;50.20364583;36;19;20.45454545;23.86363636;9.090909090909092;25.0;3.409090909;18.18181818
2022-02;National;METZ;PARIS EST;87;272;1;;72;7.787268519;2.043911439;;28;19.97261905;2.205104551;;13;32.35384615;5;2;7.692307692;23.07692308;42.30769231;19.23076923;0.0;7.692307692
2022-02;National;PARIS LYON;PERPIGNAN;302;153;0;;4;7.820833333;0.066122004;;9;41.15555556;2.116884532;;9;41.15555556;4;3;44.44444444;11.11111111;11.11111111;33.33333333;0.0;0.0
2022-02;National;PARIS MONTPARNASSE;ANGERS SAINT LAUD;92;474;0;;38;12.8627193;-0.078199719;;42;31.85793651;3.119198312;;23;49.65434783;16;4;19.44444444;13.88888889;13.88888889;13.88888889;0.0;38.88888889
2022-02;National;PARIS NORD;DOUAI;67;112;4;;10;21.59333333;1.649691358;;19;25.52982456;4.843209877;;7;55.519047619047605;5;4;11.76470588;5.882352941;41.17647059;23.52941176470589;5.882352941;11.76470588
2022-02;National;ST MALO;PARIS MONTPARNASSE;158;84;0;;6;3.4527777777777806;0.184756098;;7;18.79285714;3.484756098;;5;20.63666667;0;0;14.28571429;28.57142857;0.0;42.85714286;0.0;14.28571429
2022-02;National;VALENCE ALIXAN TGV;PARIS LYON;132;365;0;;184;8.764492754;4.431680441;;38;35.09649123;3.306932966;;29;41.84482759;14;4;26.31578947;2.631578947;18.42105263;23.68421053;10.52631579;18.42105263
2022-02;National;ANNECY;PARIS LYON;221;131;0;;4;11.625;0.354961832;;21;26.46269841;5.48307888;;21;26.462698412698405;4;0;33.33333333;0.0;47.61904762;14.28571429;4.761904762;0.0
2022-02;National;PARIS MONTPARNASSE;ST PIERRE DES CORPS;63;483;7;;28;13.28869048;0.308998599;;27;19.10246914;1.794222689;;9;37.9962963;3;3;0.0;11.53846154;38.46153846;15.38461538;7.692307692;26.92307692
2022-02;National;SAINT ETIENNE CHATEAUCREUX;PARIS LYON;167;98;0;;23;2.339130435;0.981972789;;9;15.59444444;2.523469388;;4;17.85;0;0;0.0;22.22222222;33.33333333;33.33333333;0.0;11.11111111
2022-02;National;PARIS MONTPARNASSE;LAVAL;80;228;0;;16;29.0375;1.6861111111111098;;34;24.21519608;4.69130117;;11;56.28333333;5;3;10.34482759;27.5862069;20.68965517;20.68965517;0.0;20.68965517
2022-02;International;STUTTGART;PARIS EST;194;136;0;;118;6.697316384;5.471446078;;12;49.57222222;6.531372549;;12;49.57222222;8;3;25.0;25.0;16.66666667;8.333333333;0.0;25.0
2022-02;National;ANGERS SAINT LAUD;PARIS MONTPARNASSE;94;469;2;;170;7.840588235;2.979445644;;75;26.38422222;4.47062635;;44;36.71363636;18;6;25.71428571;18.57142857;14.28571429;18.57142857;2.8571428571428603;20.0
2022-02;National;NANCY;PARIS EST;95;278;0;;36;8.718981481;1.185191847;;12;26.88611111;1.582673861;;10;29.54;4;0;0.0;66.66666667;0.0;25.0;8.333333333;0.0
2022-02;National;PARIS LYON;GRENOBLE;180;195;0;;16;16.51145833;1.084358974;;16;22.75;2.258974359;;12;25.91666667;2;0;12.5;6.25;18.75;37.5;6.25;18.75
2022-02;National;PARIS LYON;NIMES;176;197;0;;13;20.24358974;0.710829103;;10;24.76;2.384602369;;7;29.89047619;3;0;10.0;20.0;10.0;60.0;0.0;0.0
2022-02;National;PARIS NORD;ARRAS;48;432;18;;42;22.01825397;1.819202899;;41;34.04552846;4.209299517;;22;54.99166667;14;10;35.13513514;13.51351351;10.81081081;16.21621622;10.81081081;13.51351351
2022-02;National;DIJON VILLE;PARIS LYON;98;306;2;;86;5.184496124;1.505482456;;6;28.65555556;-0.135416667;;5;32.17;2;0;0.0;50.0;0.0;33.33333333;0.0;16.66666667
2022-02;National;LYON PART DIEU;RENNES;236;70;0;;36;11.9162037;6.228333333;;5;68.68666667;7.939285714;;5;68.68666667;3;2;0.0;20.0;0.0;40.0;0.0;40.0
2022-02;National;NANTES;PARIS MONTPARNASSE;132;508;2;;149;8.07114094;2.256422925;;71;29.12276995;5.091205534;;50;35.67733333;21;6;23.18840579710149;21.73913043;10.14492754;21.73913043;2.8985507246376803;20.28985507
2022-02;National;PARIS LYON;BESANCON FRANCHE COMTE TGV;128;155;0;;5;7.35;0.152795699;;5;15.153333333333302;1.468602151;;3;17.40555556;0;0;40.0;40.0;0.0;20.0;0.0;0.0
2022-02;National;VANNES;PARIS MONTPARNASSE;158;261;1;;83;6.661044177;2.197039897;;18;30.498148148148097;3.153153153;;13;37.05128205;4;1;11.11111111;22.22222222;16.66666667;33.33333333;0.0;16.66666667
2022-02;National;LE MANS;PARIS MONTPARNASSE;60;405;2;;139;8.497242206;2.891666667;;63;19.9952381;4.18420398;;22;38.18787879;8;3;19.23076923;23.07692308;17.30769231;15.38461538;3.846153846;21.15384615
2022-02;National;PARIS MONTPARNASSE;POITIERS;94;507;16;;36;9.847685185;0.232315003;;19;31.98245614035089;2.039748812;;10;48.9;6;4;11.11111111;11.11111111;16.66666667;27.77777778;0.0;33.33333333
2022-03;International;ITALIE;PARIS LYON;428;94;0;;75;16.64755556;13.35141844;;27;38.8154321;13.59875887;;27;38.8154321;6;2;37.03703704;11.11111111;33.33333333;3.703703704;0.0;14.81481481
2022-03;International;BARCELONA;PARIS LYON;396;31;0;;16;6.567708333;3.389784946;;4;31.7875;6.138709677;;4;31.7875;2;0;50.0;25.0;25.0;0.0;0.0;0.0
2022-03;National;DUNKERQUE;PARIS NORD;137;173;0;;10;20.85;1.251445087;;15;28.28555556;1.7762042389210002;;10;35.62666667;3;2;13.33333333;26.66666667;33.33333333;20.0;6.666666667;0.0
2022-03;International;FRANCFORT;PARIS EST;237;155;7;;86;3.4474806201550394;2.11295045;;21;33.42539683;6.528716216;;21;33.42539683;8;1;4.761904762;28.57142857;47.61904762;9.523809524;0.0;9.523809524
2022-03;National;DOUAI;PARIS NORD;79;189;1;;54;6.972530864;2.120409982;;28;22.75654762;2.356951872;;13;36.97179487;7;1;14.28571429;21.42857143;28.57142857;21.42857143;10.71428571;3.571428571
2022-03;National;LILLE;MARSEILLE ST CHARLES;296;207;0;;47;12.992553191489352;2.8032890441103016;;28;35.05691489361705;6.749716279426426;;28;35.01607142857146;9;4;25.0;14.285714285714285;14.285714285714285;25.0;14.285714285714285;7.1428571428571415
2022-03;National;PARIS LYON;CHAMBERY CHALLES LES EAUX;179;312;0;;37;18.26441441;1.893803419;;38;38.63684211;5.897061966;;30;45.20944444;14;6;18.42105263;18.42105263;18.42105263;39.47368421;0.0;5.263157895
2022-03;National;PARIS MONTPARNASSE;LA ROCHELLE VILLE;177;217;6;;26;10.53012821;0.927172196;;19;35.23684211;3.3838862559241694;;17;38.0;8;3;31.57894737;26.31578947;5.263157895;31.57894737;0.0;5.263157895
2022-03;National;TOURS;PARIS MONTPARNASSE;75;197;0;;12;6.6125;0.3915397631133669;;35;19.70571429;4.621235195;;14;35.66785714;5;2;10.0;26.66666667;40.0;10.0;3.333333333;10.0
2022-03;International;PARIS EST;STUTTGART;189;151;8;;21;10.28809524;1.56013986;;25;35.83866667;10.34079254;;25;35.83866667;8;3;4.0;12.0;48.0;20.0;4.0;12.0
2022-03;National;BORDEAUX ST JEAN;PARIS MONTPARNASSE;141;973;16;;268;10.00883085;2.694746946;;144;32.5255787;6.072547993;;105;39.76698413;49;14;26.95035461;31.20567376;12.765957446808502;14.18439716;3.546099291;11.34751773
2022-03;National;LILLE;LYON PART DIEU;186;314;1;;145;11.59298850574709;5.3979675919888725;;69;42.40983853311435;11.542883508834873;;46;57.10978260869565;23;11;17.391304347826125;15.942028985507276;21.73913043478259;33.33333333;7.246376811594207;4.347826086956521
2022-03;National;NICE VILLE;PARIS LYON;351;221;0;;15;9.446666667;0.459577677;;20;68.44249999999998;6.443514329;;20;68.4425;15;6;55.00000000000001;10.0;10.0;0.0;5.0;20.0
2022-03;National;PARIS LYON;NICE VILLE;356;225;0;;10;14.61666667;0.301333333;;22;54.0;5.694740741;;22;54.0;14;7;13.63636364;27.27272727;40.90909091;9.090909091;0.0;9.090909091
2022-03;National;TOULON;PARIS LYON;239;272;0;;50;11.94133333;2.185493827;;24;63.43055556;5.502283951;;24;63.43055556;17;6;62.5;8.333333333;8.333333333;0.0;4.166666666666671;16.66666667
2022-03;National;VALENCE ALIXAN TGV;PARIS LYON;132;417;0;;191;10.96614311;5.063882163;;53;40.27106918;4.759483454;;37;51.83873874;15;6;35.8490566;28.30188679;13.20754717;9.433962264;1.886792453;11.32075472
2022-03;International;STUTTGART;PARIS EST;195;151;5;;126;7.614153439;6.555439815;;29;30.6045977;8.761574074;;29;30.6045977;10;2;10.34482759;10.34482759;62.06896552;3.448275862;0.0;13.79310345
2022-03;National;BREST;PARIS MONTPARNASSE;228;251;0;;14;15.93095238;0.900066401;;18;34.96481481;3.591766268;;18;34.96481481;7;1;55.55555556;16.66666667;5.555555555555561;5.555555555555561;5.555555555555561;11.11111111
2022-03;National;PARIS LYON;BESANCON FRANCHE COMTE TGV;128;150;0;;20;22.55666667;2.846333333;;15;44.81777778;5.493222222;;12;52.84861111;9;3;20.0;20.0;6.666666667;46.66666667;0.0;6.666666667
2022-03;International;PARIS LYON;BARCELONA;402;51;0;;7;10.82619048;1.176470588;;0;0.0;0.0;;0;0.0;0;0;0.0;0.0;0.0;0.0;0.0;0.0
2022-03;National;BELLEGARDE (AIN);PARIS LYON;183;240;0;;111;6.0996997;2.857361111;;47;34.26134752;6.387430556;;38;39.18157895;14;3;45.00000000000001;10.0;17.5;20.0;7.5;0.0
2022-03;National;MONTPELLIER;PARIS LYON;208;227;0;;52;9.474358974;2.193759178;;20;60.425;5.236930984;;20;60.425;8;4;20.0;35.0;10.0;15.0;0.0;20.0
2022-03;National;NANTES;STRASBOURG;319;58;2;;9;8.651851852;1.367559524;;6;33.88611111;4.135416667;;6;33.88611111;3;1;16.66666667;0.0;16.66666667;0.0;33.33333333;33.33333333
2022-03;National;PARIS MONTPARNASSE;BREST;224;239;0;;28;8.416071429;0.548814505;;14;85.42857143;5.401673640167361;;14;85.42857143;10;5;50.0;14.28571429;7.142857143;14.28571429;0.0;14.28571429
2022-03;National;PARIS MONTPARNASSE;POITIERS;94;561;7;;63;10.02804233;0.710830325;;47;22.55177305;2.450541516;;29;29.00057471;10;2;18.60465116;30.23255814;11.62790698;30.23255814;4.651162791;4.651162791
2022-03;National;GRENOBLE;PARIS LYON;178;196;0;;14;11.21428571;0.8122448979591839;;21;43.811111111111096;4.680357143;;18;48.90277778;9;2;23.80952381;38.095238095238095;19.04761905;9.523809524;4.761904762;4.761904762
2022-03;National;LE CREUSOT MONTCEAU MONTCHANIN;PARIS LYON;82;222;0;;109;6.809327217;3.394672755;;30;40.80777778;1.681202435;;15;73.08333333;7;3;29.62962963;11.11111111;7.407407407;11.11111111;7.407407407;33.33333333
2022-03;National;NANCY;PARIS EST;96;307;7;;50;8.918;1.488222222;;27;23.859259259259304;2.175277778;;17;32.75;6;1;7.407407407407408;18.51851852;29.62962963;29.62962963;7.407407407407408;7.407407407407408
2022-03;National;PARIS EST;NANCY;97;310;6;;49;8.544557823;1.456195175;;16;23.73229167;1.534155702;;10;30.23;2;1;6.25;18.75;12.5;37.5;18.75;6.25
2022-03;National;PARIS LYON;AIX EN PROVENCE TGV;182;409;0;;41;13.031300813008098;1.044458028;;25;43.15466667;3.341809291;;23;45.709420289855096;10;5;24.0;12.0;12.0;36.0;8.0;8.0
2022-03;International;PARIS LYON;LAUSANNE;229;120;18;;13;17.92692308;1.420751634;;3;29.45;1.310457516;;3;29.45;0;0;100.0;0.0;0.0;0.0;0.0;0.0
2022-03;National;PARIS EST;STRASBOURG;115;541;17;;81;12.60349794;1.994847328;;33;34.6969697;2.167811705;;25;41.22333333;10;6;15.151515151515198;15.151515151515198;6.060606061;36.36363636;18.18181818;9.090909091
2022-03;National;PARIS LYON;BELLEGARDE (AIN);177;245;0;;25;22.36;2.101088435;;53;30.99339623;7.349387755;;47;33.04716312;17;5;52.08333333;6.25;12.5;22.91666667;2.083333333;4.166666666666671
2022-03;National;PARIS LYON;MACON LOCHE;96;265;0;;29;21.61954023;1.844025157;;18;38.12037037;3.261446541;;10;57.67666667;6;2;22.22222222;11.11111111;0.0;50.0;16.66666667;0.0
2022-03;National;PARIS MONTPARNASSE;ANGERS SAINT LAUD;91;533;0;;48;13.83090278;0.86097561;;57;22.77076023;3.367886179;;23;38.89710145;9;5;24.07407407;24.07407407;5.555555556;12.96296296;5.555555556;27.77777778
2022-03;National;PARIS MONTPARNASSE;ST PIERRE DES CORPS;63;540;3;;49;12.06496599;0.664711359;;60;17.955;2.422191186;;21;34.60238095;8;2;12.96296296;29.62962963;16.66666667;24.07407407;5.555555556;11.11111111
2022-03;National;RENNES;LYON PART DIEU;234;75;0;;20;7.215000000000001;1.938444444;;5;50.12333333;4.539333333;;5;50.12333333;3;2;20.0;0.0;40.0;0.0;0.0;40.0
2022-03;National;ST PIERRE DES CORPS;PARIS MONTPARNASSE;63;567;4;;191;5.364310646;1.954774614;;88;20.55965909;3.655308422;;36;36.71018519;14;5;17.5;28.75;26.25;7.5;8.75;11.25
2022-03;International;ZURICH;PARIS LYON;245;124;0;;67;2.173631841;1.514247312;;11;63.65757575757569;6.030913978;;11;63.65757576;8;5;18.18181818;9.090909091;54.54545455;18.18181818;0.0;0.0
2022-03;National;LYON PART DIEU;RENNES;235;75;0;;42;3.1865079365079403;1.962666667;;4;50.40416667;5.184;;4;50.40416667;1;1;25.0;25.0;0.0;0.0;0.0;50.0
2022-03;National;PERPIGNAN;PARIS LYON;306;174;0;;65;15.65794872;5.662356322;;17;40.21176471;4.695498084;;17;40.21176471;7;2;35.29411765;29.41176471;17.64705882;5.882352941;0.0;11.76470588
2022-03;National;BESANCON FRANCHE COMTE TGV;PARIS LYON;132;173;1;;28;9.27202381;1.247843137;;9;46.33888889;1.238333333;;5;72.51;4;2;22.22222222;22.22222222;33.33333333;22.22222222;0.0;0.0
2022-03;National;MARSEILLE ST CHARLES;TOURCOING;299;30;0;;5;14.846666666666698;2.262222222;;5;96.3;17.75;;5;96.3;3;1;40.0;0.0;20.0;0.0;40.0;0.0
2022-03;National;PARIS LYON;NIMES;176;229;0;;22;16.1469697;1.288573508;;22;38.06969697;4.616739447;;14;52.21666667;12;4;18.18181818;9.090909091;13.63636364;50.0;4.545454545454549;4.545454545454549
2022-03;National;PARIS MONTPARNASSE;QUIMPER;222;248;2;;24;8.7;0.419512195;;11;38.27272727;1.182926829;;11;38.27272727;7;1;27.27272727;18.18181818;0.0;36.36363636;0.0;18.18181818
2022-03;National;PARIS LYON;VALENCE ALIXAN TGV;130;379;0;;41;14.73699187;1.321108179;;33;41.05959596;3.977044855;;22;54.93484848;15;7;25.0;12.5;3.125;46.875;6.25;6.25
2022-03;National;PARIS MONTPARNASSE;TOULOUSE MATABIAU;263;204;6;;20;13.0075;0.8699494949494941;;31;43.08494624;6.570959596;;31;43.08494624;16;7;25.80645161;38.70967742;12.903225806451598;12.903225806451598;0.0;9.677419355
2022-03;National;LYON PART DIEU;PARIS LYON;119;717;1;;362;5.412661142;2.774255121;;53;34.42924528;3.015246741;;39;41.83119658;14;5;17.30769231;11.53846154;11.53846154;28.84615385;5.769230769;25.0
2022-03;International;PARIS LYON;ZURICH;244;110;0;;15;16.27777778;2.148181818;;16;45.21979167;8.903181818;;16;45.21979167;9;3;13.33333333;26.66666667;13.33333333;26.66666667;20.0;0.0
2022-03;National;MARSEILLE ST CHARLES;LYON PART DIEU;104;506;0;;78;8.289529915;1.184617918;;30;27.91833333;2.693017128;;23;32.37826087;9;1;20.0;6.666666667;36.66666667;13.33333333;13.33333333;10.0
2022-03;National;MARSEILLE ST CHARLES;MARNE LA VALLEE;211;283;0;;26;7.631410256410261;0.48975265;;23;46.06666666666671;4.099116608;;23;46.06666667;8;2;26.08695652;0.0;13.043478260869602;17.391304347826097;30.43478261;13.043478260869602
2022-03;National;METZ;PARIS EST;88;308;9;;96;8.392013889;2.622595078;;40;24.8575;3.224161074;;24;34.86944444;8;2;7.894736842;15.78947368;31.57894737;26.31578947;7.894736842;10.52631579
2022-03;National;MONTPELLIER;LYON PART DIEU;114;231;0;;53;13.63301887;3.226118326;;23;37.34130435;5.128499278499279;;19;42.60964912;11;3;8.695652173913041;17.391304347826097;17.391304347826097;17.391304347826097;13.043478260869602;26.08695652
2022-03;National;PARIS NORD;ARRAS;48;499;0;;42;29.571428571428605;2.185571142;;49;33.18265306;3.915364061;;27;52.34691358;17;10;10.86956522;6.52173913;21.73913043;19.56521739130429;17.391304347826097;23.913043478260903
2022-03;National;SAINT ETIENNE CHATEAUCREUX;PARIS LYON;168;115;0;;23;2.039130435;0.845072464;;8;26.47708333;3.3960869565217404;;5;33.84666667;2;1;12.5;12.5;12.5;50.0;0.0;12.5
2022-03;International;LAUSANNE;PARIS LYON;233;124;0;;87;3.5373563218390807;2.942211838;;8;46.21666667;2.789563863;;8;46.21666667;4;2;50.0;12.5;25.0;12.5;0.0;0.0
2022-03;National;ANNECY;PARIS LYON;222;144;0;;10;11.26333333;0.667939815;;26;36.93910256;8.812152778;;26;36.93910256;5;1;46.15384615;11.53846154;23.07692308;3.846153846;3.846153846;11.53846154
2022-03;National;MACON LOCHE;PARIS LYON;97;271;0;;199;12.5680067;9.570610687;;82;30.93638211;7.963167939;;57;38.68888889;15;4;32.92682927;7.317073170731709;39.02439024;6.097560976;6.097560976;8.536585366
2022-03;National;MARSEILLE ST CHARLES;PARIS LYON;197;464;1;;60;8.705;0.919920463;;25;58.342;3.051409978;;25;58.342;13;4;68.0;8.0;4.0;12.0;4.0;4.0
2022-03;National;PARIS LYON;MULHOUSE VILLE;171;264;0;;34;18.87303922;2.283522727;;29;41.62701149;4.876325758;;23;48.861594202898594;17;5;20.68965517;17.24137931;17.24137931;31.03448276;13.79310345;0.0
2022-03;National;PARIS LYON;LYON PART DIEU;119;694;1;;64;14.86223958;1.081794132;;41;37.58252033;2.581216931;;31;45.47634409;11;5;24.3902439;17.07317073;7.317073170731709;21.95121951;17.07317073;12.19512195
2022-03;National;TOULOUSE MATABIAU;PARIS MONTPARNASSE;269;191;4;;17;22.94803922;2.05062724;;28;53.90833333;10.30716846;;28;53.90833333;16;6;32.14285714;39.28571429;10.71428571;10.71428571;0.0;7.142857143
2022-03;National;LE MANS;PARIS MONTPARNASSE;59;477;1;;170;7.299019608;2.58122807;;79;21.54050633;3.50322807;;28;42.39345238;11;6;20.83333333;13.88888889;26.38888889;16.66666667;8.333333333;13.88888889
2022-03;National;PARIS MONTPARNASSE;NANTES;131;576;0;;51;13.29313725;0.802141204;;44;27.461363636363604;2.087760417;;25;38.13533333;9;5;27.27272727;18.18181818;6.818181818;6.818181818;4.545454545454549;36.36363636
2022-03;National;ST MALO;PARIS MONTPARNASSE;158;93;0;;5;3.59;0.128853047;;9;29.21851852;3.702688172;;5;41.44;2;1;22.22222222;22.22222222;33.33333333;22.22222222;0.0;0.0
2022-03;International;PARIS LYON;GENEVE;206;209;0;;21;16.23809524;1.458213716;;33;28.92474747474749;5.679904306;;33;28.92474747;8;1;59.375;6.25;6.25;21.875;3.125;3.125
2022-03;International;PARIS LYON;ITALIE;423;94;0;;9;29.71481481;2.581914894;;18;42.77777778;9.132978723;;18;42.77777778;10;3;33.33333333;13.33333333;6.666666667;46.66666667;0.0;0.0
2022-03;National;ANGOULEME;PARIS MONTPARNASSE;128;311;8;;147;6.794557823;3.319574944;;37;31.25720721;4.25564877;;30;35.225;10;3;24.32432432;32.43243243;10.81081081;16.21621622;8.108108108;8.108108108
2022-03;National;LILLE;PARIS NORD;76;657;4;;163;10.234764826175867;2.3732261357835647;;81;27.89725299;3.524757529351713;;35;54.81238095238097;21;13;16.375494991847187;22.6880969;17.843000232937364;21.54670393664106;15.18751455858374;6.359189378057301
2022-03;National;MARNE LA VALLEE;MARSEILLE ST CHARLES;208;279;1;;121;10.41198347;4.627517986;;30;35.98277778;5.943884892;;30;35.98277778;11;4;23.33333333;16.66666667;13.33333333;26.66666667;13.33333333;6.666666667
2022-03;National;PARIS LYON;SAINT ETIENNE CHATEAUCREUX;173;115;0;;14;9.832142857;0.936376812;;12;37.39861111;4.311014493;;8;49.66666667;5;1;41.66666667;8.333333333;0.0;8.333333333;8.333333333;33.33333333
2022-03;National;PARIS NORD;DOUAI;70;140;0;;10;23.93166667;1.438690476;;13;31.311538461538497;3.13202381;;8;45.275;4;2;25.0;16.66666667;16.66666667;8.333333333333329;8.333333333333329;25.0
2022-03;National;DIJON VILLE;PARIS LYON;98;356;1;;115;8.436376812;2.801365348;;21;47.81428571;2.483474576;;13;68.84102564;10;5;23.80952381;19.04761905;33.33333333;19.04761905;0.0;4.761904762
2022-03;National;LAVAL;PARIS MONTPARNASSE;83;287;0;;70;8.906666667;2.141841492;;40;21.29583333;3.146969697;;17;36.44411765;9;2;35.13513514;24.324324324324305;13.51351351;13.51351351;5.405405405;8.108108108
2022-03;National;PARIS MONTPARNASSE;TOURS;74;197;0;;14;13.16547619;0.489170897;;25;16.15133333;2.507445008;;7;34.66904762;3;1;8.695652173913041;30.43478261;21.73913043;17.39130435;13.043478260869602;8.695652173913041
2022-03;National;QUIMPER;PARIS MONTPARNASSE;225;256;2;;10;12.17166667;0.318055556;;15;33.50888889;3.320171958;;15;33.50888889;5;1;40.0;26.66666667;6.666666667;6.666666667;6.666666667;13.33333333
2022-03;International;PARIS EST;FRANCFORT;231;155;8;;23;11.55507246;1.912811791;;21;31.46746032;8.425170068;;21;31.467460317460297;8;2;6.666666667;33.33333333;20.0;33.33333333;0.0;6.666666667
2022-03;National;CHAMBERY CHALLES LES EAUX;PARIS LYON;176;333;0;;205;9.480813008;5.676076076;;84;30.69146825;8.307057057;;62;36.94354839;15;3;30.95238095;7.142857143;40.476190476190496;4.761904762;5.952380952;10.71428571
2022-03;National;LA ROCHELLE VILLE;PARIS MONTPARNASSE;173;209;5;;14;17.87380952;1.235866013;;23;31.61449275;4.893055556;;16;39.71979167;8;3;18.18181818;40.90909091;4.545454545;9.090909090909092;9.090909090909092;18.18181818
2022-03;National;PARIS MONTPARNASSE;LE MANS;58;493;0;;43;12.090310077519398;0.6672751859364431;;58;17.8841954;3.093610548;;17;38.62745098;7;4;14.81481481;18.51851852;29.62962963;7.407407407;11.11111111;18.51851852
2022-03;National;MULHOUSE VILLE;PARIS LYON;172;290;1;;126;5.863888889;2.619675926;;20;54.49666667;3.350520833;;16;64.453125;12;7;25.0;20.0;40.0;10.0;0.0;5.0
2022-03;National;PARIS LYON;ANNECY;222;137;1;;14;15.057142857142898;1.25625;;18;46.36111111;10.57352941;;18;46.36111111;8;3;33.33333333;11.11111111;27.77777778;27.77777778;0.0;0.0
2022-03;National;PARIS LYON;MONTPELLIER;207;229;0;;22;16.1469697;1.288573508;;14;51.389285714285705;2.342285298;;14;51.38928571;11;4;28.57142857;14.28571429;7.142857143;42.85714286;0.0;7.142857143
2022-03;National;AVIGNON TGV;PARIS LYON;164;381;1;;88;6.431818181818179;1.310482456;;22;36.32954545;1.685833333;;17;42.94509804;8;2;54.54545455;9.090909091;13.63636364;13.63636364;9.090909091;0.0
2022-03;National;LYON PART DIEU;MONTPELLIER;114;263;0;;120;17.88388889;8.228010139;;31;62.28978495;6.660392902;;25;73.97066667;18;11;12.903225806451598;16.12903226;12.903225806451598;38.70967742;3.2258064516128995;16.12903226
2022-03;National;MARNE LA VALLEE;LYON PART DIEU;106;387;2;;249;11.75896921;7.692034632;;84;38.61130952;10.10831169;;49;56.72142857;27;11;14.28571429;15.47619048;21.42857143;35.71428571;9.523809524;3.571428571
2022-03;National;PARIS EST;METZ;85;284;7;;42;11.18095238;1.754933815;;20;26.24416667;1.9803850782190104;;12;36.675;5;1;10.0;10.0;15.0;35.0;10.0;20.0
2022-03;National;PARIS EST;REIMS;45;248;5;;51;13.78464052;2.960836763;;33;23.59343434;3.702194787;;17;36.22647059;8;3;24.24242424;3.03030303;12.12121212;33.33333333;21.21212121;6.060606061
2022-03;National;PARIS NORD;DUNKERQUE;130;177;0;;14;28.45357143;1.880320151;;15;37.8;3.186440678;;10;50.4;7;4;13.33333333;33.33333333;6.666666667;20.0;6.666666667;20.0
2022-03;National;NIMES;PARIS LYON;177;228;0;;56;13.244642857142898;3.2204277286135703;;27;54.01975308641981;4.286651917;;21;65.36031746;9;5;14.81481481;37.03703704;14.81481481;18.51851852;0.0;14.81481481
2022-03;National;PARIS LYON;TOULON;238;279;0;;14;12.18928571;0.289426523;;20;38.28666667;3.797610514;;20;38.28666667;7;3;15.78947368;15.78947368;52.63157895;15.78947368;0.0;0.0
2022-03;National;POITIERS;PARIS MONTPARNASSE;99;476;8;;162;6.578497942;2.081156317;;66;21.9719697;3.790328337;;34;33.73823529;14;3;17.1875;37.5;12.5;14.0625;7.8125;10.9375
2022-03;National;REIMS;PARIS EST;48;248;5;;34;7.479411765;1.116666667;;18;18.58425926;1.416529492;;7;29.72142857;3;1;11.76470588;11.76470588;23.52941176;23.52941176;11.76470588;17.64705882
2022-03;National;TOURCOING;BORDEAUX ST JEAN;316;31;0;;6;19.24166667;3.872222222;;4;28.675;4.431666667;;4;28.675;2;0;25.0;25.0;0.0;50.0;0.0;0.0
2022-03;National;STRASBOURG;PARIS EST;119;523;11;;237;12.31786217;5.774034054;;83;28.22911647;5.283431565;;56;35.25684524;22;6;13.25301205;10.84337349;50.60240964;9.638554217;1.204819277;14.457831325301198
2022-03;National;LYON PART DIEU;LILLE;188;307;1;;201;11.224792703150948;7.393572985;;53;44.78355113322274;8.389978213507627;;46;47.64673913043478;24;12;13.207547169811324;3.7735849056603774;20.75471698113208;30.188679245283023;18.867924528301884;13.207547169811324
2022-03;National;PARIS LYON;GRENOBLE;180;204;0;;16;17.29583333;1.086928105;;21;39.0952381;4.637254902;;19;42.05263158;7;3;15.0;15.0;15.0;55.00000000000001;0.0;0.0
2022-03;National;PARIS LYON;MARSEILLE ST CHARLES;194;515;0;;45;12.13;0.790226537;;20;43.61;2.800355987;;20;43.61;8;4;30.0;5.0;5.0;35.0;10.0;15.0
2022-03;International;GENEVE;PARIS LYON;216;209;0;;169;3.281262327;2.801594896;;35;39.3947619;6.794098884;;35;39.3947619;12;3;48.27586207;6.896551724;24.13793103;13.79310345;6.896551724;0.0
2022-03;National;PARIS LYON;PERPIGNAN;302;195;0;;18;12.13055556;0.863675214;;15;52.74333333;4.152222222;;15;52.74333333;8;4;46.66666667;33.33333333;0.0;20.0;0.0;0.0
2022-03;National;PARIS MONTPARNASSE;ANGOULEME;124;302;10;;35;14.913333333333302;1.168949772;;27;27.53950617;3.04543379;;22;30.757575757575804;8;1;22.22222222;33.33333333;11.11111111;29.62962963;3.703703704;0.0
2022-03;National;PARIS MONTPARNASSE;RENNES;97;801;0;;76;11.39539474;0.668060757;;57;21.91959064;1.280919684;;26;36.57115385;13;3;12.0;18.0;20.0;24.0;8.000000000000002;18.0
2022-03;National;STRASBOURG;NANTES;315;58;1;;7;1.7928571428571398;0.156140351;;2;35.875;1.66754386;;2;35.875;1;0;50.0;0.0;0.0;50.0;0.0;0.0
2022-03;National;PARIS MONTPARNASSE;VANNES;152;272;0;;25;9.268;0.41807598;;17;30.82352941;2.915441176;;12;38.54166667;8;0;29.41176471;17.64705882;11.76470588;23.52941176;0.0;17.64705882
2022-03;National;VANNES;PARIS MONTPARNASSE;159;279;2;;107;4.581152648;1.604873646;;28;27.9422619;3.791215403;;18;35.80092593;6;2;32.14285714;21.42857143;10.71428571;17.85714286;3.571428571;14.28571429
2022-03;National;LYON PART DIEU;MARSEILLE ST CHARLES;104;460;1;;217;13.140399385560702;6.255021834;;68;31.77107843;5.632387191;;52;37.34967949;24;6;23.52941176;10.29411765;20.58823529;26.47058824;4.411764706;14.70588235
2022-03;National;MARSEILLE ST CHARLES;LILLE;283;201;0;;16;3.714583333333338;0.1282752902155886;;22;48.72796052631579;5.611194029850739;;22;43.18106060606058;14;5;22.72727272727275;4.545454545454543;22.72727272727275;22.72727272727272;13.636363636363614;13.636363636363644
2022-03;National;NANTES;PARIS MONTPARNASSE;132;601;1;;104;7.998237179;1.103416667;;60;30.043055555555604;3.572111111;;36;41.18009259;16;8;16.66666667;25.0;21.666666666666703;6.666666667;8.333333333;21.666666666666703
2022-03;National;AIX EN PROVENCE TGV;PARIS LYON;183;431;1;;153;7.712418300653601;2.725852713;;31;45.45483871;3.068333333;;30;46.45222222;18;6;48.38709677;12.903225806451598;9.677419355;9.677419355;6.4516129032258105;12.903225806451598
2022-03;National;ANGERS SAINT LAUD;PARIS MONTPARNASSE;94;550;1;;166;8.137048193;2.578497567;;63;26.855555555555497;3.530352798;;32;41.33385417;14;7;12.903225806451598;22.58064516;24.19354839;6.4516129032258105;9.677419355;24.19354839
2022-03;National;ARRAS;PARIS NORD;54;505;2;;240;7.020763889;3.382239894;;65;25.50948718;2.187640822;;26;48.17371795;12;5;18.46153846;21.53846154;26.15384615;21.53846154;9.230769231;3.076923077
2022-03;National;LYON PART DIEU;MARNE LA VALLEE;107;358;1;;224;10.84739583;6.793464052;;62;42.10510753;7.483893557;;46;52.37101449;20;8;12.903225806451598;6.4516129032258105;14.51612903;27.419354838709705;27.419354838709705;11.29032258
2022-03;National;PARIS LYON;LE CREUSOT MONTCEAU MONTCHANIN;81;186;0;;17;15.79607843;0.779032258;;12;15.80972222;0.81344086;;5;25.44333333;1;0;0.0;0.0;33.33333333;50.0;8.333333333;8.333333333
2022-03;National;PARIS MONTPARNASSE;LAVAL;79;256;0;;20;12.19416667;0.581380208;;20;17.69916667;1.975585938;;4;54.425;3;2;11.111111111111098;38.88888889;11.111111111111098;22.22222222;0.0;16.66666667
2022-03;National;PARIS MONTPARNASSE;ST MALO;154;97;0;;9;21.07407407;1.776804124;;6;44.19444444;2.55137457;;5;49.97666667;3;2;0.0;0.0;0.0;50.0;0.0;50.0
2022-03;National;PARIS NORD;LILLE;67;629;1;;53;22.54433962;1.579193205944798;;56;25.990991876310293;2.1244957537154985;;32;40.00052083333333;14;6;14.688940092165886;14.458525345622103;18.26036866359446;18.08755760368663;18.202764976958527;16.301843317972327
2022-03;National;RENNES;PARIS MONTPARNASSE;98;846;2;;250;8.594333333;2.52857425;;117;23.8968661;3.993661137;;59;37.12542373;22;9;26.36363636;16.36363636;14.54545455;23.63636364;4.545454545454549;14.54545455
2022-03;National;BORDEAUX ST JEAN;TOURCOING;334;31;1;;4;6.1;0.57;;5;45.8;8.983333333;;5;45.8;3;2;40.0;40.0;0.0;0.0;0.0;20.0
2022-03;National;PARIS LYON;AVIGNON TGV;160;382;0;;40;13.196249999999996;1.134293194;;27;36.59938272;2.835689354;;18;48.08888889;9;4;18.51851852;18.51851852;11.11111111;29.62962963;14.81481481;7.407407407407408
2022-03;National;PARIS LYON;DIJON VILLE;96;360;0;;44;18.77765152;2.156342593;;30;39.05111111;2.891527778;;26;43.15641026;14;4;20.0;13.33333333;3.333333333;56.66666667;6.666666667;0.0
2022-03;National;PARIS MONTPARNASSE;BORDEAUX ST JEAN;140;969;20;;108;13.795987654320998;1.141780822;;80;33.40895833;3.872391992;;66;37.55;40;5;28.75;30.0;6.25;22.5;2.5;10.0
2022-04;National;LYON PART DIEU;MARNE LA VALLEE;109;376;3;;252;12.5167328;8.140994624;;95;40.64982456;11.57844982;;74;48.48423423;26;12;32.9787234;9.574468085;22.34042553;15.95744681;4.255319148936171;14.89361702
2022-04;International;BARCELONA;PARIS LYON;399;30;0;;13;6.721794872;2.912777777777781;;5;36.17666667;7.286111111;;5;36.17666667;2;1;60.0;0.0;20.0;20.0;0.0;0.0
2022-04;National;BELLEGARDE (AIN);PARIS LYON;189;229;0;;63;8.666137566;2.434497817;;25;42.486;5.472925764;;20;49.9625;12;4;40.0;8.0;16.0;16.0;12.0;8.0
2022-04;National;BREST;PARIS MONTPARNASSE;230;257;0;;6;4.166666667;0.097276265;;13;25.78589744;2.22457847;;13;25.78589744;4;0;30.76923077;7.692307692;15.38461538;46.15384615;0.0;0.0
2022-04;National;LE CREUSOT MONTCEAU MONTCHANIN;PARIS LYON;82;215;1;;102;8.326633987;4.074557166;;49;28.03367347;4.676409018;;22;50.47651515;9;4;18.36734694;20.40816327;14.28571429;10.204081632653102;6.12244898;30.6122449
2022-04;National;LE MANS;PARIS MONTPARNASSE;59;469;1;;169;8.907790927;3.210905797;;68;25.6627451;3.545797101;;33;41.8469697;11;6;23.88059701;19.402985074626898;23.88059701;22.38805970149249;4.47761194;5.970149254
2022-04;National;PARIS MONTPARNASSE;QUIMPER;222;239;0;;29;11.35057471;0.991073919;;16;37.40625;2.546025105;;16;37.40625;10;1;12.5;43.75;0.0;25.0;0.0;18.75
2022-04;National;ST PIERRE DES CORPS;PARIS MONTPARNASSE;64;517;1;;166;8.109036145;2.770678408;;73;32.21369863;3.845075016;;29;66.72643678;12;6;21.73913043;11.594202898550702;28.98550725;17.39130435;8.695652173913041;11.594202898550702
2022-04;National;ANGERS SAINT LAUD;PARIS MONTPARNASSE;95;534;1;;214;10.01362928;4.126961707;;63;37.90026455;4.719648462;;44;49.58560606;22;10;31.66666667;18.33333333;18.33333333;21.66666667;8.333333333;1.666666667
2022-04;National;LYON PART DIEU;RENNES;233;79;0;;58;7.223563218;5.347046414;;9;60.12037037;9.716666667;;9;60.12037037;5;1;55.55555556;22.22222222;11.11111111;0.0;0.0;11.11111111
2022-04;National;MACON LOCHE;PARIS LYON;98;260;1;;222;12.27177177;10.69477124;;92;27.69076087;11.13535948;;69;32.44468599;18;5;29.67032967;10.98901099;43.95604396;7.692307692;3.296703297;4.395604396
2022-04;National;MARSEILLE ST CHARLES;MARNE LA VALLEE;212;278;3;;45;23.23925926;3.582;;54;52.911111111111104;12.10242424;;54;52.91111111;27;11;44.44444444;7.407407407407408;11.11111111;11.11111111;11.11111111;14.81481481
2022-04;National;PARIS LYON;TOULON;240;279;0;;36;14.262962962962998;1.504241338;;44;42.02840909;9.336260454;;44;42.02840909;29;9;11.62790698;16.27906977;9.302325581;27.90697674;9.302325581;25.58139535
2022-04;National;PARIS MONTPARNASSE;VANNES;152;256;0;;31;10.95752688;0.933398437;;32;24.65625;3.90234375;;17;35.58823529;8;2;6.4516129032258105;19.35483871;16.12903226;25.80645161;3.2258064516128995;29.032258064516096
2022-04;International;PARIS LYON;ZURICH;245;73;1;;7;28.23571429;2.623842593;;9;47.87777778;6.9625;;9;47.87777778;5;2;42.85714286;0.0;28.57142857;0.0;28.57142857;0.0
2022-04;National;NANTES;PARIS MONTPARNASSE;132;621;0;;167;11.80728543;2.947074611;;68;38.59705882;4.866935051;;52;46.37403846153849;26;10;30.88235294;19.11764706;22.05882353;19.11764706;7.352941176;1.470588235
2022-04;National;PARIS LYON;MULHOUSE VILLE;170;312;0;;35;25.29285714;2.710202991;;34;59.07156863;6.338728632;;30;65.18055556;22;11;44.11764706;5.882352941;8.823529412;14.70588235;17.64705882;8.823529412
2022-04;National;PARIS MONTPARNASSE;ANGERS SAINT LAUD;90;514;0;;51;24.35588235;2.061111111;;67;32.48159204;5.412183236;;38;48.56578947;20;6;17.91044776;16.41791045;22.38805970149249;19.402985074626898;7.462686567;16.41791045
2022-04;National;PARIS MONTPARNASSE;POITIERS;94;554;0;;60;19.24361111;1.68131769;;65;36.96;4.385920578;;44;48.60606061;23;8;10.9375;18.75;14.0625;29.6875;9.375;17.1875
2022-04;National;PARIS NORD;LILLE;66;610;0;;53;22.14654088050311;1.5871311475409833;;54;36.01226415094337;3.039153005;;26;63.27179487179483;17;12;44.21436588103256;5.785634119;17.31200897867567;9.612794612794612;7.721661054994371;15.353535353535351
2022-04;International;GENEVE;PARIS LYON;223;220;0;;162;4.940534979;3.804924242;;19;50.2754386;5.388863636363639;;19;50.2754386;11;4;36.84210526;10.52631579;15.78947368;15.78947368;10.52631579;10.52631579
2022-04;International;ZURICH;PARIS LYON;245;80;0;;43;3.1286821705426404;1.997046414;;10;67.275;9.189029536;;10;67.275;8;4;40.0;0.0;30.0;20.0;10.0;0.0
2022-04;National;DIJON VILLE;PARIS LYON;99;378;0;;142;11.65492958;4.467592593;;43;41.78914729;4.765608466;;26;60.61089744;17;9;30.95238095;19.04761905;35.71428571;9.523809524;4.761904762;0.0
2022-04;National;PARIS MONTPARNASSE;BORDEAUX ST JEAN;140;971;0;;127;13.67729659;1.390336423;;101;35.99752475;4.730449708;;78;42.54166667;35;7;18.81188119;24.75247525;9.900990099;21.78217822;6.930693069;17.821782178217795
2022-04;National;PERPIGNAN;PARIS LYON;309;195;0;;60;14.66055556;4.437566138;;26;47.63846154;7.135361552;;26;47.63846154;14;8;48.00000000000001;8.0;16.0;16.0;12.000000000000002;0.0
2022-04;National;PARIS LYON;PERPIGNAN;307;212;7;;22;25.37878788;2.501626016;;21;49.235714285714295;5.963495935;;21;49.23571429;12;5;33.33333333;14.28571429;19.04761905;19.04761905;4.761904762;9.523809524
2022-04;National;PARIS MONTPARNASSE;NANTES;129;599;0;;59;22.5480226;1.873076923;;73;40.37374429;5.075111483;;58;47.34511494;32;11;24.65753425;13.69863014;17.80821918;20.54794521;5.479452055;17.80821918
2022-04;National;POITIERS;PARIS MONTPARNASSE;99;466;0;;167;14.26656687;4.927718169;;72;31.33726852;5.884978541;;32;57.9078125;14;7;23.611111111111104;38.88888889;18.05555556;9.722222222;5.555555555555561;4.166666667
2022-04;National;PARIS MONTPARNASSE;TOURS;73;183;1;;22;15.23106061;1.4522893772893797;;27;22.73641975;3.876831502;;16;32.01875;4;1;8.695652173913041;21.73913043;8.695652173913041;39.130434782608695;4.347826086956521;17.39130435
2022-04;National;PARIS LYON;BELLEGARDE (AIN);180;242;0;;24;18.76458333;1.721763085;;22;49.19318181818179;6.436088154;;21;50.81587302;11;7;27.27272727;40.90909091;4.545454545454549;4.545454545454549;18.18181818;4.545454545454549
2022-04;National;CHAMBERY CHALLES LES EAUX;PARIS LYON;175;261;1;;177;8.613841808;5.750769231;;85;28.51039216;11.11121795;;65;33.21666667;21;5;28.57142857;8.333333333;42.85714286;13.095238095238098;2.3809523809523805;4.761904761904761
2022-04;National;MARSEILLE ST CHARLES;TOURCOING;294;30;0;;7;17.22380952;3.723333333;;8;50.5625;15.93333333;;8;50.5625;5;1;50.0;12.5;12.5;0.0;12.5;12.5
2022-04;National;PARIS LYON;MONTPELLIER;210;255;0;;30;29.95666667;3.267385621;;34;65.48088235;9.030653595;;34;65.48088235;21;13;23.52941176;20.58823529;17.64705882;14.70588235;8.823529412;14.70588235
2022-04;National;PARIS LYON;VALENCE ALIXAN TGV;132;406;1;;53;29.58867925;3.650082508;;66;50.75883838;9.515305281;;51;61.548039215686295;31;19;24.24242424;10.60606061;13.63636364;33.33333333;9.090909091;9.090909091
2022-04;National;PARIS MONTPARNASSE;RENNES;96;790;0;;93;11.1078853;0.922510549;;82;20.55569106;2.265696203;;37;33.06306306;12;6;10.97560976;19.51219512;13.41463415;25.6097561;6.097560976;24.3902439
2022-04;National;PARIS MONTPARNASSE;ST MALO;152;95;0;;9;8.3;0.516842105;;7;20.48809524;2.096842105;;6;21.469444444444395;1;0;14.28571429;28.57142857;0.0;28.57142857;0.0;28.57142857
2022-04;National;QUIMPER;PARIS MONTPARNASSE;227;236;1;;11;6.454545455;0.30212766;;15;31.37888889;2.937801418;;15;31.37888889;7;1;46.66666667;20.0;13.33333333;20.0;0.0;0.0
2022-04;National;TOULON;PARIS LYON;239;273;0;;61;14.41092896;3.186019536;;61;54.24344262;14.02380952;;61;54.24344262;36;18;24.59016393;22.95081967;18.032786885245898;9.836065574;9.836065574;14.754098360655703
2022-04;International;PARIS LYON;GENEVE;209;236;0;;23;19.4942029;1.761087571;;22;46.94393939;6.238347458;;22;46.94393939;9;6;23.809523809523803;42.85714286;14.28571429;4.761904762;9.523809524;4.761904762
2022-04;International;PARIS LYON;ITALIE;423;93;1;;14;14.30595238;1.95;;19;44.63157895;8.663043478;;19;44.63157895;12;3;21.05263158;5.263157895;10.52631579;52.63157895;0.0;10.52631579
2022-04;National;BESANCON FRANCHE COMTE TGV;PARIS LYON;133;172;0;;37;12.03828829;2.464803922;;11;58.65151515;2.69127451;;9;68.99444444;7;4;36.36363636;18.18181818;27.27272727;18.18181818;0.0;0.0
2022-04;National;LILLE;MARSEILLE ST CHARLES;297;219;0;;48;9.494791666666638;1.932952815829527;;52;37.656979166666666;11.849847792998473;;52;40.20384615384616;20;8;28.846153846153843;15.384615384615383;19.23076923076924;19.23076923076924;7.6923076923076925;9.615384615384617
2022-04;National;MARSEILLE ST CHARLES;PARIS LYON;198;521;0;;125;17.46653333;3.965898912;;79;56.98924051;10.27284069;;79;56.98924051;49;22;36.70886076;15.18987342;10.12658228;13.92405063;7.594936709;16.4556962
2022-04;National;NANCY;PARIS EST;94;297;2;;66;8.451010101;1.93920904;;26;31.969230769230805;2.677231638;;17;43.8872549;8;4;20.83333333;29.166666666666703;12.5;20.83333333;4.166666667;12.5
2022-04;National;PARIS MONTPARNASSE;ANGOULEME;124;286;1;;38;18.28026316;1.9920467836257305;;38;43.46403509;7.498421052631581;;26;57.33974359;14;6;16.21621622;18.91891892;5.405405405;16.21621622;16.21621622;27.02702703
2022-04;National;RENNES;PARIS MONTPARNASSE;100;819;1;;234;6.594586895;1.882068543;;80;23.23583333;2.718115055;;48;30.41770833333329;17;3;23.07692308;20.51282051;16.66666667;30.76923077;3.846153846;5.128205128
2022-04;International;ITALIE;PARIS LYON;429;93;1;;75;29.083333333333304;24.0021978;;26;32.9474359;11.81758242;;26;32.9474359;9;2;26.92307692;11.53846154;46.15384615;15.38461538;0.0;0.0
2022-04;International;MARSEILLE ST CHARLES;MADRID;463;22;1;;4;5.170833333;1.111111111;;0;0.0;0.0;;0;0.0;0;0;0.0;0.0;0.0;0.0;0.0;0.0
2022-04;National;AVIGNON TGV;PARIS LYON;164;458;0;;174;15.01264368;5.538136827;;77;46.97748918;9.007787482;;61;55.74016393;39;17;33.76623377;15.58441558;18.18181818;10.389610389610402;6.493506494;15.58441558
2022-04;National;LAVAL;PARIS MONTPARNASSE;83;275;0;;69;5.525362319;1.30569697;;28;21.16369048;2.249454545;;12;33.69444444;3;1;10.71428571;32.14285714;21.42857143;21.42857143;3.571428571;10.71428571
2022-04;National;LYON PART DIEU;MONTPELLIER;114;287;1;;146;12.95011416;6.657226107;;54;31.33734568;5.88479021;;45;34.94481481;13;4;22.22222222;9.259259259;20.37037037;27.77777778;9.259259259;11.11111111
2022-04;National;PARIS LYON;CHAMBERY CHALLES LES EAUX;176;259;0;;34;18.85147059;2.252187902;;44;37.78787879;8.195045045;;34;44.86960784;20;8;15.90909091;29.545454545454504;18.18181818;22.72727272727269;0.0;13.63636364
2022-04;International;PARIS EST;STUTTGART;193;138;2;;25;9.020666667;1.670220588;;25;33.182;10.66213235;;25;33.182;9;3;8.333333333;12.5;33.33333333;16.66666667;8.333333333;20.83333333
2022-04;National;DOUAI;PARIS NORD;77;180;3;;44;5.930681818181821;1.582666667;;23;25.95724638;3.350285714;;9;49.21851852;4;2;21.73913043;30.43478261;34.78260869565219;4.347826086956521;4.347826086956521;4.347826086956521
2022-04;National;LYON PART DIEU;LILLE;188;334;2;;231;12.914718614718575;8.911947791164652;;88;48.01152683;14.36004016064253;;73;55.01324200913241;28;16;27.272727272727256;10.227272727272716;18.18181818181823;23.86363636;6.818181818;13.63636363636359
2022-04;National;PARIS EST;STRASBOURG;116;537;2;;87;12.68888889;2.031931464;;39;31.39316239;2.726604361;;26;40.29487179487181;14;4;12.82051282;0.0;5.128205128;35.8974359;12.82051282;33.33333333
2022-04;National;PARIS MONTPARNASSE;LE MANS;55;471;0;;55;22.82;2.302907801;;75;25.368;5.720425532;;27;55.06049383;16;7;3.278688525;31.14754098;18.032786885245898;22.950819672131097;9.836065574;14.754098360655702
2022-04;National;STRASBOURG;PARIS EST;118;507;2;;258;11.97571059;6.124422442;;97;25.35687285;5.240693069;;72;29.58217593;24;1;5.208333333;11.45833333;47.91666667;19.791666666666703;6.25;9.375
2022-04;National;LILLE;LYON PART DIEU;186;344;0;;157;8.972080679405517;4.0965600775193804;;83;28.79782497645392;9.895494186;;62;34.78279569892472;25;7;15.662650602409624;10.84337349397592;13.253012048192767;43.37349397590357;10.843373493975909;6.024096385542165
2022-04;National;PARIS LYON;SAINT ETIENNE CHATEAUCREUX;174;115;2;;12;25.39861111111109;2.444985251;;14;38.83095238;6.410471976;;11;45.83484848;5;2;28.57142857;7.142857143;28.57142857;7.142857143;21.42857143;7.142857143
2022-04;National;PARIS NORD;DOUAI;70;134;0;;15;11.12777778;0.923134328;;20;24.61666667;4.02238806;;8;46.99375;5;1;35.0;10.0;0.0;20.0;25.0;10.0
2022-04;National;RENNES;LYON PART DIEU;232;79;0;;25;5.514666667;1.796624473;;9;66.3537037;10.24493671;;9;66.3537037;4;4;22.22222222;22.22222222;33.33333333;22.22222222;0.0;0.0
2022-04;National;MONTPELLIER;LYON PART DIEU;114;241;1;;48;11.77847222;2.423809524;;25;37.11333333;4.858403361;;21;41.60396825;10;4;45.83333333;16.66666667;8.333333333;12.5;12.5;4.166666667
2022-04;National;PARIS LYON;DIJON VILLE;96;383;0;;36;30.693518518518506;2.755004352;;31;67.24462366;4.915056571;;29;70.89022989;23;13;43.33333333;10.0;10.0;13.33333333;16.66666667;6.666666667
2022-04;International;STUTTGART;PARIS EST;198;139;1;;126;6.73994709;5.880072464;;35;29.97904762;10.03816425;;35;29.97904762;13;0;2.857142857;11.42857143;60.0;17.14285714;5.714285714;2.857142857
2022-04;National;ANNECY;PARIS LYON;222;141;0;;4;13.0;0.375;;37;33.3518018;11.92047619;;37;33.3518018;10;3;32.43243243;5.405405405;43.24324324;8.108108108;5.405405405;5.405405405
2022-04;National;PARIS LYON;MACON LOCHE;97;282;0;;36;27.45277778;2.832269504;;37;37.88378378;7.588356973995269;;28;45.72440476;13;7;13.51351351;16.21621622;2.702702703;40.54054054;16.21621622;10.81081081
2022-04;International;PARIS EST;FRANCFORT;231;144;4;;32;13.2046875;3.154642857;;27;35.02592593;10.37333333;;27;35.02592593;11;5;7.407407407407408;7.407407407407408;48.14814815;25.925925925925903;7.407407407407408;3.703703704
2022-04;National;NICE VILLE;PARIS LYON;351;224;0;;22;15.47348485;1.350074405;;51;54.21503268;14.62760417;;51;54.21503268;28;16;21.56862745;25.49019608;21.56862745;11.76470588;5.882352941;13.7254902
2022-04;National;PARIS LYON;AVIGNON TGV;161;450;2;;44;23.23030303;1.973191648;;59;43.15169492;6.719985086;;48;50.04861111111111;29;16;25.86206897;13.79310345;12.06896552;29.31034483;13.79310345;5.172413793
2022-04;National;PARIS MONTPARNASSE;TOULOUSE MATABIAU;263;196;4;;23;14.65144928;1.28515625;;22;45.985606060606095;5.681944444;;22;45.98560606;14;6;22.72727272727269;40.90909091;4.545454545454549;18.18181818;0.0;13.63636364
2022-04;National;TOURCOING;BORDEAUX ST JEAN;303;30;0;;3;8.0;0.8;;1;69.56666667;3.462777778;;1;69.56666667;1;1;0.0;100.0;0.0;0.0;0.0;0.0
2022-04;National;BORDEAUX ST JEAN;PARIS MONTPARNASSE;143;970;0;;353;10.83777148;3.83943299;;125;36.67666667;5.960584192;;94;44.471099290780096;48;15;26.61290323;25.0;16.935483870967698;14.51612903;8.870967742;8.064516129
2022-04;National;MARSEILLE ST CHARLES;LILLE;284;210;1;;31;21.724731182795683;2.9197767145135547;;45;56.90886006974717;14.760925039872426;;45;59.55666666666667;22;10;35.55555555555552;6.666666666666668;11.111111111111104;17.77777777777776;11.111111111111114;17.77777777777776
2022-04;National;LILLE;PARIS NORD;71;629;1;;144;6.8590277777777775;1.3898089171974517;;51;41.011109503600814;3.0252388535031827;;29;61.97586206896554;17;11;40.94117647058824;12.078431372549035;19.921568627450963;12.54901960784314;8.313725490196079;6.196078431372551
2022-04;National;PARIS MONTPARNASSE;LA ROCHELLE VILLE;178;223;0;;23;15.63768116;1.245889387;;19;51.10526316;4.7017937219730905;;17;55.64705882;8;6;31.57894737;15.78947368;5.263157895;21.05263158;5.263157895;21.05263158
2022-04;National;VANNES;PARIS MONTPARNASSE;160;263;1;;106;5.41336478;1.681034483;;24;26.3125;3.237356322;;18;30.76203704;8;1;39.130434782608695;21.73913043;8.695652173913041;26.08695652;4.347826086956521;0.0
2022-04;National;LYON PART DIEU;MARSEILLE ST CHARLES;104;486;1;;296;14.63519144;8.932749141;;127;37.16955381;11.09116838;;101;43.32013201;43;18;26.77165354;12.5984252;22.04724409;15.7480315;7.086614173228351;15.7480315
2022-04;National;PARIS NORD;DUNKERQUE;130;170;0;;19;23.31403509;2.220980392;;14;46.0;3.879411764705881;;10;59.6;9;5;50.0;21.42857143;14.28571429;7.142857143;0.0;7.142857143
2022-04;National;GRENOBLE;PARIS LYON;179;178;0;;11;24.81818182;1.533707865;;29;38.23793103;8.137453184;;20;49.35083333;13;6;28.57142857;25.0;32.14285714;3.571428571428569;3.571428571428569;7.142857142857138
2022-04;National;PARIS LYON;AIX EN PROVENCE TGV;184;455;2;;46;23.81231884;2.131824871;;52;50.6474359;7.536350258;;52;50.6474359;31;17;34.61538461538459;11.53846154;11.53846154;17.307692307692296;11.53846154;13.46153846
2022-04;National;SAINT ETIENNE CHATEAUCREUX;PARIS LYON;168;115;0;;18;3.20462963;0.959459459;;20;31.664166666666706;7.765915916;;11;46.49848485;5;1;20.0;20.0;15.0;35.0;0.0;10.0
2022-04;National;ST MALO;PARIS MONTPARNASSE;159;90;0;;5;5.933333333;0.280925926;;10;15.361666666666702;2.239259259;;3;21.516666666666698;0;0;10.0;40.0;20.0;20.0;0.0;10.0
2022-04;National;TOULOUSE MATABIAU;PARIS MONTPARNASSE;270;203;0;;21;20.23412698;2.059631491;;33;52.37525253;10.2701005;;33;52.37525253;24;10;30.303030303030297;27.27272727;12.12121212;6.060606061;12.12121212;12.12121212
2022-04;National;ARRAS;PARIS NORD;51;489;3;;214;7.487538941;3.331138546;;60;34.04611111;4.244753086;;32;54.259375;16;9;28.33333333;23.33333333;35.0;6.666666667;3.333333333;3.333333333
2022-04;National;MULHOUSE VILLE;PARIS LYON;172;313;0;;103;9.432038835;3.145580405;;30;47.92222222;4.479179979;;22;60.80909091;16;8;34.48275862;13.79310345;31.03448276;17.24137931;3.448275862;0.0
2022-04;National;PARIS LYON;LE CREUSOT MONTCEAU MONTCHANIN;82;187;0;;25;25.04266667;2.261497326;;34;29.15245098;6.307932264;;18;46.94444444;10;4;18.18181818;18.18181818;21.21212121;18.18181818;15.151515151515198;9.090909091
2022-04;National;MARNE LA VALLEE;LYON PART DIEU;108;400;0;;245;10.1307483;6.334666666666669;;98;27.79659864;9.364666667;;66;34.92070707;27;8;17.5257732;10.30927835;13.40206186;41.2371134;10.30927835;7.2164948453608195
2022-04;National;MARSEILLE ST CHARLES;LYON PART DIEU;104;530;0;;144;15.86898148;4.123584906;;71;44.01666667;7.267012579;;52;55.14999999999999;31;12;26.76056338;15.49295775;16.90140845;16.90140845;5.633802817;18.30985915
2022-04;National;PARIS LYON;BESANCON FRANCHE COMTE TGV;129;160;0;;21;29.28888889;3.751041667;;17;57.82058823529411;7.075520833;;16;60.52291667;11;6;35.29411765;17.64705882;5.882352941;17.64705882;11.76470588;11.76470588
2022-04;National;PARIS MONTPARNASSE;BREST;224;263;0;;33;8.662626263;0.678580482;;22;30.84090909;2.766159696;;22;30.84090909;7;0;18.18181818;27.27272727;4.545454545454549;18.18181818;0.0;31.81818182
2022-04;National;LYON PART DIEU;PARIS LYON;120;678;2;;366;8.322586521;4.579037037;;100;39.62533333;7.051432099;;69;51.26183575;33;9;23.0;15.0;12.0;22.0;9.0;19.0
2022-04;National;MONTPELLIER;PARIS LYON;209;238;0;;63;17.86904762;4.766666666666671;;29;63.26149425;9.016456583;;29;63.26149425;15;10;25.0;25.0;3.571428571428569;17.85714286;28.57142857;0.0
2022-04;National;PARIS EST;METZ;85;275;9;;45;8.63962963;1.455263158;;17;22.29117647;1.454824561;;6;43.54166666666671;4;2;6.25;0.0;25.0;43.75;6.25;18.75
2022-04;National;PARIS LYON;NIMES;179;254;0;;30;29.95666667;3.235629921;;51;49.0254902;11.23733596;;37;62.47882883;22;14;20.40816327;18.36734694;18.36734694;24.48979592;8.163265306;10.20408163
2022-04;National;REIMS;PARIS EST;46;239;1;;34;6.18627451;1.011134454;;13;16.8474359;0.738445378;;3;34.12222222;2;0;0.0;0.0;15.38461538;23.07692308;15.38461538;46.15384615
2022-04;National;LA ROCHELLE VILLE;PARIS MONTPARNASSE;175;213;0;;19;13.842105263157896;1.234741784;;21;44.87142857;5.826056338;;15;57.34;7;6;33.33333333;23.80952381;19.04761905;14.28571429;9.523809524;0.0
2022-04;National;PARIS LYON;NICE VILLE;358;228;0;;31;11.85322581;1.284210526;;31;36.03817204;5.557748538;;31;36.03817204;11;5;22.58064516;12.903225806451598;19.35483871;16.12903226;12.903225806451598;16.12903226
2022-04;National;AIX EN PROVENCE TGV;PARIS LYON;184;476;0;;218;12.67010703;5.832563025;;80;51.97645833;10.43802521;;70;57.48047619;48;22;37.5;13.750000000000002;16.25;10.0;10.0;12.5
2022-04;National;DUNKERQUE;PARIS NORD;134;165;0;;9;8.666666667;0.472727273;;18;36.91481481;4.456969697;;13;46.03205128;6;3;38.88888889;16.66666667;38.88888889;5.555555555555561;0.0;0.0
2022-04;National;PARIS LYON;ANNECY;222;141;1;;19;22.04210526;2.798571429;;26;39.90384615;10.99285714;;26;39.90384615;15;4;15.38461538;23.07692308;19.23076923;26.92307692;0.0;15.38461538
2022-04;National;PARIS LYON;LYON PART DIEU;121;670;1;;75;25.53822222;2.621823617;;78;43.42264957;6.504783259;;56;55.36964286;34;19;24.67532468;19.48051948;15.58441558;14.28571429;22.077922077922103;3.896103896
2022-04;National;PARIS LYON;MARSEILLE ST CHARLES;195;592;3;;60;18.90277778;1.591213152;;73;47.17739726;7.529960317;;73;47.17739726;39;21;30.555555555555603;11.111111111111098;12.5;16.66666667;6.944444444;22.22222222
2022-04;National;PARIS MONTPARNASSE;ST PIERRE DES CORPS;62;507;1;;62;19.12365591;1.722760211;;72;23.10393519;3.749868248;;37;36.09414414;12;3;4.615384615384619;23.07692307692309;18.46153846;35.38461538;1.5384615384615397;16.92307692
2022-04;International;LAUSANNE;PARIS LYON;227;93;0;;75;3.5197777777777803;2.908333333;;8;51.13958333;5.135869565;;8;51.13958333;4;2;50.0;12.5;25.0;0.0;12.5;0.0
2022-04;National;BORDEAUX ST JEAN;TOURCOING;336;30;0;;9;9.090740741;2.518888889;;4;52.5;4.6;;4;52.5;3;2;50.0;0.0;0.0;0.0;25.0;25.0
2022-04;National;METZ;PARIS EST;87;304;5;;99;6.737205387;2.275932203;;36;18.325;2.096327684;;15;27.53111111;7;0;11.11111111;2.7777777777777803;52.77777778;11.11111111;8.333333333;13.88888889
2022-04;National;NANTES;STRASBOURG;321;58;0;;8;7.589583333;0.972988506;;5;48.44333333;5.110344828;;5;48.44333333;3;1;40.0;20.0;0.0;40.0;0.0;0.0
2022-04;National;PARIS NORD;ARRAS;48;481;0;;55;20.55969697;2.055128205;;51;34.02352941;4.152945253;;19;73.61315789;19;11;41.17647059;3.921568627;11.76470588;15.68627451;11.76470588;15.68627451
2022-04;National;PARIS LYON;GRENOBLE;182;192;0;;26;20.13333333;2.531423611;;30;45.36666667;7.953125;;29;46.44827586;16;6;33.33333333;10.0;16.66666667;26.66666667;3.333333333;10.0
2022-04;National;TOURS;PARIS MONTPARNASSE;77;183;1;;6;14.827777777777802;0.440055249;;29;25.57931034;5.4;;8;66.64375;3;1;7.142857142857138;17.85714286;32.14285714;17.85714286;7.142857142857138;17.85714286
2022-04;International;MADRID;MARSEILLE ST CHARLES;481;23;1;;0;0.0;0.0;;3;0.0;9.468181818;;3;42.31666667;2;1;33.33333333;0.0;66.66666667;0.0;0.0;0.0
2022-04;National;MARNE LA VALLEE;MARSEILLE ST CHARLES;211;275;0;;136;10.54840686;5.347272727;;64;40.70989583;11.79521212;;64;40.70989583;27;10;29.6875;14.0625;15.625;20.3125;7.8125;12.5
2022-04;National;NIMES;PARIS LYON;178;238;0;;49;21.41802721;4.379901961;;34;56.13431373;9.016456583;;29;63.26149425;15;10;27.27272727;21.21212121;12.12121212;15.151515151515198;24.24242424;0.0
2022-04;National;PARIS EST;NANCY;97;307;1;;48;10.45347222;1.691339869;;18;25.00833333;1.793681917;;14;28.76666667;3;1;16.66666667;5.555555555555561;11.11111111;27.77777778;5.555555555555561;33.33333333
2022-04;National;PARIS EST;REIMS;45;239;2;;36;10.36898148;1.624824191;;21;22.99603175;2.55625879;;7;48.00714286;5;2;14.28571429;4.761904762;4.761904762;52.38095238;9.523809524;14.28571429
2022-04;National;PARIS MONTPARNASSE;LAVAL;78;255;0;;24;15.300000000000002;1.096535948;;43;17.19031008;3.69254902;;10;42.04333333;5;2;11.111111111111098;27.77777778;25.0;11.111111111111098;2.7777777777777803;22.22222222
2022-04;National;STRASBOURG;NANTES;317;55;0;;8;5.102083333;0.6481818181818181;;3;42.53888889;1.724545455;;3;42.53888889;2;1;66.66666667;0.0;33.33333333;0.0;0.0;0.0
2022-04;National;VALENCE ALIXAN TGV;PARIS LYON;134;433;0;;220;12.02045455;6.045687646;;70;46.91261905;8.408780109;;51;59.26013072;30;16;36.23188406;10.14492754;20.28985507;13.043478260869602;14.49275362;5.7971014492753605
2022-04;International;FRANCFORT;PARIS EST;234;144;1;;55;3.65;1.600591017;;18;31.01666667;5.831678487;;18;31.01666667;6;1;11.76470588;11.76470588;47.05882353;5.882352941176469;0.0;23.52941176
2022-04;International;PARIS LYON;BARCELONA;405;50;0;;7;32.44047619;4.325666667;;0;0.0;0.0;;0;0.0;0;0;0.0;0.0;0.0;0.0;0.0;0.0
2022-04;International;PARIS LYON;LAUSANNE;233;93;1;;3;46.18888889;1.323369565;;0;0.0;0.05942029;;0;0.0;0;0;0.0;0.0;0.0;0.0;0.0;0.0
2022-04;National;ANGOULEME;PARIS MONTPARNASSE;129;307;0;;147;11.30306122;5.453606557;;44;47.64924242;6.786065574;;33;59.1979798;18;9;27.27272727;31.81818182;20.45454545;9.090909091;6.818181818;4.545454545454549
2022-05;National;PARIS MONTPARNASSE;NANTES;129;611;0;;40;14.71416667;0.578700658;;51;36.76143791;2.53316886;;40;43.22666667;19;8;20.0;34.0;12.0;14.000000000000002;8.0;12.0
2022-05;National;PARIS MONTPARNASSE;POITIERS;94;578;1;;42;23.84801587;1.31187175;;38;34.68947368;2.60797227;;27;44.39382716;17;6;0.0;18.42105263;18.42105263;23.68421053;7.894736842;31.57894737
2022-05;National;ST PIERRE DES CORPS;PARIS MONTPARNASSE;64;558;0;;209;5.807496013;2.310244922;;83;17.19698795;3.439844683;;25;35.492;14;2;1.333333333;25.333333333333304;34.66666667;13.33333333;8.0;17.33333333
2022-05;National;LYON PART DIEU;LILLE;188;334;0;;242;10.026239669421496;7.301746506986023;;80;37.49868519909838;10.791616766467062;;71;41.86784037558687;34;7;23.75000000000002;7.499999999999996;23.75000000000002;21.25000000000002;11.25000000000001;12.50000000000001
2022-05;National;NANTES;PARIS MONTPARNASSE;132;643;1;;188;10.40851064;2.645742471;;77;40.11839827;5.335176532;;61;47.01448087;30;17;19.48051948;29.87012987;14.28571429;10.389610389610402;6.493506494;19.48051948
2022-05;National;NIMES;PARIS LYON;178;248;1;;98;15.27789116;6.077642276;;50;42.978;8.662737127;;37;53.11396396;23;9;20.0;22.0;28.000000000000004;6.0;14.000000000000002;10.0
2022-05;National;PARIS MONTPARNASSE;ANGERS SAINT LAUD;90;526;0;;36;14.09398148;0.555597964;;48;23.98923611;2.944592875;;30;32.74666667;10;3;13.043478260869602;21.73913043;26.08695652;21.73913043;8.695652173913041;8.695652173913041
2022-05;International;PARIS LYON;ITALIE;426;92;0;;19;22.83070175;4.533876812;;30;44.76666667;15.054347826086998;;30;44.76666667;16;4;10.34482759;13.79310345;17.24137931;51.72413793;6.896551724;0.0
2022-05;National;BORDEAUX ST JEAN;TOURCOING;335;27;0;;2;4.6;0.12345679;;1;25.0;1.814814815;;1;25.0;0;0;0.0;0.0;0.0;0.0;0.0;100.0
2022-05;National;PARIS LYON;ANNECY;222;142;0;;28;20.43809524;3.847183099;;31;38.40322581;12.58098592;;31;38.40322581;17;5;3.2258064516128995;16.12903226;22.58064516;41.93548387;12.903225806451598;3.2258064516128995
2022-05;National;PARIS LYON;LE CREUSOT MONTCEAU MONTCHANIN;83;195;0;;17;9.465686275;0.634700855;;25;14.81266667;2.709145299;;6;32.24722222;3;0;0.0;13.63636364;40.90909091;22.72727272727269;9.090909091;13.63636364
2022-05;National;RENNES;LYON PART DIEU;231;82;0;;25;14.60866667;4.514227642;;13;63.92179487;11.82479675;;13;63.92179487;8;5;15.38461538;7.692307692;0.0;15.38461538;23.07692308;38.46153846
2022-05;National;MARSEILLE ST CHARLES;LYON PART DIEU;104;541;1;;113;12.48879056;2.513888889;;65;33.19974359;5.138024691;;45;42.12148148;23;9;19.04761905;14.28571429;15.87301587;17.46031746;26.98412698;6.349206349206351
2022-05;National;PARIS LYON;GRENOBLE;182;200;0;;29;17.84482759;2.433;;27;34.77777778;5.42;;25;36.44;12;2;3.703703704;22.22222222;14.81481481;29.62962963;18.51851852;11.11111111
2022-05;National;PARIS LYON;MULHOUSE VILLE;170;339;0;;32;16.7875;1.50747296;;23;32.26449275;2.067453294;;20;35.1775;9;0;22.72727272727269;27.27272727;0.0;31.81818182;18.18181818;0.0
2022-05;National;PARIS LYON;NICE VILLE;357;262;4;;46;26.652898550724604;4.38255814;;41;76.4;12.66899225;;41;76.4;27;17;14.63414634;12.19512195;29.26829268;29.26829268;7.317073170731709;7.317073170731709
2022-05;National;PARIS NORD;ARRAS;48;494;0;;55;16.90969697;1.597840756;;46;30.633333333333297;3.533164642;;17;67.19607843;14;9;20.93023256;16.27906977;23.25581395;25.58139535;13.95348837;0.0
2022-05;National;ANGERS SAINT LAUD;PARIS MONTPARNASSE;95;554;1;;212;8.55322327;3.169823922;;73;34.80958904;4.079356406;;49;45.97959183673469;23;12;13.69863014;32.87671233;17.80821918;10.95890411;6.849315068493151;17.80821918
2022-05;National;PARIS LYON;AIX EN PROVENCE TGV;184;471;5;;58;21.82643678;2.500179211;;46;48.00036232;5.71218638;;44;49.62348485;25;9;10.86956522;28.26086957;4.347826086956521;28.26086957;23.91304348;4.347826086956521
2022-05;National;PARIS LYON;BESANCON FRANCHE COMTE TGV;129;165;0;;12;17.41111111;1.214242424;;9;25.440740740740704;2.576363636;;5;34.23;1;1;0.0;33.33333333;0.0;66.66666667;0.0;0.0
2022-05;National;PARIS MONTPARNASSE;TOULOUSE MATABIAU;264;189;1;;24;15.70486111;1.5900709219858202;;13;39.80128205;3.51285461;;13;39.80128205;7;3;15.38461538;7.692307692;53.84615385;7.692307692;0.0;15.38461538
2022-05;National;PARIS NORD;DOUAI;70;140;0;;16;10.17395833;0.9784523809523812;;17;25.90392157;3.574880952;;6;56.09444444;4;2;13.33333333;20.0;26.66666667;13.33333333;20.0;6.666666667
2022-05;National;AIX EN PROVENCE TGV;PARIS LYON;184;489;1;;231;9.214502165;4.37766323;;49;46.37040816;6.047285223;;45;49.35518519;19;6;16.66666667;27.083333333333297;14.58333333;18.75;4.166666667;18.75
2022-05;National;MARSEILLE ST CHARLES;PARIS LYON;198;529;1;;109;13.075688073394502;2.494942748;;44;45.66174242;5.581170483;;44;45.66174242;19;8;20.45454545;27.27272727;9.090909091;18.18181818;4.545454545454549;20.45454545
2022-05;National;PARIS LYON;MACON LOCHE;97;283;0;;43;20.33333333;2.904358068;;37;30.79684685;5.912661955;;26;37.87692308;13;3;0.0;16.21621622;13.51351351;48.648648648648695;10.81081081;10.81081081
2022-05;National;PARIS EST;REIMS;45;243;0;;45;12.54814815;2.379766804;;29;26.4545977;3.609876543;;17;37.68235294;10;3;17.24137931;10.34482759;17.24137931;17.24137931;13.79310345;24.13793103
2022-05;National;PARIS LYON;SAINT ETIENNE CHATEAUCREUX;174;119;1;;12;8.713888889;0.614689266;;11;20.81818182;2.863418079;;7;25.61190476;2;0;0.0;18.18181818;18.18181818;36.36363636;18.18181818;9.090909091
2022-05;National;REIMS;PARIS EST;46;238;0;;40;7.1425;1.31162465;;22;25.07878788;2.561904762;;10;46.13333333;7;2;13.63636364;31.81818182;22.72727272727269;18.18181818;4.545454545454549;9.090909091
2022-05;National;STRASBOURG;NANTES;320;56;0;;6;3.227777778;0.285714286;;7;61.240476190476194;7.551190476;;7;61.24047619;5;2;28.57142857;42.85714286;0.0;0.0;0.0;28.57142857
2022-05;National;STRASBOURG;PARIS EST;115;535;1;;280;12.9047619;6.780898876;;112;37.38571429;8.885955056;;89;43.52003745;51;17;15.17857143;16.96428571;38.39285714;10.71428571;3.571428571;15.17857143
2022-05;National;ANNECY;PARIS LYON;223;141;0;;6;4.333333333;0.184397163;;36;31.50092593;10.94680851;;36;31.50092593;12;3;19.44444444;22.22222222;38.88888889;16.66666667;0.0;2.7777777777777803
2022-05;National;AVIGNON TGV;PARIS LYON;164;476;1;;213;6.507824726;2.8920014094432704;;59;26.87146893;4.656730092;;45;30.985925925925905;12;3;11.86440678;23.728813559322003;25.42372881;18.6440678;5.084745763;15.25423729
2022-05;National;PARIS LYON;TOULON;239;318;0;;49;27.103401360544204;3.847536688;;46;49.61413043;7.822169811;;46;49.61413043;25;11;4.347826086956521;13.043478260869602;17.391304347826097;45.65217391304351;8.695652173913041;10.86956522
2022-05;National;PARIS MONTPARNASSE;ANGOULEME;123;302;0;;34;20.725;1.9332781456953605;;32;30.6609375;5.2;;24;36.61319444;9;3;9.375;12.5;9.375;25.0;15.625;28.125
2022-05;National;NICE VILLE;PARIS LYON;351;264;0;;21;30.74761905;2.312899106;;38;59.877192982456094;8.755108557;;38;59.877192982456094;19;10;18.42105263;31.57894737;26.31578947;7.894736842;2.631578947;13.15789474
2022-05;National;PARIS MONTPARNASSE;QUIMPER;222;244;2;;19;20.82719298;1.213842975;;16;40.5625;2.466942149;;16;40.5625;7;3;18.75;6.25;12.5;12.5;6.25;43.75
2022-05;National;POITIERS;PARIS MONTPARNASSE;100;475;0;;157;6.934076433;2.112;;53;23.63301887;3.986877193;;24;39.47291667;11;2;3.773584906;33.962264150943405;30.18867925;20.75471698;5.660377358;5.660377358
2022-05;International;BARCELONA;PARIS LYON;399;28;0;;8;6.697916667;1.913690476;;11;79.68030303;33.9797619;;11;79.68030303;10;3;54.54545455;9.090909091;18.18181818;18.18181818;0.0;0.0
2022-05;National;LYON PART DIEU;PARIS LYON;120;695;0;;372;6.328853047;3.465059952;;81;24.27016460905349;4.658992806;;57;28.77748538;14;2;12.34567901;13.58024691;18.51851852;22.22222222;8.641975308641971;24.69135802
2022-05;National;NANTES;STRASBOURG;320;55;0;;9;28.68888889;4.510909091;;4;64.14583333;6.075151515;;4;64.14583333;3;2;0.0;25.0;0.0;25.0;0.0;50.0
2022-05;National;PARIS MONTPARNASSE;LE MANS;55;482;0;;35;18.13;0.945;;43;22.61434109;2.8222569444444505;;20;38.5025;9;4;12.82051282;12.82051282;20.51282051;20.51282051;17.94871795;15.38461538
2022-05;International;STUTTGART;PARIS EST;194;130;0;;123;7.632655827;7.279069767;;30;39.96666666666669;12.59547804;;30;39.96666667;18;5;20.0;16.66666667;36.66666667;13.33333333;3.333333333;10.0
2022-05;National;DIJON VILLE;PARIS LYON;99;385;0;;164;8.052947154;3.506675393;;33;38.37121212;2.639223386;;23;49.47318841;11;6;6.060606061;33.33333333;18.18181818;36.36363636;3.03030303;3.03030303
2022-05;National;LYON PART DIEU;MARNE LA VALLEE;109;383;1;;264;9.954166667;6.931151832;;87;32.53697318;9.009511344;;63;39.72698413;26;4;13.79310345;6.896551724;31.03448276;20.68965517;12.64367816;14.942528735632198
2022-05;National;LYON PART DIEU;MARSEILLE ST CHARLES;104;492;1;;288;12.20827546;7.160115411;;104;33.26282051;8.33910387;;80;39.28083333;38;12;25.961538461538503;17.307692307692296;15.38461538;13.46153846;6.730769230769231;21.15384615
2022-05;National;TOULOUSE MATABIAU;PARIS MONTPARNASSE;272;193;0;;23;4.853623188;0.58238342;;25;39.27266667;7.475906736;;25;39.27266667;12;4;8.0;52.0;16.0;4.0;8.0;12.0
2022-05;International;ZURICH;PARIS LYON;245;155;0;;104;2.142628205;1.65;;11;47.00454545;3.70172043;;11;47.00454545;7;2;9.090909091;36.36363636;18.18181818;36.36363636;0.0;0.0
2022-05;National;MARNE LA VALLEE;MARSEILLE ST CHARLES;211;282;1;;147;12.23741497;6.471174377;;54;39.54876543;9.617912218;;54;39.54876543;21;10;24.07407407;11.11111111;11.11111111;24.07407407;9.259259259;20.37037037
2022-05;National;MARSEILLE ST CHARLES;LILLE;284;212;0;;32;13.64375000000001;1.8556603773584888;;50;39.15208333333335;10.818160377358506;;50;39.00400000000001;24;4;26.0;3.999999999999997;22.00000000000001;20.00000000000002;13.99999999999998;13.999999999999998
2022-05;National;MARSEILLE ST CHARLES;TOURCOING;299;31;0;;7;13.08333333;2.694086022;;3;34.66666667;5.0;;3;34.66666667;2;0;33.33333333;0.0;0.0;0.0;66.66666667;0.0
2022-05;National;MONTPELLIER;PARIS LYON;209;248;1;;104;13.66810897;5.795934959349589;;37;53.11396396;8.662737127;;37;53.11396396;23;9;27.02702703;18.91891892;21.62162162;8.108108108;16.21621622;8.108108108
2022-05;National;PARIS LYON;CHAMBERY CHALLES LES EAUX;174;217;0;;46;21.5615942;4.379877112;;63;31.969576719576704;11.0125192;;46;39.04891304;25;6;3.1746031746031704;17.46031746;25.396825396825403;39.682539682539705;7.936507937;6.349206349206351
2022-05;National;PARIS MONTPARNASSE;LA ROCHELLE VILLE;177;229;0;;13;25.20128205;1.0430131;;9;39.0;1.792576419;;7;46.85714286;5;2;11.11111111;11.11111111;22.22222222;22.22222222;0.0;33.33333333
2022-05;International;PARIS LYON;GENEVE;209;226;0;;36;17.90694444;2.756858407;;28;39.42261905;6.873525074;;28;39.42261905;18;3;7.142857143;25.0;14.28571429;32.14285714;17.85714286;3.571428571
2022-05;National;BREST;PARIS MONTPARNASSE;230;270;0;;8;10.125;0.302777778;;23;31.46014493;3.703333333;;23;31.46014493;8;2;26.08695652;26.08695652;13.043478260869602;13.043478260869602;4.347826086956521;17.391304347826097
2022-05;National;NANCY;PARIS EST;95;301;1;;68;10.52328431;2.432888889;;41;33.27723577;4.9555;;27;45.12098765;14;7;7.692307692;17.94871795;17.94871795;23.07692307692309;10.25641026;23.07692307692309
2022-05;National;PARIS MONTPARNASSE;LAVAL;78;261;0;;19;17.27719298;0.903001277;;23;32.05362319;3.127713921;;12;53.4;8;3;17.391304347826097;30.43478261;13.043478260869602;8.695652173913041;0.0;30.43478261
2022-05;National;TOULON;PARIS LYON;239;315;0;;63;24.43994709;4.821798942;;44;55.80530303;9.47978836;;44;55.80530303;21;10;18.18181818;36.36363636;22.72727272727269;9.090909091;2.272727273;11.36363636
2022-05;National;PARIS EST;NANCY;97;313;0;;71;14.837793427229998;3.4415335463258794;;36;40.23935185;5.071192758;;29;46.93735632;16;6;23.52941176;14.70588235;8.823529412;32.35294118;8.823529412;11.76470588
2022-05;National;RENNES;PARIS MONTPARNASSE;99;838;0;;274;7.987104622871049;2.605694942;;92;29.960507246376803;3.853325368;;71;35.22887324;30;9;27.173913043478297;29.347826086956506;13.043478260869602;14.13043478;5.434782609;10.86956522
2022-05;International;LAUSANNE;PARIS LYON;224;91;0;;75;3.338;2.878148148;;6;53.75277778;2.491666667;;6;53.75277778;2;2;0.0;33.33333333;16.66666667;33.33333333;16.66666667;0.0
2022-05;National;LILLE;PARIS NORD;69;650;1;;162;10.186728395061731;2.3687866038231378;;68;33.40340568475453;3.925217284275884;;33;60.20858585858587;21;12;34.348739495798306;7.492997199;29.69187675070025;5.987394957983192;13.480392156862765;8.998599439775907
2022-05;National;PARIS LYON;DIJON VILLE;97;405;0;;37;19.82972973;1.71;;26;28.80705128;1.428106996;;20;33.03416667;11;0;0.0;23.07692308;7.692307692;50.0;15.38461538;3.846153846
2022-05;National;PARIS NORD;DUNKERQUE;130;176;0;;18;16.16481481;1.294318182;;13;47.07692308;3.136363636;;10;57.2;7;2;53.84615385;23.07692308;0.0;15.38461538;0.0;7.692307692
2022-05;National;MACON LOCHE;PARIS LYON;98;252;0;;207;12.60539452;10.48232932;;84;27.11190476;11.07884873;;64;31.353125;21;5;17.85714286;20.23809524;45.23809523809519;15.47619048;0.0;1.19047619
2022-05;National;PARIS LYON;MARSEILLE ST CHARLES;195;601;5;;79;20.11666667;2.421932773;;55;51.21454545;6.283221289;;55;51.21454545;38;15;9.090909091;21.81818182;0.0;40.0;21.81818182;7.272727273
2022-05;National;PARIS LYON;VALENCE ALIXAN TGV;133;388;1;;62;20.24112903;2.945034542;;65;32.39846154;5.920336788;;54;36.32006173;22;6;3.076923077;12.30769231;24.61538462;47.69230769;6.153846154;6.153846154
2022-05;National;VALENCE ALIXAN TGV;PARIS LYON;134;447;2;;259;15.08970399;8.926212121;;98;38.04608844;9.236174242;;73;46.45821918;44;11;31.632653061224502;18.36734694;22.44897959;8.163265306;10.204081632653102;9.183673469
2022-05;National;VANNES;PARIS MONTPARNASSE;160;283;0;;149;3.916666667;2.111465721;;30;32.90555556;4.231323877;;24;37.82222222;11;3;33.33333333;33.33333333;10.0;13.33333333;0.0;10.0
2022-05;National;CHAMBERY CHALLES LES EAUX;PARIS LYON;174;222;0;;158;8.696940928;6.148793363;;80;26.680208333333297;11.58861237;;63;30.19285714;20;3;17.5;21.25;43.75;13.750000000000002;0.0;3.75
2022-05;National;GRENOBLE;PARIS LYON;179;186;0;;10;8.376666667;0.450358423;;19;21.29736842;4.014247312;;11;27.13636364;4;0;15.78947368;15.78947368;47.36842105;15.78947368;0.0;5.263157895
2022-05;National;LA ROCHELLE VILLE;PARIS MONTPARNASSE;175;219;0;;9;5.333333333;0.219178082;;15;25.07333333;3.450532725;;10;31.688333333333297;5;0;13.33333333;40.0;20.0;20.0;0.0;6.666666667
2022-05;National;MULHOUSE VILLE;PARIS LYON;171;340;0;;126;7.932275132;2.956323529;;28;37.65238095;2.896078431;;21;45.72698413;12;4;7.142857143;32.14285714;10.71428571;39.28571429;7.142857143;3.571428571
2022-05;National;PARIS LYON;PERPIGNAN;306;174;2;;27;21.775925925925904;3.096414729;;23;49.27391304;8.704069767;;23;49.273913043478295;14;5;21.73913043;17.391304347826097;21.73913043;26.08695652;4.347826086956521;8.695652173913041
2022-05;National;PARIS NORD;LILLE;66;626;1;;64;17.86510416666665;1.474586666666671;;70;32.789093750000006;3.480853333333332;;34;57.003431372549066;22;10;37.79761904761901;17.380952380952408;15.952380952380995;17.32142857142857;7.261904761904763;4.285714285714288
2022-05;International;PARIS LYON;BARCELONA;404;28;0;;4;12.52916667;1.568452381;;0;0.0;0.0;;0;0.0;0;0;0.0;0.0;0.0;0.0;0.0;0.0
2022-05;National;DUNKERQUE;PARIS NORD;131;171;0;;6;8.833333333;0.311764706;;12;41.48333333;3.818529412;;9;51.06666667;7;2;50.0;25.0;16.66666667;0.0;8.333333333;0.0
2022-05;National;LILLE;LYON PART DIEU;185;345;0;;166;9.569176706827308;4.653405367304487;;74;29.997135601228464;8.867261333745947;;50;39.352;20;8;24.32432432432433;8.108108108108105;9.459459459459438;33.78378378378375;12.162162162162126;12.162162162162138
2022-05;National;LILLE;MARSEILLE ST CHARLES;296;217;1;;54;11.55956790123456;2.542892755392756;;45;37.13799622179653;10.227494573327922;;45;40.33407407;18;8;28.888888888888896;8.888888888888893;11.111111111111136;22.222222222222207;8.888888888888893;20.000000000000007
2022-05;National;TOURCOING;BORDEAUX ST JEAN;314;27;0;;1;42.0;1.555555556;;0;0.0;1.246296296;;0;0.0;0;0;0.0;0.0;0.0;0.0;0.0;0.0
2022-05;National;BELLEGARDE (AIN);PARIS LYON;188;235;0;;63;9.414814815;2.545390071;;18;33.11481481;3.2242553191489294;;16;35.5875;5;3;11.11111111;33.33333333;11.11111111;11.11111111;27.77777778;5.555555555555561
2022-05;National;ANGOULEME;PARIS MONTPARNASSE;128;334;0;;213;6.770500782;4.344011976;;37;31.79504505;4.932085828;;25;41.29066667;12;3;8.108108108;37.83783784;24.32432432;13.51351351;8.108108108;8.108108108
2022-05;National;BORDEAUX ST JEAN;PARIS MONTPARNASSE;147;1001;0;;423;8.522970843;3.513819514;;141;27.94113475;5.738278388;;92;35.93405797;36;11;9.219858156;39.0070922;24.11347518;8.510638298;5.673758865248231;13.4751773
2022-05;National;PARIS EST;METZ;85;277;0;;56;18.68482143;3.8361612515042096;;35;42.81904762;5.403850782;;25;55.67266667;15;8;17.14285714;14.28571429;8.571428571;25.71428571;20.0;14.28571429
2022-05;International;ITALIE;PARIS LYON;430;93;0;;75;41.32133333;33.41863799;;27;30.214197530864205;12.02078853;;27;30.21419753;8;1;18.51851852;18.51851852;40.74074074;18.51851852;0.0;3.703703704
2022-05;National;PARIS MONTPARNASSE;ST MALO;152;97;0;;9;15.957407407407398;1.213745704;;8;44.4125;4.430584192;;6;54.96111111;5;1;25.0;25.0;0.0;25.0;0.0;25.0
2022-05;National;PARIS EST;STRASBOURG;115;562;5;;122;15.35519126;3.39551167;;56;41.26994048;4.462417714;;42;50.5047619;26;12;21.42857143;12.5;12.5;28.57142857;10.71428571;14.28571429
2022-05;National;PARIS LYON;LYON PART DIEU;121;687;0;;62;8.608064516;0.526909976;;49;31.29761905;2.83622871;;36;37.7837963;14;4;2.040816327;32.65306122;10.204081632653102;32.65306122;12.244897959183698;10.204081632653102
2022-05;National;PARIS MONTPARNASSE;RENNES;96;806;0;;63;16.22936508;0.853949545;;60;29.04555556;1.970926385;;43;36.37751938;18;7;16.94915254;18.6440678;18.6440678;18.6440678;8.474576271;18.6440678
2022-05;National;SAINT ETIENNE CHATEAUCREUX;PARIS LYON;168;119;0;;20;1.683333333;0.747033898;;16;18.58541667;5.057627118644071;;10;21.40666667;1;0;18.75;18.75;18.75;25.0;6.25;12.5
2022-05;International;PARIS EST;STUTTGART;189;127;4;;25;9.944;2.058943089;;29;28.70057471;11.49607046;;29;28.70057471;7;2;10.71428571;14.28571429;42.85714286;17.85714286;7.142857142857138;7.142857142857138
2022-05;National;TOURS;PARIS MONTPARNASSE;77;186;0;;21;8.816666667;0.985125448;;28;14.57380952;3.524283154;;6;33.69722222;3;1;4.0;32.0;32.0;16.0;0.0;16.0
2022-05;National;DOUAI;PARIS NORD;75;187;1;;44;5.00719697;1.259798535;;22;22.26287879;2.970054945;;8;43.81666667;6;1;33.33333333;9.523809524;42.85714286;0.0;14.28571429;0.0
2022-05;National;MONTPELLIER;LYON PART DIEU;114;249;1;;67;17.30223881;4.786099865;;32;48.8671875;7.805195682;;31;49.97956989;17;8;37.5;12.5;9.375;18.75;15.625;6.25
2022-05;National;PARIS LYON;MONTPELLIER;210;229;0;;25;14.522;1.351973684;;33;46.01262626;6.176608187;;33;46.01262626;15;6;18.75;18.75;9.375;28.125;9.375;15.625
2022-05;National;ST MALO;PARIS MONTPARNASSE;158;93;0;;6;11.925000000000002;0.67437276;;11;29.39242424;3.913261649;;10;30.821666666666705;4;1;36.36363636;18.18181818;18.18181818;9.090909091;9.090909091;9.090909091
2022-05;National;LE MANS;PARIS MONTPARNASSE;59;473;1;;154;9.899242424;2.985938615;;65;27.88641026;3.062241256;;35;43.80190476;20;7;18.75;28.125;15.625;20.3125;3.125;14.0625
2022-05;National;PARIS MONTPARNASSE;BORDEAUX ST JEAN;145;991;0;;111;16.29324324;1.41535486;;73;31.60844749;3.676774302;;60;35.50055556;20;12;9.722222222;29.166666666666703;8.333333333;15.277777777777802;9.722222222;27.77777778
2022-05;International;MARSEILLE ST CHARLES;MADRID;463;27;0;;2;1.658333333;0.27345679;;0;0.0;0.0;;0;0.0;0;0;0.0;0.0;0.0;0.0;0.0;0.0
2022-05;National;PARIS LYON;BELLEGARDE (AIN);181;232;0;;36;17.90694444;2.688074713;;37;32.56306306;6.118821839;;34;34.35931373;19;2;8.108108108;29.72972972972969;13.51351351;29.72972972972969;16.21621622;2.702702703
2022-05;National;PARIS MONTPARNASSE;TOURS;73;188;1;;12;15.85416667;0.622222222;;15;21.23333333;1.893189964;;7;34.08809524;3;0;0.0;20.0;26.66666667;20.0;6.666666667;26.66666667
2022-05;International;PARIS EST;FRANCFORT;230;172;5;;40;12.78666667;3.041317365;;80;37.86854167;21.57974052;;80;37.86854167;39;14;12.30769231;23.07692308;53.84615385;9.230769231;0.0;1.538461538
2022-05;National;LE CREUSOT MONTCEAU MONTCHANIN;PARIS LYON;82;218;0;;107;7.063862928;3.513875969;;47;18.45780142;3.701782946;;17;35.24117647;7;1;4.444444444444439;17.77777778;20.0;15.55555556;4.444444444444439;37.77777777777781
2022-05;National;METZ;PARIS EST;87;291;0;;98;10.6755102;3.5828751431844195;;42;39.16626984;6.400400916;;25;58.52666667;17;10;16.66666667;11.9047619;42.85714286;7.142857143;7.142857143;14.28571429
2022-05;National;PARIS LYON;AVIGNON TGV;161;460;5;;54;18.98209877;2.00150514;;56;37.16517857;4.859948605;;38;48.42675439;21;9;8.928571429;25.0;14.28571429;25.0;19.64285714;7.142857143
2022-05;National;PARIS LYON;NIMES;179;230;1;;25;14.522;1.351973684;;43;36.98682171;7.948099415;;31;46.27419355;14;6;15.0;12.5;20.0;27.500000000000004;10.0;15.0
2022-05;International;FRANCFORT;PARIS EST;234;169;2;;108;4.534104938;3.099796748;;60;37.10583333;15.02693089;;60;37.10583333;28;7;8.474576271;25.42372881;52.54237288;6.779661017;3.389830508;3.389830508
2022-05;National;MARNE LA VALLEE;LYON PART DIEU;109;412;0;;292;10.56078767;7.552831715;;91;28.92692308;8.602912621;;58;37.97701149;21;9;23.07692308;9.89010989;8.791208791;36.26373626;9.89010989;12.087912087912098
2022-05;National;PARIS MONTPARNASSE;VANNES;152;268;0;;26;18.63461538;1.386504975;;31;37.88709677;5.005597015;;25;43.52;14;6;20.0;13.33333333;10.0;13.33333333;6.666666667;36.66666667
2022-05;International;GENEVE;PARIS LYON;222;225;0;;176;4.589204545;3.733851852;;16;35.5875;3.251407407;;16;35.5875;5;3;12.5;25.0;12.5;12.5;31.25;6.25
2022-05;National;ARRAS;PARIS NORD;50;507;1;;204;7.611029412;3.144212963;;58;25.74310345;3.486342593;;21;54.36269841;15;5;29.8245614;14.03508772;40.35087719;1.754385965;8.771929825;5.263157894736841
2022-05;National;PARIS MONTPARNASSE;ST PIERRE DES CORPS;62;546;0;;40;21.37;1.165015291;;44;25.99659091;2.564862385;;24;40.5875;15;2;0.0;20.93023256;25.58139535;23.255813953488403;9.302325581;20.93023256
2022-05;International;MADRID;MARSEILLE ST CHARLES;481;27;0;;0;0.0;0.0;;3;0.0;8.687654321;;3;54.06111111;1;1;0.0;33.33333333;66.66666667;0.0;0.0;0.0
2022-05;International;PARIS LYON;ZURICH;245;137;1;;17;18.1254902;1.782352941;;13;39.17948718;5.171568627;;13;39.17948718;11;1;0.0;33.33333333;16.66666667;25.0;25.0;0.0
2022-05;National;BESANCON FRANCHE COMTE TGV;PARIS LYON;133;177;0;;28;6.058928571428571;0.751628352;;10;46.58666667;0.637164751;;7;60.84761905;4;3;10.0;30.0;10.0;50.0;0.0;0.0
2022-05;National;LYON PART DIEU;MONTPELLIER;114;290;1;;141;13.96950355;6.502191465;;58;36.01752874;7.106055363;;37;48.92297297;18;12;29.31034483;12.06896552;10.34482759;24.13793103;10.34482759;13.79310345
2022-05;National;LYON PART DIEU;RENNES;233;82;0;;49;13.35952381;8.076626016;;11;55.80151515;8.670325203;;11;55.80151515;7;2;27.27272727;9.090909091;9.090909091;36.36363636;0.0;18.18181818
2022-05;National;MARSEILLE ST CHARLES;MARNE LA VALLEE;212;286;1;;43;13.13023256;1.741111111;;41;36.04674797;7.525263158;;41;36.04674797;19;1;17.07317073;9.756097561;29.26829268;19.51219512;17.07317073;7.317073170731709
2022-05;National;PARIS MONTPARNASSE;BREST;225;270;0;;22;15.40454545;0.816728395;;26;44.63461538;4.290740741;;26;44.63461538;12;6;34.61538461538459;15.38461538;15.38461538;11.53846154;3.846153846;19.23076923
2022-05;National;PERPIGNAN;PARIS LYON;310;182;0;;58;25.06034483;7.797893773;;44;51.93863636;14.57399267;;44;51.93863636;29;8;43.18181818;15.90909091;18.18181818;13.63636364;4.545454545454549;4.545454545454549
2022-05;National;QUIMPER;PARIS MONTPARNASSE;227;259;0;;7;10.0;0.272373541;;22;38.95075758;4.275291829;;22;38.95075758;10;3;31.81818182;36.36363636;9.090909091;9.090909091;0.0;13.63636364
2022-05;International;PARIS LYON;LAUSANNE;229;91;0;;8;20.03958333;1.575274725;;3;23.12777778;1.099450549;;3;23.127777777777805;1;0;0.0;0.0;33.33333333;66.66666667;0.0;0.0
2022-05;National;LAVAL;PARIS MONTPARNASSE;83;282;0;;93;8.64265233;2.763593381;;38;28.53201754;4.16749409;;26;36.56538462;9;4;39.47368421;21.05263158;21.05263158;5.263157895;5.263157895;7.894736842
2022-06;National;MARSEILLE ST CHARLES;PARIS LYON;198;514;0;;137;13.35523114;3.357133593;;89;56.38483146;12.45787938;;89;56.38483146;55;28;35.955056179775305;22.47191011;17.977528089887603;5.617977528089891;13.48314607;4.494382022
2022-06;National;ANGOULEME;PARIS MONTPARNASSE;128;332;1;;225;7.617851851851851;5.219250253;;59;28.45282486;5.554305978;;39;36.28888889;13;5;25.42372881;30.50847458;11.86440678;11.86440678;8.474576271;11.86440678
2022-06;National;PARIS LYON;AIX EN PROVENCE TGV;184;457;0;;85;35.5854902;6.449161196;;78;65.88504274;13.35317287;;76;67.27587719;53;31;20.51282051;19.23076923;14.1025641;25.64102564;19.23076923;1.282051282
2022-06;National;PARIS LYON;GRENOBLE;184;194;2;;40;23.92458333;4.891579861;;46;44.47826087;12.09635417;;43;46.60465116;23;7;15.2173913;21.73913043;15.2173913;30.43478261;15.2173913;2.1739130434782603
2022-06;National;PARIS NORD;DOUAI;70;134;1;;21;16.17063492;2.420454545;;30;29.22555556;5.636616162;;15;48.54222222;6;3;11.11111111;14.81481481;18.51851852;33.33333333;18.51851852;3.703703704
2022-06;National;PARIS NORD;LILLE;66;610;6;;94;22.823404255319115;3.302387673123748;;100;39.260390122589314;5.885277049697307;;55;64.92666666666668;36;14;18.286263736263773;19.49175824175825;23.63461538;22.37252747252745;4.312637362637365;11.902197802197769
2022-06;National;TOURCOING;BORDEAUX ST JEAN;315;27;0;;5;18.8;3.5;;2;61.25833333;3.979012346;;2;61.25833333;1;1;0.0;0.0;50.0;50.0;0.0;0.0
2022-06;National;TOURS;PARIS MONTPARNASSE;77;186;0;;13;7.085897436;0.481272401;;28;17.06785714;4.053494624;;7;42.87380952;4;1;0.0;25.925925925925903;37.03703704;18.518518518518498;0.0;18.518518518518498
2022-06;National;VANNES;PARIS MONTPARNASSE;160;281;2;;128;5.966015625;2.770263789;;42;32.21269841;5.890047962;;26;44.13141026;16;5;21.42857143;42.85714286;14.28571429;9.523809524;4.761904762;7.142857143
2022-06;International;MADRID;MARSEILLE ST CHARLES;481;30;0;;0;0.0;0.0;;6;0.0;12.85555556;;6;49.74722222;4;1;33.33333333;0.0;33.33333333;0.0;0.0;33.33333333
2022-06;National;MONTPELLIER;PARIS LYON;209;262;0;;117;15.207122507122502;6.829452926;;63;55.97910053;16.30368957;;63;55.97910053;35;21;30.15873016;15.87301587;26.98412698;14.28571429;11.11111111;1.587301587
2022-06;National;PARIS LYON;PERPIGNAN;306;204;3;;48;21.31111111;4.782421227;;52;60.64679487;17.35033167;;52;60.64679487;34;20;30.76923077;21.15384615;7.692307692;38.46153846;0.0;1.923076923
2022-06;National;PARIS MONTPARNASSE;NANTES;129;584;0;;77;21.6547619;2.527425799;;83;48.20763052;6.802539954;;65;57.83564103;30;17;12.195121951219498;23.170731707317096;19.512195121951205;20.73170732;9.756097561;14.63414634
2022-06;National;DUNKERQUE;PARIS NORD;131;164;1;;8;33.875;1.662576687;;25;41.94733333;7.7349693251533695;;16;58.184375;11;5;24.0;28.000000000000004;16.0;20.0;8.0;4.0
2022-06;National;LYON PART DIEU;RENNES;235;74;0;;58;11.41178161;9.025225225;;15;39.19888889;9.936936937;;15;39.19888889;6;2;13.33333333;46.66666667;6.666666667;20.0;6.666666667;6.666666667
2022-06;National;QUIMPER;PARIS MONTPARNASSE;227;260;1;;12;12.33333333;0.580392157;;25;44.41933333;5.626013072;;25;44.41933333;15;5;28.000000000000004;48.0;8.0;4.0;8.0;4.0
2022-06;National;BORDEAUX ST JEAN;PARIS MONTPARNASSE;146;985;2;;433;12.81493457;5.564157341;;197;32.78900169;8.225093252;;144;40.0380787;71;20;29.08163265;29.59183673;11.73469388;11.2244898;4.591836734693879;13.7755102
2022-06;National;LYON PART DIEU;MARSEILLE ST CHARLES;104;463;0;;311;13.09812433;8.881425486;;124;38.3016129;11.91508279;;103;43.36537217;56;21;24.19354839;8.064516129;29.83870968;19.35483871;4.838709677;13.70967742
2022-06;National;PARIS EST;METZ;85;272;0;;49;10.9622449;2.027818627;;33;36.22828283;4.80245098;;21;52.13015873;8;4;13.33333333;13.33333333;33.33333333;26.66666667;3.333333333;10.0
2022-06;National;PARIS MONTPARNASSE;QUIMPER;222;240;1;;43;11.17751938;1.485355649;;31;40.40322581;5.748953975;;31;40.40322581;17;6;19.35483871;38.70967742;16.12903226;19.35483871;3.2258064516128995;3.2258064516128995
2022-06;International;MARSEILLE ST CHARLES;MADRID;463;30;0;;4;13.05;2.021666667;;0;0.0;0.0;;0;0.0;0;0;0.0;0.0;0.0;0.0;0.0;0.0
2022-06;National;ANNECY;PARIS LYON;222;143;0;;8;3.625;0.202797203;;44;35.72234848;13.71958042;;44;35.72234848;17;4;25.0;20.45454545;34.09090909;11.36363636;6.818181818;2.272727273
2022-06;National;LE CREUSOT MONTCEAU MONTCHANIN;PARIS LYON;83;207;1;;115;9.702898551;5.506944444;;53;25.56415094;7.173366013;;28;40.34642857;12;3;11.76470588;15.68627451;27.45098039;15.68627451;7.843137254901962;21.56862745
2022-06;National;MARNE LA VALLEE;MARSEILLE ST CHARLES;212;272;0;;161;13.3173913;7.959742647058829;;70;46.89642857;13.96636029;;70;46.89642857;41;15;25.71428571;11.42857143;22.857142857142904;20.0;8.571428571;11.42857143
2022-06;National;PARIS EST;REIMS;45;238;0;;55;10.08060606;2.385994398;;36;19.575;3.721848739;;17;30.31666667;6;0;14.70588235;5.882352941176469;23.52941176;26.47058824;17.64705882;11.76470588
2022-06;National;PARIS LYON;MULHOUSE VILLE;171;314;3;;71;23.49014085;5.274919614;;54;38.70092593;6.861897106109321;;45;43.7762963;19;8;16.66666667;5.555555555555561;14.81481481;29.62962963;27.77777778;5.555555555555561
2022-06;National;PARIS LYON;NIMES;179;241;0;;60;21.93527778;5.306846473;;54;46.0712963;12.36514523;;40;57.4375;25;16;16.98113208;16.98113208;13.20754717;43.396226415094304;5.660377358;3.773584906
2022-06;National;NANTES;STRASBOURG;319;55;0;;10;8.071666667;1.365757576;;3;27.97222222;2.559090909;;3;27.97222222;1;0;33.33333333;33.33333333;33.33333333;0.0;0.0;0.0
2022-06;National;PARIS LYON;BELLEGARDE (AIN);165;217;0;;49;24.59693878;5.426958525;;67;35.25099502;13.20099846;;48;43.73576389;24;9;11.94029851;13.43283582;20.89552239;22.38805970149249;25.37313433;5.970149254
2022-06;National;PARIS MONTPARNASSE;POITIERS;94;561;0;;54;15.38981481;1.105793226;;57;27.660233918128696;3.646256684;;30;41.94277778;20;4;3.636363636;27.27272727;16.36363636;27.27272727;16.36363636;9.090909090909088
2022-06;International;PARIS EST;FRANCFORT;232;161;3;;36;17.56064815;2.630696203;;73;35.29474886;19.31402954;;73;35.29474886;38;7;7.352941176;19.11764706;45.58823529;14.70588235;5.882352941;7.352941176
2022-06;National;LYON PART DIEU;MONTPELLIER;114;275;0;;175;12.80847619;7.530891331;;70;36.8897619;8.0998779;;51;45.67581699;26;13;13.43283582;16.41791045;16.41791045;35.82089552;0.0;17.91044776
2022-06;National;PARIS MONTPARNASSE;ST PIERRE DES CORPS;62;534;0;;61;11.96912568;1.027403246;;67;19.52039801;2.984737828;;29;31.37471264;13;2;9.375;18.75;14.0625;32.8125;21.875;3.125
2022-06;National;PARIS NORD;ARRAS;48;480;3;;81;22.43518519;3.080666667;;66;36.41136364;4.996561404;;29;69.53563218;23;10;24.61538462;16.92307692;18.46153846;24.61538462;6.153846154;9.230769231
2022-06;National;RENNES;LYON PART DIEU;232;79;0;;20;6.5575;1.696835443;;9;42.49074074;7.778691983;;9;42.49074074;7;2;33.33333333;11.11111111;44.44444444;0.0;11.11111111;0.0
2022-06;National;MACON LOCHE;PARIS LYON;98;263;0;;204;16.01576797;12.75103761;;113;35.92772861;16.10823606;;98;39.32278912;45;13;25.22522523;18.01801802;34.23423423;12.61261261;4.504504504504499;5.405405405
2022-06;National;PARIS EST;STRASBOURG;115;580;3;;124;13.67352151;2.963431542;;64;42.296875;5.256354708;;49;50.79761904761909;22;7;9.375;21.875;7.8125;29.6875;14.0625;17.1875
2022-06;National;PARIS LYON;TOULON;239;308;0;;61;21.99699454;4.141341991;;66;49.67373737;12.14150433;;66;49.67373737;32;18;16.66666667;9.090909091;18.18181818;42.42424242;10.60606061;3.03030303
2022-06;International;FRANCFORT;PARIS EST;238;163;1;;107;6.717601246;4.612473795;;57;38.87426901;15.18668763;;57;38.87426901;27;6;7.01754386;22.80701754;59.64912281;8.771929825;0.0;1.754385965
2022-06;National;PARIS MONTPARNASSE;BORDEAUX ST JEAN;144;976;2;;136;18.1752451;2.161327858;;126;33.17248677;5.193651608;;98;38.75782313;45;11;14.4;35.2;10.4;13.6;16.8;9.6
2022-06;International;PARIS EST;STUTTGART;190;105;1;;22;10.21666667;2.210737179;;14;34.10952381;9.550480769;;14;34.10952381;7;1;7.142857143;21.42857143;14.28571429;28.57142857;7.142857143;21.42857143
2022-06;National;BREST;PARIS MONTPARNASSE;230;264;0;;14;10.026190476190502;0.531691919;;16;28.473958333333297;3.493939394;;16;28.47395833;5;0;25.0;31.25;12.5;0.0;12.5;18.75
2022-06;National;MULHOUSE VILLE;PARIS LYON;171;317;3;;124;5.832795699;2.352388535;;28;46.7922619;4.897027601;;25;50.75266667;15;6;21.42857143;35.71428571;14.28571429;21.42857143;3.571428571;3.571428571
2022-06;National;NICE VILLE;PARIS LYON;352;254;0;;24;28.893055555555595;2.566994751;;54;54.7154321;13.94330709;;54;54.7154321;34;16;29.62962963;25.925925925925903;25.925925925925903;1.851851852;12.96296296;3.703703704
2022-06;National;PARIS LYON;ANNECY;222;145;0;;31;25.66451613;5.326896552;;43;42.60465116;16.65172414;;43;42.60465116;24;8;9.302325581395351;9.302325581395351;23.255813953488403;46.51162790697671;11.62790698;0.0
2022-06;National;PARIS MONTPARNASSE;LA ROCHELLE VILLE;175;222;0;;16;10.659375;0.402627628;;9;84.44444444;4.207207207;;9;84.44444444;6;4;44.44444444;22.22222222;0.0;22.22222222;0.0;11.11111111
2022-06;National;ST MALO;PARIS MONTPARNASSE;158;90;0;;6;4.294444444;0.191666667;;9;27.48148148;3.497962963;;3;56.04999999999999;3;1;11.11111111;44.44444444;33.33333333;0.0;0.0;11.11111111
2022-06;National;TOULON;PARIS LYON;240;305;0;;69;16.7826087;3.781853070175441;;63;54.50661376;13.28832237;;63;54.50661376;39;19;28.57142857;25.396825396825403;26.98412698;1.587301587;14.28571429;3.1746031746031704
2022-06;National;LE MANS;PARIS MONTPARNASSE;59;466;2;;162;8.387242798;2.959388646;;73;23.50365297;2.966775837;;27;45.21049383;16;4;8.571428571;37.142857142857096;15.71428571;14.28571429;10.0;14.28571429
2022-06;National;LYON PART DIEU;LILLE;188;319;2;;236;14.240677966101712;9.500497343;;124;41.41448384379026;16.03395572228384;;101;45.66501650165019;51;19;17.741935483870964;17.74193548387098;19.354838709677395;22.58064516129029;4.032258064516127;18.54838709677415
2022-06;National;NANTES;PARIS MONTPARNASSE;132;616;1;;177;16.02297552;4.35804878;;92;38.9759058;6.463712737;;69;47.56183575;36;14;7.777777778;31.11111111;22.22222222;13.33333333;13.33333333;12.22222222
2022-06;National;PARIS LYON;LYON PART DIEU;121;654;4;;113;23.80973451;3.9910769230769296;;100;46.5035;8.612846154;;80;54.763125;40;18;14.000000000000002;15.0;22.0;27.0;20.0;2.0
2022-06;National;REIMS;PARIS EST;46;239;0;;47;8.009574468;1.685983264;;18;21.7712963;2.328521618;;5;52.15;4;1;18.75;18.75;18.75;12.5;18.75;12.5
2022-06;National;PARIS LYON;MACON LOCHE;97;283;0;;65;23.41923077;5.204122497;;56;39.80565476;9.838398115;;49;43.61666667;27;8;10.71428571;3.571428571;12.5;62.5;10.71428571;0.0
2022-06;National;STRASBOURG;NANTES;320;54;0;;9;5.464814815;0.880555556;;7;28.24761905;3.5043209876543204;;7;28.24761905;3;0;0.0;14.28571429;14.28571429;0.0;14.28571429;57.142857142857096
2022-06;National;PARIS EST;NANCY;97;306;0;;59;9.54519774;1.898039216;;27;26.46049383;2.877124183;;22;29.41969697;7;1;11.11111111;22.22222222;18.51851852;18.51851852;18.51851852;11.11111111
2022-06;National;SAINT ETIENNE CHATEAUCREUX;PARIS LYON;171;114;1;;3;7.650000000000001;1.785185185;;24;32.83194444;10.87777778;;20;36.73666667;7;3;12.5;29.166666666666703;16.66666667;25.0;12.5;4.166666666666671
2022-06;International;BARCELONA;PARIS LYON;402;46;0;;33;5.155555556;3.698550724637681;;20;55.56916667;26.992028985507297;;20;55.56916667;13;7;55.00000000000001;15.0;20.0;10.0;0.0;0.0
2022-06;International;LAUSANNE;PARIS LYON;230;151;0;;127;4.260629921;3.715444444;;22;49.11969697;8.799777778;;22;49.11969697;11;4;22.72727272727269;22.72727272727269;40.90909091;4.545454545454549;9.090909091;0.0
2022-06;National;RENNES;PARIS MONTPARNASSE;100;823;2;;296;8.676914414;3.111930894;;102;24.7122549;4.045101626;;49;37.96462585;24;7;17.64705882;37.254901960784295;15.68627451;8.823529412;6.862745098039221;13.7254902
2022-06;National;CHAMBERY CHALLES LES EAUX;PARIS LYON;174;232;0;;152;13.82192982;9.035497835;;102;37.29803922;18.31479076;;95;39.06561404;41;12;27.45098039;16.66666667;32.35294118;14.70588235;3.921568627;4.901960784313731
2022-06;National;LILLE;LYON PART DIEU;185;315;0;;176;8.057954545;4.508148148148145;;75;31.959733495671045;10.795925925925896;;53;41.05314465;23;7;9.750000000000002;4.25;21.166666666666668;43.833333333333336;15.41666666666667;5.583333333333335
2022-06;National;LYON PART DIEU;PARIS LYON;120;670;4;;372;8.052150538;4.646206373;;129;41.62015504;8.614997471;;105;48.08587302;49;23;11.62790698;24.80620155;21.70542636;20.93023256;9.302325581;11.62790698
2022-06;National;MONTPELLIER;LYON PART DIEU;113;223;2;;64;13.33255208;3.550527903;;42;35.15;8.738536953;;29;44.97183908;16;9;14.63414634;17.07317073;31.70731707;12.19512195;17.07317073;7.317073170731709
2022-06;International;GENEVE;PARIS LYON;197;218;0;;150;5.281666667;3.855045872;;47;38.83652482;11.82033639;;47;38.83652482;19;6;17.0212766;29.78723404;27.65957447;12.765957446808502;6.382978723404251;6.382978723404251
2022-06;National;LILLE;PARIS NORD;69;632;6;;171;9.553606238;2.4257454739084103;;101;26.87493262140856;4.994249201277955;;54;41.98827160493829;26;5;21.67555217060169;22.652534484217657;20.522975374460543;19.51087416433949;12.496403486502478;3.1416603198781425
2022-06;National;PARIS LYON;NICE VILLE;358;252;0;;50;23.823;4.488227513;;41;51.39634146;8.311111111;;41;51.39634146;23;10;26.82926829;12.19512195;17.07317073;29.26829268;7.317073170731709;7.317073170731709
2022-06;National;PARIS MONTPARNASSE;LAVAL;79;252;0;;29;10.03505747;0.873611111;;36;16.61898148;3.025727513;;12;30.49583333333329;5;0;6.25;25.0;28.125;21.875;0.0;18.75
2022-06;National;GRENOBLE;PARIS LYON;179;180;2;;10;12.79166667;0.718632959;;34;33.27009804;8.679213483;;27;38.58148148;12;3;12.12121212;39.39393939;27.27272727;15.151515151515198;6.0606060606060606;0.0
2022-06;National;LA ROCHELLE VILLE;PARIS MONTPARNASSE;174;214;0;;19;9.894736842;0.878504673;;22;27.94545455;4.942834891;;15;34.89444444;3;2;23.809523809523803;23.809523809523803;14.28571429;23.809523809523803;0.0;14.28571429
2022-06;National;PARIS LYON;MARSEILLE ST CHARLES;195;583;0;;113;30.09262537;5.6621498;;114;53.68070175;12.63636364;;114;53.68070175;63;33;20.1754386;14.9122807;11.40350877;37.719298245614006;14.9122807;0.877192982
2022-06;National;PARIS MONTPARNASSE;ANGERS SAINT LAUD;90;501;0;;67;23.53631841;2.799234864;;90;31.835740740740704;6.386726547;;49;48.92789115646261;25;10;11.9047619;26.19047619;14.28571429;23.80952381;9.523809523809518;14.28571429
2022-06;National;VALENCE ALIXAN TGV;PARIS LYON;134;459;0;;306;15.88425926;10.71168539;;149;44.85145414;14.277602996254698;;113;54.87212389;69;39;35.5704698;19.46308725;20.80536913;10.73825503;10.06711409;3.355704698
2022-06;National;PERPIGNAN;PARIS LYON;310;210;0;;89;15.672284644194798;6.597101449;;65;53.16487179;19.23615137;;65;53.16487179;40;21;43.07692308;13.84615385;26.15384615;13.84615385;3.076923077;0.0
2022-06;International;ITALIE;PARIS LYON;429;91;0;;80;22.633125;19.92655678;;51;41.95;25.67582418;;51;41.95;24;8;31.37254902;15.68627451;29.41176471;17.64705882;1.960784314;3.921568627
2022-06;International;PARIS LYON;ITALIE;424;91;0;;29;25.58390805;7.995787546;;41;56.79268293;26.55494505;;41;56.79268293;28;12;7.5;12.5;22.5;42.50000000000001;12.5;2.5000000000000004
2022-06;National;BESANCON FRANCHE COMTE TGV;PARIS LYON;133;172;3;;27;9.222222222;1.220634921;;14;45.77619048;3.966071429;;13;48.3;7;3;30.76923077;30.76923077;7.692307692;23.07692308;7.692307692;0.0
2022-06;National;MARSEILLE ST CHARLES;LYON PART DIEU;104;500;2;;143;14.06538462;3.279819277;;108;35.69058642;9.555287818;;87;41.1683908;40;15;28.84615385;17.30769231;22.11538462;14.42307692;12.5;4.807692308
2022-06;National;NIMES;PARIS LYON;178;262;0;;126;13.03650794;6.219847328;;79;47.45126582;16.30368957;;63;55.97910053;35;21;29.11392405;16.4556962;27.84810127;11.392405063291102;10.12658228;5.063291139240509
2022-06;National;PARIS LYON;BESANCON FRANCHE COMTE TGV;130;164;3;;31;31.91290323;6.102587992;;28;43.15297619;8.681469979;;23;49.62753623;14;5;17.85714286;10.71428571;14.28571429;42.85714286;14.28571429;0.0
2022-06;National;PARIS LYON;CHAMBERY CHALLES LES EAUX;173;234;0;;60;25.62555556;6.40997151;;74;42.86846847;15.74159544;;65;46.95307692;39;9;4.054054054;10.81081081;20.27027027;50.0;13.51351351;1.351351351
2022-06;National;PARIS LYON;LE CREUSOT MONTCEAU MONTCHANIN;82;189;1;;35;20.65619048;3.730230496;;35;31.76190476;6.928368794;;20;48.2275;10;5;11.76470588;17.64705882;23.529411764705905;35.29411765;5.882352941;5.882352941
2022-06;National;MARNE LA VALLEE;LYON PART DIEU;109;390;0;;290;10.00936782;7.504358974;;96;31.81180556;10.55790598;;63;41.62142857;28;9;14.13043478;7.608695652173909;22.82608696;36.95652174;11.95652174;6.52173913
2022-06;National;PARIS MONTPARNASSE;BREST;224;264;1;;42;13.07738095;1.737008872;;35;78.38571429;10.69961977;;35;78.38571429;23;13;5.882352941;50.0;8.823529412;14.70588235;5.882352941;14.70588235
2022-06;National;PARIS MONTPARNASSE;LE MANS;55;484;1;;54;23.64197531;2.052173913;;42;34.33055556;3.087991718;;23;54.47028986;13;5;7.692307692;15.38461538;25.64102564;30.76923077;10.25641026;10.25641026
2022-06;International;STUTTGART;PARIS EST;195;109;1;;94;9.14822695;0.919968553;;38;29.08596491228069;12.63018868;;38;29.08596491;14;1;2.631578947;5.263157895;63.15789474;15.78947368;2.631578947;10.52631579
2022-06;National;METZ;PARIS EST;87;298;1;;110;8.556212121;3.219416386;;63;22.12116402;5.412626263;;23;42.52898551;10;4;11.47540984;11.47540984;40.98360656;18.032786885245898;6.557377049;11.47540984
2022-06;National;LILLE;MARSEILLE ST CHARLES;299;195;0;;59;18.82033898305085;5.535299145299144;;57;39.966474631933416;14.8642735;;57;46.45906432748537;33;12;28.070175438596507;8.771929824561413;21.05263157894736;17.54385964912282;10.526315789473667;14.035087719298268
2022-06;National;POITIERS;PARIS MONTPARNASSE;100;468;1;;178;9.205243446;3.394946237;;92;21.55597826;5.339749104;;41;34.80772358;10;6;12.64367816;29.88505747;24.13793103;21.83908046;3.448275862;8.045977011
2022-06;National;LAVAL;PARIS MONTPARNASSE;83;278;1;;77;9.380519481;2.522683514;;36;21.39814815;3.419614922;;11;49.13181818;7;3;22.857142857142897;31.42857143;25.71428571;2.857142857;2.857142857;14.28571429
2022-06;National;PARIS LYON;SAINT ETIENNE CHATEAUCREUX;176;114;95;;20;25.15083333;4.986842105;;5;66.24333333;20.3377193;;4;79.1625;3;2;20.0;40.0;20.0;20.0;0.0;0.0
2022-06;National;PARIS MONTPARNASSE;TOULOUSE MATABIAU;261;179;0;;23;22.51594203;2.563407821;;36;50.58564814814821;10.88212291;;36;50.58564815;24;8;33.33333333;38.88888889;0.0;5.555555555555561;11.11111111;11.11111111
2022-06;National;PARIS NORD;DUNKERQUE;130;171;0;;27;18.00925926;2.621568627;;17;46.0;3.588235294;;12;59.75;7;3;6.25;37.5;18.75;12.5;18.75;6.25
2022-06;National;STRASBOURG;PARIS EST;117;543;1;;298;14.3033557;7.710639606396059;;124;32.2563172;8.506642066;;106;35.43694969;49;7;5.64516129;9.677419355;46.774193548387096;19.35483871;4.838709677;13.70967742
2022-06;National;ARRAS;PARIS NORD;51;483;4;;266;11.49229323;5.906993737;;102;28.71062092;6.927627001;;47;50.5606383;30;11;14.58333333;26.041666666666703;33.33333333;16.66666667;7.291666667;2.0833333333333304
2022-06;National;DIJON VILLE;PARIS LYON;99;381;4;;154;9.979545455;4.196044444;;41;49.30284553;5.953244444444441;;34;56.78088235;20;10;25.0;27.500000000000004;25.0;15.0;5.000000000000001;2.5000000000000004
2022-06;National;ANGERS SAINT LAUD;PARIS MONTPARNASSE;95;531;1;;241;12.63782849;5.893346008;;86;36.97868217;5.705259823;;58;48.93965517;33;13;8.333333333;32.14285714;20.23809524;13.095238095238098;11.9047619;14.28571429
2022-06;International;PARIS LYON;BARCELONA;403;47;0;;17;12.56568627;4.417375887;;11;70.18181818;18.25531915;;11;70.18181818;7;6;27.27272727;36.36363636;9.090909091;27.27272727;0.0;0.0
2022-06;International;PARIS LYON;GENEVE;195;218;0;;52;26.63044872;6.225;;53;42.23459119;12.13218654;;53;42.234591194968594;26;9;15.09433962;16.981132075471702;16.981132075471702;22.64150943;24.52830189;3.773584906
2022-06;International;PARIS LYON;LAUSANNE;231;168;1;;32;20.3484375;3.7660678642714593;;32;39.2296875;8.725249501;;32;39.2296875;13;7;15.625;31.25;15.625;18.75;15.625;3.125
2022-06;National;BORDEAUX ST JEAN;TOURCOING;339;27;0;;5;17.62;3.05;;2;20.5;0.518518519;;2;20.5;0;0;0.0;0.0;50.0;0.0;50.0;0.0
2022-06;National;MARSEILLE ST CHARLES;MARNE LA VALLEE;212;274;0;;47;23.18297872;3.789416058;;73;44.1760274;14.68978102;;73;44.1760274;39;14;24.65753425;17.80821918;17.80821918;21.91780822;8.219178082;9.589041096
2022-06;National;PARIS LYON;AVIGNON TGV;161;443;0;;86;32.72693798;6.194958616;;94;50.84219858;11.80707299;;71;62.94906103;45;27;21.27659574;14.89361702;12.765957446808502;28.723404255319203;20.212765957446795;2.127659574
2022-06;National;PARIS MONTPARNASSE;ST MALO;152;94;1;;7;10.52380952;0.561827957;;6;28.34444444;2.164336918;;4;35.17083333;3;0;16.66666667;33.33333333;0.0;33.33333333;0.0;16.66666667
2022-06;National;TOULOUSE MATABIAU;PARIS MONTPARNASSE;270;181;0;;12;48.65277778;3.238950276;;30;52.09277778;10.86325967;;30;52.09277778;20;6;30.0;33.33333333;16.66666667;6.666666667;6.666666667;6.666666667
2022-06;National;AIX EN PROVENCE TGV;PARIS LYON;184;475;0;;214;11.04369159;5.002572234;;90;57.84277778;12.78491896;;87;59.40153257;52;28;27.77777778;30.0;20.0;6.666666667;14.444444444444398;1.1111111111111098
2022-06;National;MARSEILLE ST CHARLES;LILLE;285;206;0;;30;21.224999999999984;2.9069579288025875;;62;47.11551924473497;16.127508090614914;;62;46.10134408602154;31;11;17.74193548387095;17.741935483870957;16.129032258064516;19.354838709677416;6.451612903225791;22.58064516129033
2022-06;National;ST PIERRE DES CORPS;PARIS MONTPARNASSE;64;540;0;;235;7.355886525;3.334753086;;93;20.80089606;4.569166667;;35;39.92619048;12;6;8.139534883720929;26.74418605;23.25581395;18.60465116;8.139534883720929;15.11627907
2022-06;National;LYON PART DIEU;MARNE LA VALLEE;109;362;2;;263;14.12116603;10.49541199;;130;35.91948718;13.87106742;;97;43.37079037800691;50;18;16.92307692;18.46153846;22.30769231;23.07692308;7.692307692;11.53846154
2022-06;National;PARIS MONTPARNASSE;VANNES;152;267;0;;47;11.26666667;1.649500624;;58;31.405172413793096;7.887640449438201;;44;37.375;17;6;10.34482759;25.86206897;12.06896552;20.68965517;8.620689655172411;22.413793103448302
2022-06;National;AVIGNON TGV;PARIS LYON;164;460;0;;208;10.705048076923102;4.838183807;;106;46.60251572;12.31659373;;75;60.44888889;44;27;24.52830189;28.30188679;24.52830189;10.37735849;9.433962264;2.830188679
2022-06;National;PARIS LYON;DIJON VILLE;97;392;3;;78;25.63354701;5.060154242;;61;42.39863388;7.262982005141379;;49;49.5292517;26;12;13.1147541;14.754098360655703;19.67213115;34.42622951;14.754098360655703;3.278688525
2022-06;National;PARIS LYON;MONTPELLIER;210;241;0;;60;21.93527778;5.306846473;;42;58.48809524;11.23360996;;42;58.48809524;26;16;28.57142857;19.04761905;7.142857143;33.33333333;7.142857143;4.761904762
2022-06;National;PARIS LYON;VALENCE ALIXAN TGV;132;392;0;;102;25.08104575;6.341284013605439;;80;44.31833333;10.65578231;;65;51.29333333;42;20;13.92405063;8.860759494;17.72151899;55.69620253;3.797468354;0.0
2022-06;National;PARIS MONTPARNASSE;ANGOULEME;123;292;1;;45;23.2937037;2.78069874;;52;26.44166667;6.448224513;;32;34.77552083;13;2;7.843137255;21.56862745;17.64705882;19.607843137254903;23.52941176;9.803921568627452
2022-06;National;PARIS MONTPARNASSE;TOURS;73;185;1;;25;9.02;0.832155797;;28;22.51369048;3.864855072;;13;35.54102564;5;2;14.81481481;14.81481481;18.518518518518498;37.03703704;11.11111111;3.703703704
2022-06;National;BELLEGARDE (AIN);PARIS LYON;165;228;0;;101;7.395709571;3.307383041;;69;32.20700483;11.96761696;;49;40.02278912;20;7;15.94202899;27.53623188;34.7826087;10.14492754;5.7971014492753605;5.7971014492753605
2022-06;National;DOUAI;PARIS NORD;75;178;1;;48;12.76388889;3.5521657250470806;;38;26.319298245614004;6.719114878;;18;44.4537037;11;4;11.42857143;28.57142857;34.285714285714306;14.28571429;8.571428571;2.857142857
2022-06;National;MARSEILLE ST CHARLES;TOURCOING;306;30;0;;9;28.837037037037003;8.44;;11;57.18181818181821;20.58333333;;11;57.18181818;8;4;45.454545454545496;9.090909091;18.18181818;0.0;18.18181818;9.090909091
2022-06;National;NANCY;PARIS EST;95;297;0;;54;7.511728395;1.375701459;;19;26.65701754;2.633950617;;11;38.4530303;6;2;11.11111111;22.22222222;11.11111111;38.88888889;5.555555556;11.11111111
2022-06;National;PARIS MONTPARNASSE;RENNES;96;801;0;;114;11.76856725;1.333999168;;75;24.54777778;2.401144403;;47;32.62659574;17;2;14.28571429;27.142857142857103;11.42857143;20.0;12.85714286;14.28571429
2022-07;National;PARIS LYON;GRENOBLE;184;156;1;;45;21.79111111;6.215913978;;26;46.384615384615394;9.038709677;;26;46.38461538;18;6;3.846153846;3.846153846;11.53846154;61.53846154;15.38461538;3.846153846
2022-07;National;PARIS MONTPARNASSE;TOURS;74;162;1;;26;16.38205128;1.410144928;;24;23.89027778;4.171014493;;6;66.29166667;4;2;10.000000000000002;15.0;20.000000000000004;30.0;15.0;10.000000000000002
2022-07;National;STRASBOURG;NANTES;319;57;1;;10;14.83166667;2.595238095;;9;36.74814815;7.080952381;;9;36.74814815;3;2;11.11111111;11.11111111;0.0;22.22222222;11.11111111;44.44444444
2022-07;National;AIX EN PROVENCE TGV;PARIS LYON;184;496;2;;276;13.26485507;7.415348208;;123;45.99661247;13.68806626;;118;47.34887006;64;28;14.63414634;26.82926829;21.13821138;13.00813008;17.886178861788597;6.504065041
2022-07;National;BELLEGARDE (AIN);PARIS LYON;166;248;1;;94;11.22570922;4.291025641;;71;37.3600939;13.41963563;;41;55.09430894;19;13;5.633802817;25.352112676056297;39.43661972;12.67605634;8.450704225;8.450704225
2022-07;National;PARIS NORD;DUNKERQUE;130;161;7;;29;19.61091954;3.398376623;;31;42.51612903;8.326948052;;22;54.68181818;14;6;32.25806452;25.80645161;12.903225806451598;9.677419355;12.903225806451598;6.4516129032258105
2022-07;National;PARIS EST;STRASBOURG;116;575;7;;107;13.42087227;2.567723005;;53;31.37106918;3.261003521;;34;41.57009804;17;4;9.615384615;30.76923077;11.53846154;15.38461538;19.23076923;13.46153846
2022-07;National;POITIERS;PARIS MONTPARNASSE;98;445;3;;197;14.67834179;6.3697656840514005;;84;37.35972222;8.025434618;;55;50.73363636;27;14;12.5;13.750000000000002;15.0;20.0;3.75;35.0
2022-07;National;LYON PART DIEU;PARIS LYON;120;629;2;;370;9.002387387;5.481993569;;140;28.242023809523804;8.316693462;;89;36.88614232;38;14;8.571428571;4.285714286;32.14285714;23.571428571428594;15.71428571;15.71428571
2022-07;National;PARIS LYON;MULHOUSE VILLE;170;320;4;;90;21.61;6.113976793;;58;45.03563218;8.679799578;;46;53.29347826;28;13;6.896551724;10.34482759;15.51724138;34.48275862;17.24137931;15.51724138
2022-07;National;PARIS MONTPARNASSE;QUIMPER;223;242;3;;47;16.52624113;2.234030683;;40;41.3;8.071129707;;40;41.3;17;7;26.31578947;13.15789474;13.15789474;21.05263158;5.263157895;21.05263158
2022-07;International;LAUSANNE;PARIS LYON;232;186;0;;151;3.745474614;3.2808052434456894;;25;47.528;8.888670412;;25;47.528;13;6;16.0;16.0;28.000000000000004;20.0;8.0;12.0
2022-07;International;PARIS LYON;LAUSANNE;231;186;8;;44;26.86022727;5.600093633;;38;42.12368421;10.37331461;;38;42.12368421;18;6;5.405405405;13.51351351;21.62162162;35.13513514;16.21621622;8.108108108
2022-07;National;LILLE;LYON PART DIEU;184;341;4;;195;8.531880341880347;4.994356144796463;;95;36.87138516059715;13.934202617362814;;68;47.54632352941176;28;12;6.315789473684218;13.684210526315775;27.368421052631604;28.421052631578924;7.368421052631581;16.842105263157922
2022-07;National;PARIS MONTPARNASSE;BORDEAUX ST JEAN;140;1025;20;;193;23.75595855;4.161807629;;204;37.80318627;9.282620232;;157;45.13375796;77;31;12.10526316;11.57894737;12.63157895;28.94736842;17.36842105;17.36842105
2022-07;National;PARIS MONTPARNASSE;POITIERS;92;608;7;;85;22.44431373;2.802995008;;64;40.29973958;5.61530782;;43;54.51395349;21;10;15.0;5.0;11.66666667;46.66666667;8.333333333;13.33333333
2022-07;National;PARIS MONTPARNASSE;ST PIERRE DES CORPS;62;509;4;;78;19.2525641;2.624059406;;69;29.49033816;4.592970297;;32;52.60520833;11;7;9.677419355;8.064516129;17.74193548;45.16129032;11.29032258;8.064516129
2022-07;National;TOURS;PARIS MONTPARNASSE;75;158;0;;18;15.58981481;1.745010616;;34;23.84558824;6.08418259;;12;48.87222222;4;3;13.79310345;20.68965517;44.827586206896605;10.34482759;3.448275862;6.896551724
2022-07;International;ITALIE;PARIS LYON;428;92;1;;80;43.37208333;38.21153846;;46;49.30543478;27.72490842;;46;49.30543478;22;8;36.95652174;8.695652173913041;34.78260869565219;17.391304347826097;0.0;2.1739130434782603
2022-07;National;ARRAS;PARIS NORD;50;471;17;;230;12.98789855;6.672653363;;112;35.15267857;9.219955654;;59;58.55;42;22;20.0;30.909090909090903;34.545454545454504;7.272727272727268;2.7272727272727297;4.545454545454549
2022-07;National;LYON PART DIEU;MARSEILLE ST CHARLES;105;565;1;;419;14.65214797;10.95729905;;220;36.58007576;15.95065012;;165;44.29545455;82;31;14.09090909;10.0;37.272727272727295;13.18181818;5.454545454545451;20.0
2022-07;National;PARIS EST;NANCY;97;297;7;;59;12.316384180790998;2.571551724;;32;26.79114583;3.54954023;;20;35.31666667;7;4;9.375;18.75;21.875;34.375;6.25;9.375
2022-07;National;PARIS LYON;BELLEGARDE (AIN);166;245;0;;70;25.78380952;7.268231293;;78;41.46068376;15.05782313;;60;49.401388888888896;34;11;7.792207792;15.58441558;18.18181818;41.55844156;15.58441558;1.298701299
2022-07;National;PARIS LYON;MONTPELLIER;210;336;3;;129;28.125323;10.09834835;;109;52.89877676;19.07592593;;109;52.89877676;64;28;7.339449541;19.26605505;15.59633028;43.11926606;8.256880734;6.422018348623849
2022-07;National;PARIS LYON;VALENCE ALIXAN TGV;132;468;5;;184;28.97300725;11.30820734;;160;44.83270833;17.00539957;;129;52.37080103;82;36;3.773584906;8.805031447;16.35220126;61.635220125786205;5.031446541;4.402515723
2022-07;National;PARIS MONTPARNASSE;BREST;226;247;4;;45;14.11444444;1.593004115;;29;108.5689655;14.01440329;;29;108.5689655;13;6;37.931034482758605;6.896551724;3.448275862;17.24137931;17.24137931;17.24137931
2022-07;National;PARIS MONTPARNASSE;NANTES;130;586;1;;60;13.34694444;1.04968661;;46;32.76594203;2.146267806;;38;36.73859649;21;3;13.043478260869602;8.695652173913041;8.695652173913041;8.695652173913041;21.73913043;39.130434782608695
2022-07;National;PARIS LYON;MARSEILLE ST CHARLES;196;556;0;;159;23.65618449;6.599370504;;138;51.47560386;15.39460432;;138;51.47560386;89;34;10.2189781;14.59854015;17.51824818;31.386861313868604;16.05839416;10.2189781
2022-07;National;PARIS LYON;PERPIGNAN;308;278;11;;111;29.08303303;11.22047441;;106;63.94103774;27.14307116;;106;63.94103774;77;37;8.490566037735851;19.81132075;20.75471698;41.50943396;2.830188679;6.603773585
2022-07;National;PARIS MONTPARNASSE;ST MALO;150;121;1;;17;11.62745098;1.220555556;;14;31.91547619;4.448472222;;11;36.68636364;6;1;21.42857143;14.28571429;7.142857143;35.71428571;7.142857143;14.28571429
2022-07;International;MADRID;MARSEILLE ST CHARLES;481;31;4;;0;0.0;0.0;;5;0.0;21.28950617;;5;87.69666667;4;3;20.0;20.0;20.0;40.0;0.0;0.0
2022-07;International;PARIS LYON;ZURICH;249;42;4;;10;23.45;4.262280702;;6;44.43888889;5.810964912;;6;44.43888889;3;1;20.000000000000004;20.000000000000004;0.0;20.000000000000004;40.00000000000001;0.0
2022-07;National;AVIGNON TGV;PARIS LYON;165;527;1;;341;12.58367546;8.131115336;;177;37.65;14.31546261;;130;46.4974359;70;27;15.34090909;27.84090909;22.15909091;14.20454545;11.36363636;9.090909091
2022-07;National;GRENOBLE;PARIS LYON;181;156;5;;10;21.6;1.435540839;;28;33.58154762;9.685540839;;20;41.77416667;11;4;10.71428571;25.0;35.71428571;21.42857143;7.142857143;0.0
2022-07;International;GENEVE;PARIS LYON;196;223;1;;168;4.606150794;3.704185693;;40;55.53416667;14.07130898;;40;55.53416666666671;18;13;10.0;27.500000000000004;25.0;17.5;10.0;10.0
2022-07;International;MARSEILLE ST CHARLES;MADRID;463;31;2;;6;10.20833333;0.6;;0;0.0;0.0;;0;0.0;0;0;0.0;0.0;0.0;0.0;0.0;0.0
2022-07;International;PARIS LYON;GENEVE;193;223;2;;65;23.63948718;6.3159879336349904;;72;36.32453704;13.43891403;;72;36.32453704;34;5;8.571428571;17.14285714;17.14285714;38.57142857;17.14285714;1.428571429
2022-07;National;LYON PART DIEU;LILLE;188;334;4;;269;17.66065675340771;14.416464646464698;;143;50.95837102437008;22.10959595959596;;126;51.44431216931218;69;34;18.455228981544742;17.734896682265113;32.598979967400986;9.217098691;12.776696987223335;9.217098691
2022-07;National;NANCY;PARIS EST;95;294;5;;56;10.53958333;2.112168397;;29;27.24770115;2.970184544;;21;32.65793651;9;1;17.24137931;34.48275862;6.896551724;17.24137931;13.79310345;10.34482759
2022-07;National;BORDEAUX ST JEAN;PARIS MONTPARNASSE;139;1033;18;;596;26.66459732;15.50378414;;376;46.19849291;18.37189865;;312;53.05502137;202;71;40.15957447;17.0212766;10.63829787;14.89361702;8.244680851;9.042553191
2022-07;National;PARIS EST;REIMS;45;213;2;;37;15.488288288288302;2.77235387;;26;25.00128205;3.839652449;;10;47.30333333;8;3;11.53846154;23.07692308;11.53846154;19.23076923;23.07692308;11.53846154
2022-07;National;PARIS MONTPARNASSE;LAVAL;78;283;2;;43;17.7248062;2.346204033;;49;19.48503401;3.904685647;;15;42.49111111;5;4;2.325581395;11.62790698;25.58139535;20.93023256;13.95348837;25.58139535
2022-07;National;BORDEAUX ST JEAN;TOURCOING;337;31;1;;8;4.039583333;0.830555556;;3;88.33333333;7.333333333;;3;88.33333333;3;2;33.33333333;0.0;33.33333333;0.0;0.0;33.33333333
2022-07;National;PARIS LYON;LE CREUSOT MONTCEAU MONTCHANIN;83;198;0;;39;20.70128205;3.997727273;;38;31.04736842;6.810858585858591;;18;54.64074074;12;7;5.263157895;21.05263158;21.05263158;31.57894737;18.42105263;2.631578947
2022-07;National;PARIS LYON;MACON LOCHE;97;245;0;;66;23.05883838;6.097687075;;49;45.67006803;11.4214966;;40;52.978750000000005;22;11;4.081632653;6.12244898;16.32653061;59.18367347;14.28571429;0.0
2022-07;National;PARIS MONTPARNASSE;RENNES;97;863;4;;152;17.02467105;2.632693054;;119;27.713585434173705;4.174990299;;58;46.40258621;30;12;9.322033898;10.16949153;16.10169492;23.728813559322003;18.6440678;22.03389831
2022-07;National;PARIS LYON;NIMES;179;336;2;;129;28.125323;10.06851297;;144;41.06782407;19.32310379;;109;49.92370031;65;27;4.929577465;12.67605634;24.647887323943703;43.66197183098591;6.3380281690140805;7.746478873
2022-07;National;PARIS MONTPARNASSE;LE MANS;55;499;3;;55;18.24181818;1.638104839;;48;24.1125;2.473252688;;17;50.84215686;9;3;4.444444444444439;13.33333333;26.66666667;20.000000000000004;28.888888888888896;6.666666667
2022-07;National;PERPIGNAN;PARIS LYON;312;290;2;;112;15.11175595;5.891306954;;127;44.65748031;21.77643885;;127;44.65748031;61;28;33.85826772;19.68503937007869;26.77165354;11.02362205;3.937007874;4.724409449
2022-07;International;BARCELONA;PARIS LYON;407;62;0;;47;5.234397163;3.935752688;;36;46.06851852;28.52741935;;36;46.06851852;16;8;50.0;22.22222222;22.22222222;5.555555555555561;0.0;0.0
2022-07;National;BESANCON FRANCHE COMTE TGV;PARIS LYON;134;168;1;;47;5.396808511;1.391818182;;17;31.30686275;3.7756565656565706;;10;44.245;6;3;25.0;6.25;43.75;6.25;6.25;12.5
2022-07;National;LYON PART DIEU;MONTPELLIER;115;332;7;;237;14.26589311;9.733641026;;100;37.69516667;12.23825641;;75;45.78711111;36;9;15.151515151515198;11.11111111;25.25252525;22.22222222;5.050505051;21.21212121
2022-07;National;NIMES;PARIS LYON;178;327;2;;200;21.83816667;13.455298353909498;;165;39.60090909;21.5031893;;143;43.65617716;63;30;30.303030303030297;15.75757576;29.09090909;10.3030303;7.878787879;6.666666667
2022-07;National;PARIS MONTPARNASSE;TOULOUSE MATABIAU;260;203;3;;42;24.06269841;4.640666667;;57;55.8248538;16.80266667;;57;55.8248538;37;15;33.33333333;14.03508772;12.28070175;21.05263158;8.771929825;10.52631579
2022-07;National;LA ROCHELLE VILLE;PARIS MONTPARNASSE;177;227;1;;31;30.42849462;4.18879056;;26;68.73525641025638;9.748967552;;20;85.29583333;12;9;23.07692308;23.07692308;15.38461538;7.692307692;0.0;30.76923077
2022-07;National;VANNES;PARIS MONTPARNASSE;156;288;1;;180;4.591851852;2.930340376;;39;24.31495726;4.657394366;;23;32.12536232;5;1;23.684210526315795;31.57894737;10.52631579;10.52631579;5.263157894736841;18.42105263
2022-07;National;PARIS NORD;ARRAS;48;464;20;;91;22.60879121;4.354241742;;94;31.17446809;7.270758258;;53;48.01352201;29;13;23.07692308;26.37362637;14.28571429;16.48351648;15.38461538;4.395604396
2022-07;International;PARIS EST;STUTTGART;189;146;15;;24;15.220138888888902;2.345165394;;26;35.01666667;11.81564885;;26;35.01666667;11;4;3.846153846;15.38461538;42.30769231;26.92307692;3.846153846;7.692307692
2022-07;National;MARSEILLE ST CHARLES;MARNE LA VALLEE;212;286;2;;72;15.12337963;3.691255869;;97;45.04072165;17.8778169;;97;45.04072165;56;18;14.58333333;16.666666666666703;27.083333333333297;13.54166667;22.916666666666703;5.208333333
2022-07;National;PARIS MONTPARNASSE;VANNES;152;269;1;;52;16.87916667;2.952860697;;63;34.26190476;9.550373134;;50;39.97;21;9;18.032786885245898;13.1147541;13.1147541;19.67213115;9.836065574;26.2295082
2022-07;National;BREST;PARIS MONTPARNASSE;229;265;3;;25;33.056;3.203100775;;32;78.03541667;11.8370155;;32;78.03541667;14;8;40.625;21.875;3.125;18.75;6.25;9.375
2022-07;National;NANTES;STRASBOURG;321;57;0;;11;21.99393939;4.221929825;;8;54.54166667;8.604678363;;8;54.54166667;5;4;0.0;0.0;37.5;25.0;0.0;37.5
2022-07;National;MARSEILLE ST CHARLES;LILLE;285;208;2;;51;13.851307189542494;3.291909385113268;;78;49.08113289760348;19.89215210355988;;78;48.49914529914529;45;19;19.230769230769194;17.94871794871798;29.48717948717947;8.974358974358971;16.666666666666664;7.692307692307697
2022-07;National;MARSEILLE ST CHARLES;LYON PART DIEU;104;589;2;;189;14.74082892;4.612208972;;156;41.21570513;12.9028109;;128;47.28776042;72;29;13.5483871;18.06451613;21.93548387;19.35483871;17.41935484;9.677419355
2022-07;National;SAINT ETIENNE CHATEAUCREUX;PARIS LYON;169;119;0;;32;4.157291667;1.609502924;;36;28.93518519;11.32397661;;21;40.07063492;11;3;13.88888889;5.555555555555561;33.33333333;22.22222222;13.88888889;11.11111111
2022-07;National;LE CREUSOT MONTCEAU MONTCHANIN;PARIS LYON;83;211;0;;120;10.37375;5.974358974;;70;20.25571429;7.818990385;;26;38.39102564;13;5;7.462686567;2.985074627;40.29850746;16.41791045;11.94029851;20.89552239
2022-07;National;MARNE LA VALLEE;LYON PART DIEU;109;414;5;;329;11.47938197;9.283659332;;120;36.93069444;13.69608802;;83;47.46365462;36;16;8.333333333;13.33333333;27.500000000000004;25.833333333333304;10.0;15.0
2022-07;National;MONTPELLIER;LYON PART DIEU;114;272;1;;106;16.58569182;6.584753086;;76;36.06030702;12.12074074;;66;39.4489899;31;10;13.33333333;20.0;20.0;12.0;21.33333333;13.33333333
2022-07;National;PARIS LYON;BESANCON FRANCHE COMTE TGV;130;153;1;;33;28.00050505;5.998135965;;28;48.64761905;10.48486842;;25;52.86066667;11;7;17.85714286;7.142857143;14.28571429;46.42857143;7.142857143;7.142857143
2022-07;National;PARIS LYON;LYON PART DIEU;121;620;2;;130;21.04807692;4.234735707;;99;37.68552189;7.909088457;;74;46.03918919;44;18;5.050505051;8.080808081;13.13131313;41.41414141;25.25252525;7.070707071
2022-07;National;PARIS LYON;TOULON;236;375;3;;123;25.40162602;8.262141577;;129;50.7505168;19.48799283;;129;50.7505168;77;36;7.8125;15.625;17.96875;35.15625;14.0625;9.375
2022-07;National;QUIMPER;PARIS MONTPARNASSE;225;254;1;;14;13.92857143;0.78;;21;31.57936508;4.811866667;;21;31.57936508;4;1;25.0;40.0;0.0;20.0;0.0;15.0
2022-07;National;REIMS;PARIS EST;46;210;3;;46;8.680434783;2.092834138;;21;22.523809523809497;2.409259259;;10;36.06166667;6;1;9.523809524;33.33333333;19.04761905;9.523809524;19.04761905;9.523809524
2022-07;National;VALENCE ALIXAN TGV;PARIS LYON;133;535;5;;426;21.18615023;17.3116539;;254;42.09612861;21.03617497;;209;48.31379585;106;51;22.83464567;16.53543307;29.13385827;12.5984252;11.02362205;7.874015748
2022-07;National;RENNES;PARIS MONTPARNASSE;96;832;5;;347;12.52401537;5.261872977346281;;175;32.68638095;7.779085761;;86;55.84534884;33;16;23.97660819;15.78947368;12.28070175;18.12865497;7.602339181286551;22.22222222
2022-07;National;DUNKERQUE;PARIS NORD;130;156;6;;9;29.88888889;1.829931973;;22;48.58787879;8.364399093;;18;56.64444444;12;8;27.27272727;36.36363636;27.27272727;4.545454545454549;0.0;4.545454545454549
2022-07;International;PARIS LYON;ITALIE;424;92;0;;29;20.84712644;6.45615942;;31;59.74193548;20.84782609;;31;59.74193548;26;10;6.666666667;16.66666667;30.0;43.33333333;0.0;3.333333333
2022-07;National;CHAMBERY CHALLES LES EAUX;PARIS LYON;174;224;2;;159;14.891090146750498;10.528228228228198;;99;37.14242424;19.18475976;;89;39.88464419;37;10;32.32323232;8.080808081;42.42424242;14.14141414;1.01010101;2.02020202
2022-07;National;LYON PART DIEU;MARNE LA VALLEE;109;383;4;;298;17.95016779;14.20868607;;163;38.38343558;18.24171076;;133;44.04135338;71;26;14.9068323;13.043478260869602;27.95031056;14.28571429;16.77018634;13.043478260869602
2022-07;National;LYON PART DIEU;RENNES;230;123;0;;118;15.60310734;14.97845528;;52;42.05128205;21.23739837;;52;42.05128205;22;11;7.692307692;21.15384615;34.61538461538459;19.23076923;5.769230769;11.53846154
2022-07;National;MARNE LA VALLEE;MARSEILLE ST CHARLES;213;287;3;;198;13.35816498;9.374413146;;91;49.12509158;18.22869718;;91;49.12509158;48;18;16.48351648;13.18681319;35.16483516;12.087912087912098;7.692307692;15.38461538
2022-07;National;PARIS LYON;DIJON VILLE;96;394;6;;82;25.20569106;5.239261168;;64;44.578125;8.117225086;;50;53.27433333333331;29;16;7.8125;4.6875;14.0625;46.875;10.9375;15.625
2022-07;National;PARIS LYON;NICE VILLE;357;319;2;;105;25.53968254;8.315825447;;96;47.54826389;15.448212407991598;;96;47.54826389;54;21;17.70833333;20.83333333;10.41666667;30.208333333333297;13.54166667;7.291666667
2022-07;National;PARIS MONTPARNASSE;LA ROCHELLE VILLE;176;238;2;;36;26.38055556;3.658333333;;33;58.43939393939391;9.608050847;;30;62.98333333;18;8;18.18181818;24.24242424;3.03030303;27.27272727;9.090909091;18.18181818
2022-07;National;ST PIERRE DES CORPS;PARIS MONTPARNASSE;61;554;4;;252;14.83412698;6.923181818;;139;30.33884892;8.380333333;;65;53.36435897;31;18;11.11111111;15.87301587;31.74603175;12.6984127;5.555555556;23.01587302
2022-07;National;ANGOULEME;PARIS MONTPARNASSE;127;321;6;;205;19.90813008;13.08327974;;95;43.03684211;13.3278671;;79;49.17025316;40;18;20.0;13.684210526315798;13.684210526315798;18.94736842;12.63157895;21.05263158
2022-07;National;TOULOUSE MATABIAU;PARIS MONTPARNASSE;265;199;1;;44;25.00340909;5.615143824;;70;60.075;23.91827411;;70;60.075;42;20;40.0;25.71428571;7.142857143;7.142857143;14.28571429;5.714285714
2022-07;International;FRANCFORT;PARIS EST;232;173;2;;119;4.921568627;3.517156863;;31;36.0844086;8.414803922;;31;36.0844086;12;3;0.0;12.903225806451598;70.96774194;9.677419355;0.0;6.4516129032258105
2022-07;National;ANNECY;PARIS LYON;222;122;1;;8;6.75;0.45;;43;29.80658915;13.30291667;;43;29.80658915;15;2;34.88372093;4.651162791;41.86046511627911;13.95348837;2.325581395;2.325581395
2022-07;International;PARIS LYON;BARCELONA;403;62;0;;33;21.74242424;11.49139785;;29;60.72413793;30.27419355;;29;60.72413793;23;11;10.34482759;20.68965517;10.34482759;41.37931034;3.448275862;13.79310345
2022-07;International;ZURICH;PARIS LYON;245;46;1;;26;2.291025641;1.645454545;;6;75.75;12.423484848484804;;6;75.75;3;2;0.0;0.0;33.33333333;33.33333333;0.0;33.33333333
2022-07;National;PARIS NORD;LILLE;66;629;7;;143;25.072843822843843;5.448392282958196;;134;40.71940078017968;8.490728831725608;;84;57.88432539682537;49;25;19.53277092796885;16.515249837767698;14.300778715120083;20.287151200519123;24.091499026606105;5.272550292018168
2022-07;National;DIJON VILLE;PARIS LYON;100;378;3;;174;8.72816092;4.122727273;;46;33.47355072;5.154367201;;28;46.82678571;16;7;17.77777778;13.33333333;40.0;13.33333333;11.111111111111098;4.444444444
2022-07;National;MACON LOCHE;PARIS LYON;97;243;2;;206;19.03487055;16.54774965;;112;35.33139881;18.61371308;;99;38.31565657;43;14;31.25;8.035714286;40.17857143;11.60714286;5.357142857;3.571428571
2022-07;National;MULHOUSE VILLE;PARIS LYON;171;316;3;;143;6.181118881;2.824653887;;43;37.61046512;6.299840256;;32;46.11458333;14;6;20.93023256;9.302325581395351;32.55813953;18.604651162790702;9.302325581395351;9.302325581395351
2022-07;National;NICE VILLE;PARIS LYON;354;311;2;;56;16.21160714;2.788673139;;76;39.6875;12.00582524;;76;39.6875;46;11;5.263157895;19.73684211;42.105263157894704;15.78947368;11.84210526;5.263157895
2022-07;National;PARIS EST;METZ;85;261;7;;44;18.1719697;3.221259843;;26;32.17692308;3.63812336;;13;52.61538462;6;3;7.692307692;26.92307692;7.692307692;26.92307692;11.53846154;19.23076923
2022-07;National;ST MALO;PARIS MONTPARNASSE;152;121;0;;13;15.67820513;1.640555556;;17;32.30294118;5.75;;15;34.81000000000001;7;2;29.41176471;5.882352941;5.882352941;29.41176471;0.0;29.41176471
2022-07;National;STRASBOURG;PARIS EST;116;552;8;;300;13.786277777777798;7.662093308778401;;124;30.34327957;7.849140577041131;;95;35.48912281;37;10;5.785123967;13.2231405;57.02479338842979;11.57024793;4.958677686;7.438016529
2022-07;International;PARIS EST;FRANCFORT;229;172;1;;41;16.63130081;4.017738791;;51;40.26045752;15.885087719298298;;51;40.26045752;22;8;0.0;18.75;50.0;20.83333333;6.25;4.166666667
2022-07;National;LE MANS;PARIS MONTPARNASSE;56;418;1;;186;10.09444444;4.488009592;;73;23.13424658;4.571502798;;33;39.38181818;14;5;12.30769231;16.92307692;16.92307692;16.92307692;9.230769231;27.69230769
2022-07;National;LILLE;PARIS NORD;69;668;9;;224;18.21011904761907;6.028230437063272;;151;43.28098938278145;11.038186365424574;;97;66.41271477663234;67;37;28.01938963610297;18.63862907079944;20.61855670103093;11.353860858878924;14.699255820304511;6.670307912883184
2022-07;National;MARSEILLE ST CHARLES;PARIS LYON;198;539;2;;179;15.73370577;5.121067416;;136;46.05723039;14.09060549;;136;46.05723039;80;24;12.5;25.0;22.79411765;13.970588235294102;18.38235294;7.352941176
2022-07;National;PARIS LYON;AIX EN PROVENCE TGV;184;486;0;;129;25.04263566;6.454355281;;112;51.98407738;14.08748285;;111;52.32687688;76;28;6.306306306;20.72072072;13.51351351;37.83783784;13.51351351;8.108108108
2022-07;National;PARIS LYON;SAINT ETIENNE CHATEAUCREUX;174;119;7;;22;22.26590909;4.294196429;;38;25.91535088;10.76473214;;23;34.37173913;9;4;7.894736842;2.631578947;31.57894737;21.05263158;36.84210526;0.0
2022-07;National;RENNES;LYON PART DIEU;239;123;0;;38;17.27719298;5.478590786;;16;57.88125;10.14661247;;16;57.88125;10;4;6.25;12.5;18.75;0.0;12.5;50.0
2022-07;National;METZ;PARIS EST;86;296;7;;110;10.15681818;3.984452297;;54;21.95462963;4.154770318;;27;33.50740741;8;3;10.0;22.0;24.0;26.0;4.0;14.000000000000002
2022-07;National;NANTES;PARIS MONTPARNASSE;130;634;3;;213;11.59593114;3.8221077654516606;;89;34.1252809;5.898626519;;63;42.9484127;36;15;13.95348837;22.09302326;12.79069767;13.95348837;3.488372093;33.720930232558096
2022-07;National;PARIS LYON;CHAMBERY CHALLES LES EAUX;175;233;1;;72;23.45625;7.156752874;;72;43.36226852;14.60402299;;55;52.61181818;38;15;4.225352113;11.267605633802798;21.12676056;50.70422535;8.450704225;4.225352113
2022-07;National;MONTPELLIER;PARIS LYON;210;327;2;;220;19.23401515;13.07860082;;143;43.65617716;21.5031893;;143;43.65617716;63;30;30.76923077;16.78321678;25.17482517;11.88811189;9.090909091;6.293706294
2022-07;National;PARIS LYON;ANNECY;223;129;2;;39;25.40470085;7.686614173;;32;55.625;17.24015748;;32;55.625;25;11;6.25;9.375;25.0;40.625;15.625;3.125
2022-07;National;PARIS NORD;DOUAI;68;119;5;;24;26.46388889;5.367397661;;31;35.58978495;10.68991228;;21;48.06190476;11;5;16.12903226;25.80645161;19.35483871;25.80645161;6.4516129032258105;6.4516129032258105
2022-07;National;TOULON;PARIS LYON;241;361;2;;112;14.61636905;4.534543762;;88;41.26666667;12.3457635;;88;41.26666667;52;13;6.818181818;20.45454545;42.04545455;13.63636364;11.36363636;5.681818182
2022-07;National;TOURCOING;BORDEAUX ST JEAN;311;31;1;;5;12.72333333;2.120555556;;2;26.4;1.723888889;;2;26.4;1;0;50.0;0.0;0.0;0.0;0.0;50.0
2022-07;International;STUTTGART;PARIS EST;194;150;1;;123;8.205284553;7.412810945;;39;33.10683761;11.96492537;;39;33.10683761;16;3;2.564102564;2.564102564;84.61538462;2.564102564;2.564102564;5.128205128
2022-07;National;ANGERS SAINT LAUD;PARIS MONTPARNASSE;91;567;3;;269;10.72924411;5.225415184;;107;28.31401869;5.934905101;;58;43.61321839;32;15;10.75268817;24.7311828;20.43010753;12.903225806451598;3.2258064516128995;27.95698925
2022-07;National;MARSEILLE ST CHARLES;TOURCOING;298;31;0;;12;18.66111111;6.965053763;;12;48.16666666666671;19.40322581;;12;48.16666666666671;9;5;0.0;8.333333333;25.0;16.66666667;41.66666667;8.333333333
2022-07;National;PARIS MONTPARNASSE;ANGERS SAINT LAUD;90;541;1;;59;13.47485876;1.138549383;;64;23.08072917;3.549537037;;31;37.25591398;18;3;4.838709677;9.677419355;30.64516129;12.903225806451598;17.74193548;24.19354839
2022-07;National;PARIS MONTPARNASSE;ANGOULEME;125;301;10;;52;26.47051282;4.304009164;;57;41.5751462;10.56208477;;40;53.9125;29;10;11.76470588;3.921568627;13.7254902;27.45098039;17.64705882;25.49019608
2022-07;National;LAVAL;PARIS MONTPARNASSE;82;245;1;;100;10.57366667;4.323374827;;57;24.16578947;5.341009682;;21;48.89603175;9;3;25.531914893617003;25.531914893617003;8.510638297872338;6.382978723404251;21.27659574;12.765957446808502
2022-07;National;PARIS LYON;AVIGNON TGV;161;586;1;;182;23.17948718;7.092792023;;174;44.47586207;14.435384615384596;;148;49.94391892;94;33;6.976744186;16.86046512;13.95348837;42.44186047;14.53488372;5.232558139534881
2022-07;National;DOUAI;PARIS NORD;75;152;6;;47;8.484397163;2.836737089;;37;32.07657658;7.92370892;;19;53.38508772;13;7;19.44444444;33.33333333;38.88888889;0.0;2.777777778;5.555555556
2022-07;National;LILLE;MARSEILLE ST CHARLES;298;214;2;;71;10.626525821596235;3.472587072589487;;70;39.48500080945445;16.478724903692015;;70;42.597619047619055;34;10;12.85714285714286;10.000000000000018;41.42857142857148;8.571428571428577;10.000000000000018;17.142857142857125
2022-08;National;PARIS LYON;GRENOBLE;188;162;0;;32;19.8453125;3.749897119;;25;44.04;9.172839506;;25;44.04;13;5;24.0;20.0;20.0;28.000000000000004;8.0;0.0
2022-08;National;PARIS EST;REIMS;45;201;0;;40;10.58041667;2.209784411;;29;18.7683908;3.8285240464344894;;14;27.70238095;4;0;10.34482759;10.34482759;13.79310345;24.13793103;27.5862069;13.79310345
2022-08;National;PARIS MONTPARNASSE;ANGERS SAINT LAUD;90;534;4;;64;16.0296875;1.581949686;;43;25.46860465;3.148836478;;21;41.46190476;12;1;14.63414634;0.0;29.26829268;26.82926829;7.317073170731709;21.95121951219509
2022-08;National;BORDEAUX ST JEAN;PARIS MONTPARNASSE;142;1032;4;;586;15.371188850967002;8.707733463;;255;35.73366013;10.98406291;;199;42.13341709;93;26;45.09803922;12.549019607843102;9.803921569;11.76470588;5.490196078;15.29411765
2022-08;National;PARIS LYON;MONTPELLIER;210;331;0;;51;20.838888888888896;2.920090634;;42;44.82261905;6.6979355488418895;;42;44.82261905;25;7;9.523809524;11.9047619;16.66666667;50.0;2.380952381;9.523809524
2022-08;National;LE CREUSOT MONTCEAU MONTCHANIN;PARIS LYON;83;216;0;;116;7.447270115;4.051012461;;63;16.87275132;6.007632399;;23;30.3326087;8;0;6.666666667;20.0;26.66666667;13.33333333;5.0;28.33333333
2022-08;National;PARIS EST;STRASBOURG;115;584;6;;93;8.873476703;1.47067474;;35;23.03238095;1.690801615;;25;27.118;6;1;25.71428571;8.571428571;8.571428571;40.0;17.14285714;0.0
2022-08;National;PARIS LYON;LE CREUSOT MONTCEAU MONTCHANIN;83;204;0;;30;15.390000000000002;2.155065359;;33;21.07979798;3.8120098039215695;;13;38.56153846;6;2;6.25;25.0;25.0;34.375;9.375;0.0
2022-08;National;PARIS MONTPARNASSE;BREST;226;247;0;;32;10.36614583;0.9382591093117408;;21;45.9047619;4.623481781;;21;45.9047619;9;5;19.04761905;28.57142857;9.523809524;14.28571429;4.761904762;23.80952381
2022-08;National;PARIS MONTPARNASSE;QUIMPER;223;259;3;;43;8.747286822;1.082552083;;30;46.63333333;6.041015625;;30;46.63333333;17;8;37.931034482758605;13.79310345;0.0;24.13793103;3.448275862;20.68965517
2022-08;National;PARIS MONTPARNASSE;ST MALO;150;121;0;;15;8.03;0.620798898;;6;33.46111111;1.899311295;;6;33.46111111;1;1;0.0;50.0;0.0;33.33333333;0.0;16.66666667
2022-08;National;PARIS MONTPARNASSE;ST PIERRE DES CORPS;62;509;0;;53;10.32578616;0.677472168;;54;17.55185185;2.301702685;;23;28.142028985507203;9;0;2.040816327;10.20408163;26.53061224;42.85714286;6.12244898;12.24489796
2022-08;National;QUIMPER;PARIS MONTPARNASSE;228;256;0;;14;9.071428571;0.498023715;;20;49.67583333;4.794532279;;20;49.67583333;9;4;50.0;20.0;5.0;15.0;5.0;5.0
2022-08;International;BARCELONA;PARIS LYON;407;62;0;;39;12.11495726;7.620698925;;31;40.42903226;23.05322581;;31;40.42903226;17;2;45.16129032;25.80645161;19.35483871;3.2258064516128995;0.0;6.4516129032258105
2022-08;International;PARIS LYON;ZURICH;244;174;0;;46;17.7365942;4.627586207;;30;38.1;8.08591954;;30;38.1;20;3;16.66666667;10.0;10.0;26.66666667;23.33333333;13.33333333
2022-08;National;ANGERS SAINT LAUD;PARIS MONTPARNASSE;94;560;4;;293;8.101763367;4.41503918;;83;26.5939759;4.448493068;;45;39.82481481;20;5;23.75;26.25;23.75;6.25;5.0;15.0
2022-08;National;ANNECY;PARIS LYON;222;125;0;;6;3.333333333;0.16;;36;36.13518519;14.66266667;;36;36.13518519;12;1;33.33333333;19.44444444;33.33333333;8.333333333;0.0;5.555555555555561
2022-08;National;LYON PART DIEU;MARNE LA VALLEE;109;384;0;;314;11.7638535;9.690905135;;154;26.56341991;12.614012184508304;;105;32.68015873;41;8;9.74025974;9.090909091;40.25974026;18.831168831168803;6.493506494;15.58441558
2022-08;National;NIMES;PARIS LYON;178;316;0;;185;17.64783784;9.909493671;;132;32.49621212;15.85237342;;103;37.9012945;52;7;31.06060606060609;17.42424242;27.27272727;9.848484848;5.303030303;9.090909091
2022-08;National;PARIS LYON;CHAMBERY CHALLES LES EAUX;175;234;0;;52;22.73717949;4.892378917;;45;41.40444444;9.283974359;;40;45.09541667;18;10;8.888888888888891;22.22222222;13.33333333;42.22222222;6.666666667;6.666666667
2022-08;National;PARIS NORD;DUNKERQUE;129;154;1;;16;16.18854167;1.337908497;;15;29.33333333;2.261437908;;11;35.45454545;5;1;20.0;40.0;20.0;20.0;0.0;0.0
2022-08;National;REIMS;PARIS EST;46;201;1;;34;7.914705882352941;1.467916667;;12;24.45138889;1.7135833333333297;;4;49.16666667;3;1;33.33333333;16.66666667;16.66666667;33.33333333;0.0;0.0
2022-08;International;PARIS LYON;LAUSANNE;232;186;2;;36;18.86203704;2.999003623;;33;34.59848485;6.853532608695631;;33;34.59848485;10;4;6.060606061;21.21212121;18.18181818;30.303030303030297;18.18181818;6.060606061
2022-08;National;MARSEILLE ST CHARLES;LYON PART DIEU;104;590;0;;173;17.60472062;5.003418079;;128;37.79153646;10.65220339;;87;49.50478927;41;24;16.0;4.8;33.6;16.8;9.6;19.2
2022-08;National;METZ;PARIS EST;86;290;4;;75;8.887555556;2.411130536;;34;28.38137255;3.78513986;;16;48.734375;8;2;9.090909091;9.090909091;48.48484848484849;12.12121212;6.0606060606060606;15.151515151515198
2022-08;National;NANTES;PARIS MONTPARNASSE;132;629;4;;200;8.899083333;2.77616;;74;36.44977477;5.37584;;54;44.85524691;27;10;32.87671233;24.65753425;15.06849315;6.849315068493151;5.479452054794521;15.06849315
2022-08;National;NICE VILLE;PARIS LYON;354;311;0;;52;17.91217949;2.844677419;;73;65.78767123;17.0761828;;73;65.78767123;49;27;30.1369863;15.06849315;21.91780822;13.69863014;8.219178082;10.95890411
2022-08;National;PARIS LYON;MULHOUSE VILLE;170;309;0;;72;18.48032407;4.226806904;;53;30.59056604;5.389158576;;47;32.68014184;17;3;20.75471698;11.32075472;13.20754717;20.75471698;24.52830189;9.433962264
2022-08;National;PARIS MONTPARNASSE;POITIERS;93;604;0;;52;8.440064103;0.290866446;;42;19.46825397;2.439790287;;23;26.79710145;7;0;0.0;15.78947368;18.42105263;42.105263157894704;10.52631579;13.15789474
2022-08;National;ST PIERRE DES CORPS;PARIS MONTPARNASSE;64;562;0;;212;6.933962264;2.747018485;;110;15.59939394;3.7464221824686894;;23;37.80144928;12;3;2.777777778;18.518518518518505;38.88888889;21.2962963;6.481481481;12.03703704
2022-08;International;PARIS LYON;ITALIE;424;96;0;;19;17.69298246;3.338194444;;19;41.15789474;7.296875;;19;41.15789474;13;3;0.0;15.78947368;31.57894737;42.105263157894704;0.0;10.52631579
2022-08;National;MACON LOCHE;PARIS LYON;98;250;0;;207;14.35032206;12.0145749;;112;33.50684524;16.62968961;;82;40.88292683;33;7;28.57142857;14.28571429;41.07142857;8.928571429;4.464285714;2.678571429
2022-08;National;PARIS LYON;NICE VILLE;357;306;1;;65;21.22384615;4.236284153;;51;56.05915033;9.635191257;;51;56.05915033;35;14;31.37254902;9.803921569;17.64705882;33.33333333;5.882352941;1.960784314
2022-08;National;PARIS LYON;VALENCE ALIXAN TGV;132;461;1;;87;22.11762452;3.944094203;;82;42.32723577;8.935072464;;69;47.85024155;43;12;3.658536585;15.85365854;12.19512195;57.31707317;6.097560976;4.878048780487811
2022-08;National;POITIERS;PARIS MONTPARNASSE;100;454;0;;178;9.640074906;3.648669623;;74;21.52387387;4.825572801;;25;41.692;12;4;9.589041096;24.65753425;30.1369863;17.80821918;6.849315068493151;10.95890411
2022-08;National;RENNES;LYON PART DIEU;238;119;0;;52;7.815384615;3.509383754;;11;65.70454545;9.382773109;;11;65.70454545;5;3;0.0;0.0;45.454545454545496;45.454545454545496;0.0;9.090909091
2022-08;National;VANNES;PARIS MONTPARNASSE;159;287;0;;205;6.236260163;4.491345029;;30;37.42777778;4.701169591;;20;49.67583333;9;4;33.33333333;16.66666667;6.666666667;23.33333333;13.33333333;6.666666667
2022-08;National;ARRAS;PARIS NORD;50;450;1;;196;7.94914966;3.482590943;;87;18.87337165;4.296362287;;42;28.36984126984129;12;1;23.80952381;30.95238095;21.42857143;17.85714286;0.0;5.952380952380949
2022-08;National;PARIS NORD;ARRAS;48;452;0;;45;14.92259259;1.214564897;;36;24.268055555555595;2.644653392;;14;45.83809524;10;4;40.0;5.714285714;28.57142857;14.28571429;0.0;11.42857143
2022-08;National;STRASBOURG;NANTES;319;58;0;;10;3.608333333;0.614367816;;7;40.3952381;5.388793103;;7;40.3952381;5;1;28.57142857;42.85714286;14.28571429;0.0;0.0;14.28571429
2022-08;National;LILLE;LYON PART DIEU;185;343;0;;144;7.441087962962886;3.1933196357517044;;82;30.631929453262828;9.314491159872508;;54;39.717283950617286;26;8;8.536585365853663;14.634146341463444;18.29268292682927;29.268292682926862;6.0975609756097535;23.170731707317103
2022-08;National;LE MANS;PARIS MONTPARNASSE;59;433;0;;198;7.662962963;3.518964174;;66;21.03106061;3.4823598130841105;;31;33.27903226;12;1;22.58064516;24.19354839;16.12903226;11.29032258;9.677419355;16.12903226
2022-08;National;BREST;PARIS MONTPARNASSE;231;271;0;;14;19.57142857;1.011070111;;27;42.69320988;5.869864699;;27;42.69320988;12;5;29.62962963;40.74074074;3.703703704;14.81481481;3.703703704;7.407407407407408
2022-08;National;DUNKERQUE;PARIS NORD;129;149;1;;10;15.0;1.020408163;;19;22.64824561;4.22675737;;13;26.65;3;0;27.77777778;33.33333333;27.77777778;5.555555556;0.0;5.555555556
2022-08;National;PARIS LYON;DIJON VILLE;96;414;0;;74;17.73288288;3.074677939;;55;37.10757576;5.438727858293079;;51;38.96666667;22;7;12.727272727272702;12.727272727272702;12.727272727272702;32.72727273;25.454545454545503;3.636363636
2022-08;National;PARIS LYON;SAINT ETIENNE CHATEAUCREUX;174;116;2;;9;21.35;0.727777778;;11;16.73181818;3.814327485;;6;19.93888889;0;0;27.27272727;18.18181818;27.27272727;9.090909091;18.18181818;0.0
2022-08;National;TOULOUSE MATABIAU;PARIS MONTPARNASSE;269;222;0;;28;19.70238095;2.472672673;;61;35.05655738;12.84737237;;61;35.05655738;24;8;42.62295082;11.47540984;13.1147541;6.557377049;11.47540984;14.754098360655703
2022-08;International;LAUSANNE;PARIS LYON;232;183;0;;144;3.597337963;3.007734807;;19;29.43508772;6.195119705;;19;29.435087719298195;3;1;10.52631579;36.84210526;10.52631579;31.57894737;10.52631579;0.0
2022-08;National;PARIS LYON;BESANCON FRANCHE COMTE TGV;130;154;0;;28;22.42261905;3.976082251;;26;35.19679487;6.962012987;;25;36.05266667;14;2;23.07692308;15.38461538;23.07692308;23.07692308;15.38461538;0.0
2022-08;National;ST MALO;PARIS MONTPARNASSE;155;122;0;;5;5.25;0.136338798;;9;23.81666667;2.795081967;;6;29.205555555555595;3;0;12.5;50.0;0.0;25.0;12.5;0.0
2022-08;National;GRENOBLE;PARIS LYON;183;158;0;;10;9.303333333;0.592088608;;18;34.91759259;8.227004219;;18;34.91759259;9;2;22.22222222;61.11111111111111;11.11111111;0.0;0.0;5.555555555555561
2022-08;National;LA ROCHELLE VILLE;PARIS MONTPARNASSE;179;229;0;;29;14.89655172;1.886462882;;17;40.57352941;5.283770015;;13;49.35000000000001;6;3;17.64705882;29.41176471;23.52941176;29.41176471;0.0;0.0
2022-08;National;PARIS LYON;ANNECY;223;127;0;;28;21.45535714;4.581627297;;24;51.0625;12.70472441;;24;51.0625;13;6;16.66666667;20.83333333;12.5;37.5;8.333333333;4.166666666666671
2022-08;National;PARIS MONTPARNASSE;ANGOULEME;125;301;0;;43;11.92364341;1.277851606;;58;20.53247126;6.611517165;;32;26.56354167;6;1;5.172413793;18.965517241379303;17.24137931;13.79310345;17.24137931;27.5862069
2022-08;National;LYON PART DIEU;LILLE;189;331;4;;281;11.822835112692747;9.726860346585076;;126;27.97943982039749;12.896024464831845;;112;30.190624999999983;38;6;7.936507936507936;11.904761904761909;39.68253968253968;15.079365079365104;5.555555555555556;19.841269841269888
2022-08;National;MONTPELLIER;PARIS LYON;210;316;0;;217;15.47949309;10.19978903;;103;37.9012945;15.85237342;;103;37.9012945;52;7;28.155339805825204;22.33009709;24.27184466;11.65048544;3.883495146;9.708737864
2022-08;National;BELLEGARDE (AIN);PARIS LYON;165;243;0;;107;6.237694704;2.764403292;;58;24.79511494252869;8.960082305;;34;32.84509804;12;3;7.01754386;26.31578947;31.57894737;21.05263158;10.52631579;3.50877193
2022-08;National;PARIS LYON;LYON PART DIEU;121;604;4;;63;18.31719577;1.786361111;;60;39.33833333;5.160166667;;43;49.81627907;22;13;11.66666667;25.0;18.33333333;25.0;16.66666667;3.333333333
2022-08;National;PARIS EST;METZ;85;261;2;;38;15.62675439;2.398906049;;33;26.45505051;3.993886744;;19;37.7745614;9;2;12.5;6.25;25.0;34.375;15.625;6.25
2022-08;National;MARNE LA VALLEE;LYON PART DIEU;108;412;0;;289;8.848154556;6.299190939;;95;30.20807018;9.001213592;;60;40.01638889;29;9;8.421052631578949;17.89473684;16.842105263157897;28.421052631578902;5.263157894736839;23.157894736842096
2022-08;National;PARIS LYON;NIMES;179;331;0;;51;20.838888888888896;2.920090634;;56;35.69345238;7.973716012;;39;45.39017094;26;8;7.142857143;21.42857143;14.28571429;44.64285714;1.785714286;10.71428571
2022-08;National;STRASBOURG;PARIS EST;117;565;8;;276;12.65742754;6.334444444;;98;30.19013605;5.730600601;;67;38.15721393;25;7;11.2244898;7.142857143;59.18367347;12.244897959183698;4.081632653;6.12244898
2022-08;National;LYON PART DIEU;MONTPELLIER;116;328;0;;215;12.60410853;7.848373984;;81;34.48024691;8.741107724;;45;51.39185185;21;10;16.04938272;23.45679012;18.51851852;22.22222222;4.9382716049382696;14.81481481
2022-08;National;MARSEILLE ST CHARLES;PARIS LYON;198;552;0;;148;19.52353604;5.087043796;;104;54.49967949;11.9011253;;104;54.49967949;62;33;27.88461538;17.307692307692296;15.38461538;19.23076923;8.653846153846148;11.53846154
2022-08;National;PARIS MONTPARNASSE;LA ROCHELLE VILLE;176;237;0;;21;6.116666667;0.117299578;;10;35.7;2.489451477;;9;38.0;3;1;0.0;30.0;30.0;40.0;0.0;0.0
2022-08;National;PARIS MONTPARNASSE;RENNES;97;868;1;;106;11.05015723;0.944886582;;86;20.73914729;2.281622453;;34;36.9004902;12;3;11.9047619;11.9047619;20.23809524;29.76190476;10.714285714285698;15.47619048
2022-08;National;TOURS;PARIS MONTPARNASSE;78;163;0;;17;5.344117647;0.546932515;;31;10.07688172;3.269734151;;2;26.775;1;0;0.0;13.33333333;56.66666667;13.33333333;0.0;16.66666667
2022-08;National;VALENCE ALIXAN TGV;PARIS LYON;133;519;1;;390;14.93816239;11.11062378;;195;31.61264957;13.70126706;;145;37.90597701;70;13;26.28865979;15.46391753;26.28865979;13.40206186;5.1546391752577305;13.40206186
2022-08;International;GENEVE;PARIS LYON;196;221;0;;164;3.560264228;2.836726998;;31;33.07580645;9.149924585;;31;33.07580645;11;3;13.33333333;30.0;20.0;26.66666667;6.666666667;3.333333333
2022-08;National;CHAMBERY CHALLES LES EAUX;PARIS LYON;174;229;0;;164;11.21626016;7.925836972;;99;35.08989899;18.14039301;;78;41.02863248;32;5;32.32323232;13.13131313;42.42424242;10.1010101;0.0;2.02020202
2022-08;National;MULHOUSE VILLE;PARIS LYON;171;309;0;;150;6.849777777777781;3.3675836030204995;;31;46.10107527;5.942071197;;27;51.22469136;19;8;32.25806452;12.903225806451598;41.93548387;12.903225806451598;0.0;0.0
2022-08;National;PARIS NORD;LILLE;67;541;0;;57;9.754385964912284;0.7616451016635873;;54;16.27929546087439;1.5979051139864435;;16;29.14687499999997;5;2;21.08721624850656;7.646356033452808;23.178016726403783;32.55675029868576;3.8231780167264016;11.708482676224602
2022-08;National;DIJON VILLE;PARIS LYON;100;352;0;;137;8.839294404;3.510037879;;40;33.42333333;5.306202652;;28;42.19583333333329;13;6;20.51282051;17.94871795;35.8974359;25.64102564;0.0;0.0
2022-08;National;PARIS MONTPARNASSE;LE MANS;55;498;4;;39;18.83589744;1.095917679;;31;25.4;1.935391363;;10;60.18166666666671;4;2;7.407407407;14.81481481;11.11111111;40.74074074;18.51851852;7.407407407
2022-08;National;ANGOULEME;PARIS MONTPARNASSE;129;324;0;;218;9.264373089;6.229153767;;64;25.87473958;6.547058824;;38;34.65482456;19;4;23.4375;18.75;17.1875;17.1875;10.9375;12.5
2022-08;National;PARIS MONTPARNASSE;TOURS;74;167;0;;16;12.52916667;0.835528942;;15;20.81222222;2.478343313;;9;27.55;3;0;0.0;8.333333333;16.66666667;50.0;8.333333333;16.66666667
2022-08;International;ZURICH;PARIS LYON;245;177;0;;97;2.396735395;1.609510358;;17;49.56176471;6.300094162;;17;49.56176471;12;5;41.17647059;17.64705882;35.29411765;5.882352941;0.0;0.0
2022-08;National;PARIS LYON;MARSEILLE ST CHARLES;196;561;2;;106;18.98459119;3.253518187;;89;48.92921348;9.725104353;;89;48.92921348314609;42;20;20.45454545;10.22727273;15.90909091;34.09090909;13.63636364;5.681818181818181
2022-08;National;TOULON;PARIS LYON;241;365;0;;121;25.71639118;8.513242009;;79;64.48902954;16.23333333;;79;64.48902954;51;29;31.64556962;16.4556962;20.25316456;13.92405063;7.594936709;10.12658228
2022-08;National;TOURCOING;MARSEILLE ST CHARLES;289;2;0;;1;12.0;6.0;;0;0.0;-0.525;;0;0.0;0;0;0.0;0.0;0.0;0.0;0.0;0.0
2022-08;National;LAVAL;PARIS MONTPARNASSE;84;254;0;;72;7.980555555555559;2.195899471;;28;21.41547619;3.180952381;;12;37.10416667;5;1;20.83333333;16.66666667;20.83333333;16.66666667;20.83333333;4.166666667
2022-08;National;LYON PART DIEU;PARIS LYON;120;616;4;;392;6.494855442176869;4.250054466;;103;25.41828479;6.823447712;;60;34.31166667;17;2;12.74509804;16.66666667;22.54901961;19.60784314;7.843137255;20.58823529
2022-08;National;PARIS MONTPARNASSE;TOULOUSE MATABIAU;263;222;2;;26;22.522435897435905;2.160833333;;49;38.05510204;10.099696969696998;;49;38.05510204;23;6;40.81632653;16.32653061;10.204081632653102;18.36734694;4.081632653;10.204081632653102
2022-08;National;TOURCOING;BORDEAUX ST JEAN;304;31;0;;0;0.0;0.019354839;;0;0.0;0.186021505;;0;0.0;0;0;0.0;0.0;0.0;0.0;0.0;0.0
2022-08;International;MADRID;MARSEILLE ST CHARLES;481;31;0;;0;0.0;0.0;;12;0.0;28.00860215;;12;65.00833333;9;5;25.0;16.66666667;25.0;33.33333333;0.0;0.0
2022-08;National;BESANCON FRANCHE COMTE TGV;PARIS LYON;134;167;0;;42;10.32539683;2.497804391;;16;43.265625;5.523153693;;12;53.64861111;8;4;20.0;13.33333333;46.66666667;20.0;0.0;0.0
2022-08;National;BORDEAUX ST JEAN;TOURCOING;335;31;0;;8;6.525;1.578494624;;3;39.33333333;1.129032258;;3;39.33333333;2;1;33.33333333;0.0;0.0;0.0;0.0;66.66666667
2022-08;National;MARSEILLE ST CHARLES;TOURCOING;297;33;0;;7;30.31428571;6.031313131;;8;49.0;13.3030303;;8;49.0;5;2;37.5;12.5;0.0;0.0;37.5;12.5
2022-08;National;NANTES;STRASBOURG;320;58;0;;10;10.86;1.764367816;;7;35.27380952;5.238793103;;7;35.27380952;2;1;28.57142857;0.0;42.85714286;0.0;0.0;28.57142857
2022-08;National;PARIS MONTPARNASSE;BORDEAUX ST JEAN;140;1028;0;;124;13.89018817;1.223881323;;136;25.35073529;5.436462387;;91;31.25989011;29;8;8.527131782945741;12.40310078;24.03100775;20.15503876;15.50387597;19.379844961240305
2022-08;National;PARIS MONTPARNASSE;VANNES;152;271;3;;47;8.358865248;1.078233831;;43;34.09302326;6.630597015;;29;44.10344828;16;4;18.604651162790702;13.95348837;6.976744186;20.93023256;6.976744186;32.55813953
2022-08;National;PARIS NORD;DOUAI;67;127;0;;13;16.47820513;1.441732283;;15;23.45111111;3.473753281;;6;43.775;3;2;26.66666667;0.0;40.0;13.33333333;6.666666667;13.33333333
2022-08;National;LYON PART DIEU;MARSEILLE ST CHARLES;106;558;1;;339;12.322025565388396;6.754667864;;132;37.52954545;10.41935966;;108;42.88996914;43;25;24.42748092;11.45038168;24.42748092;26.717557251908403;1.5267175572519098;11.45038168
2022-08;International;STUTTGART;PARIS EST;194;151;2;;136;9.535539216;8.806802721;;36;36.80972222;12.25827664;;36;36.80972222;12;2;13.88888889;5.555555555555561;61.11111111111111;8.333333333;5.555555555555561;5.555555555555561
2022-08;National;DOUAI;PARIS NORD;75;157;0;;50;5.941;1.8125806451612896;;28;17.69047619;3.868172043;;13;27.11153846;4;0;25.925925925925903;33.33333333;29.62962963;7.407407407;0.0;3.703703704
2022-08;National;LILLE;MARSEILLE ST CHARLES;300;202;0;;45;7.814444444444452;1.587376237623764;;42;51.195767195767246;11.800247524752496;;42;49.55079365079369;21;11;23.809523809523835;11.9047619;19.047619047619047;23.80952380952383;2.380952381;19.04761904761904
2022-08;National;MONTPELLIER;LYON PART DIEU;115;261;0;;103;15.88576052;5.795402299;;46;33.02789855;8.438888889;;25;49.83733333;10;5;17.391304347826097;10.86956522;21.73913043;17.391304347826097;17.391304347826097;15.2173913
2022-08;National;PARIS EST;NANCY;97;289;0;;56;9.416071429;1.90461361;;28;21.468452380952403;2.519261822;;19;25.55964912;5;0;17.85714286;7.142857143;14.28571429;21.42857143;28.57142857;10.71428571
2022-08;National;PARIS LYON;TOULON;236;364;0;;81;19.80452675;4.143040293;;62;53.69892473;10.36680403;;62;53.69892473;39;18;25.0;8.333333333;13.33333333;38.33333333;6.666666667;8.333333333
2022-08;National;RENNES;PARIS MONTPARNASSE;99;850;0;;308;10.46017316;3.836094675;;112;29.06056548;4.623017751;;63;43.5047619;30;10;22.22222222;24.07407407;18.518518518518498;12.96296296;12.96296296;9.259259259
2022-08;International;FRANCFORT;PARIS EST;232;168;3;;122;4.413114754;3.357070707;;28;34.82202381;7.761414141414141;;28;34.82202381;10;3;10.71428571;10.71428571;57.142857142857096;17.85714286;0.0;3.571428571
2022-08;International;PARIS LYON;GENEVE;193;221;0;;55;20.458484848484897;4.944419306184009;;60;36.125;11.0892911;;60;36.125;23;8;6.666666667;18.33333333;23.33333333;31.66666667;16.66666667;3.333333333
2022-08;National;NANCY;PARIS EST;95;291;0;;74;7.502027027027029;1.945876289;;24;19.09444444;1.442210767;;11;29.83484848;4;0;4.166666666666671;8.333333333;29.166666666666703;37.5;16.66666667;4.166666666666671
2022-08;International;PARIS EST;FRANCFORT;229;169;2;;20;17.05583333;1.185528942;;29;38.56896552;10.34321357;;29;38.56896552;15;4;0.0;7.142857142857138;60.71428571;21.42857143;0.0;10.71428571
2022-08;National;MARNE LA VALLEE;MARSEILLE ST CHARLES;212;281;0;;163;9.372597137;5.537544484;;51;49.78954248;10.70177936;;51;49.78954248;27;13;21.56862745;15.68627451;15.68627451;29.41176471;1.960784314;15.68627451
2022-08;National;PARIS LYON;MACON LOCHE;97;248;0;;43;17.34728682;2.860752688;;35;31.11571429;6.271236559;;22;41.74545455;12;3;3.03030303;21.21212121;15.151515151515198;48.48484848484849;6.060606061;6.060606061
2022-08;National;PERPIGNAN;PARIS LYON;312;277;0;;102;18.57009804;6.660048135;;99;36.87053872;16.16347774;;99;36.87053872;45;6;31.632653061224502;22.44897959;22.44897959;12.24489796;1.020408163;10.20408163
2022-08;National;PARIS LYON;AVIGNON TGV;161;568;1;;125;18.21013333;3.67680776;;96;43.70190972;8.471634333;;76;51.70416667;43;20;10.63829787;14.89361702;15.95744681;41.489361702127695;10.63829787;6.382978723404251
2022-08;National;PARIS LYON;AIX EN PROVENCE TGV;184;485;0;;97;18.43247423;3.497835052;;76;47.285526315789504;9.122920962;;74;48.19166667;38;14;13.15789474;15.78947368;15.78947368;36.84210526;11.84210526;6.5789473684210495
2022-08;National;SAINT ETIENNE CHATEAUCREUX;PARIS LYON;169;119;0;;34;4.07254902;1.626754386;;21;20.68412698;6.705409357;;10;29.09333333333329;3;0;28.57142857;9.523809524;28.57142857;23.80952381;0.0;9.523809524
2022-08;International;PARIS LYON;BARCELONA;403;62;0;;11;21.00454545;3.475806452;;13;48.46153846;13.77419355;;13;48.46153846;8;4;15.38461538;7.692307692;15.38461538;38.46153846;0.0;23.07692308
2022-08;National;MARSEILLE ST CHARLES;LILLE;285;193;4;;33;8.733838384;1.4055555555555543;;61;33.28170995670998;12.695502645502678;;61;32.49371584699456;24;4;11.475409836065566;8.196721311475411;39.344262295081975;18.03278688524589;4.918032787;18.03278688524593
2022-08;National;PARIS MONTPARNASSE;LAVAL;78;281;4;;24;10.720833333333298;0.441516245;;23;16.98768116;1.837605295;;8;30.27916667;2;1;9.090909090909092;4.545454545;18.18181818;50.0;0.0;18.18181818
2022-08;National;AIX EN PROVENCE TGV;PARIS LYON;184;516;0;;238;14.41757703;6.767125082;;96;50.40034722;10.67861821;;90;52.88407407407411;54;27;26.041666666666703;17.70833333;17.70833333;17.70833333;11.45833333;9.375
2022-08;National;AVIGNON TGV;PARIS LYON;165;548;0;;317;10.9862776;6.452314815;;121;37.9362259;9.204537037;;90;46.55907407;48;24;19.008264462809905;19.83471074;27.27272727;16.528925619834702;6.611570248;10.74380165
2022-08;National;LILLE;PARIS NORD;69;586;0;;170;6.848823529411765;1.863778324115008;;84;19.839984891023683;2.880741460650764;;41;29.282926829268305;14;1;16.52958152958152;24.081289081289096;20.351130351130344;23.29485329485331;9.343434343434335;6.399711399711401
2022-08;National;MARSEILLE ST CHARLES;MARNE LA VALLEE;212;283;0;;54;14.66419753;2.61778563;;73;37.83630137;13.07367491;;73;37.83630137;33;10;16.43835616;8.219178082;31.506849315068504;17.80821918;8.219178082;17.80821918
2022-08;International;MARSEILLE ST CHARLES;MADRID;463;31;1;;5;34.14;5.776666667;;0;0.0;0.0;;0;0.0;0;0;0.0;0.0;0.0;0.0;0.0;0.0
2022-08;International;PARIS EST;STUTTGART;189;151;4;;21;6.084920635;0.925963719;;22;29.02651515;10.40034014;;22;29.02651515;6;2;22.72727272727269;0.0;54.54545455;18.18181818;0.0;4.545454545454549
2022-08;International;ITALIE;PARIS LYON;429;96;0;;91;37.62509158;36.06333333;;40;46.34416667;23.4377193;;40;46.34416667;20;4;35.0;12.5;35.0;17.5;0.0;0.0
2022-08;National;PARIS LYON;PERPIGNAN;308;267;1;;50;23.15233333;4.127192982;;53;60.57610063;14.30219298;;53;60.57610063;32;17;13.20754717;16.981132075471702;26.41509434;30.18867925;1.886792453;11.32075472
2022-08;National;LYON PART DIEU;RENNES;231;119;0;;113;10.37433628;9.864285714;;28;34.33035714;12.726610644257702;;28;34.33035714;9;3;17.85714286;17.85714286;39.28571429;10.71428571;0.0;14.28571429
2022-08;National;PARIS LYON;BELLEGARDE (AIN);166;237;0;;64;22.9046875;6.036919831;;72;33.71805556;12.17623066;;52;41.05320513;25;10;6.944444444;16.66666667;25.0;31.94444444;15.277777777777802;4.166666667
2022-08;National;PARIS MONTPARNASSE;NANTES;130;584;5;;68;15.29705882;1.453080023;;45;46.57;3.56433506;;39;51.61965812;25;11;40.90909090909091;2.2727272727272703;15.90909091;22.72727272727269;2.2727272727272703;15.90909091
2022-09;International;ITALIE;PARIS LYON;428;84;0;;73;17.08127854;14.914087301587298;;28;37.72261905;14.591865079365098;;28;37.72261905;12;4;39.28571429;10.71428571;39.28571429;10.71428571;0.0;0.0
2022-09;International;PARIS EST;STUTTGART;189;137;1;;25;13.095999999999998;2.402941176;;23;34.68550725;11.15147059;;23;34.68550725;9;3;8.695652173913041;4.347826086956521;34.78260869565219;39.130434782608695;13.043478260869602;0.0
2022-09;National;BORDEAUX ST JEAN;TOURCOING;338;29;1;;5;5.493333333;0.7732142857142849;;2;18.5;-1.928571429;;2;18.5;0;0;0.0;0.0;100.0;0.0;0.0;0.0
2022-09;National;PARIS MONTPARNASSE;QUIMPER;222;239;2;;25;10.50933333;0.682700422;;14;51.53571428571431;3.327004219;;14;51.53571429;8;2;28.57142857;35.71428571;7.142857143;14.28571429;7.142857143;7.142857143
2022-09;National;PARIS MONTPARNASSE;TOURS;73;184;0;;18;12.42314815;0.828442029;;19;16.9745614;2.398369565;;6;31.969444444444395;2;0;17.64705882;11.76470588;29.41176471;35.29411765;0.0;5.882352941
2022-09;National;ST MALO;PARIS MONTPARNASSE;162;87;1;;3;1.9722222222222203;-0.04745098;;7;60.14047619;6.290588235294121;;3;122.7111111;2;2;28.57142857;14.28571429;14.28571429;28.57142857;0.0;14.28571429
2022-09;National;STRASBOURG;NANTES;319;54;0;;6;4.230555556;0.474382716;;5;20.04333333;1.483333333;;5;20.04333333;0;0;40.0;0.0;20.0;20.0;0.0;20.0
2022-09;National;LYON PART DIEU;MARNE LA VALLEE;108;360;3;;279;7.140740741;5.66101774;;66;26.16136364;5.874696545284821;;47;31.52695035460989;15;3;10.60606061;3.03030303;42.42424242;19.6969697;12.12121212;12.12121212
2022-09;National;MARSEILLE ST CHARLES;TOURCOING;298;28;0;;8;17.51458333;1.492261905;;6;44.08333333;10.19642857;;6;44.08333333333329;3;1;33.33333333;0.0;33.33333333;0.0;33.33333333;0.0
2022-09;National;PARIS EST;STRASBOURG;114;580;2;;82;11.85609756;1.669290657;;43;26.35542636;2.503114187;;29;32.60747126;11;1;11.62790698;2.325581395;9.302325581395351;41.86046511627911;20.93023256;13.95348837
2022-09;National;PARIS LYON;AVIGNON TGV;160;432;3;;57;23.03625731;2.884071484;;50;44.457;5.646930847;;43;49.50736434;26;10;22.0;6.0;16.0;48.0;4.0;4.0
2022-09;National;PARIS LYON;CHAMBERY CHALLES LES EAUX;173;216;1;;28;17.96607143;2.114108527;;23;41.53043478;5.751627906976739;;21;44.11111111;12;5;21.73913043;8.695652173913041;17.391304347826097;47.82608696;4.347826086956521;0.0
2022-09;National;PARIS LYON;GRENOBLE;181;203;4;;26;21.87435897;2.651340033500841;;34;44.82352941;9.168341709;;32;46.78125;19;10;23.52941176;8.823529412;26.47058824;32.35294118;5.882352941;2.941176471
2022-09;National;NICE VILLE;PARIS LYON;352;236;1;;20;11.23166667;0.783262411;;32;45.76927083;6.3341134751773005;;32;45.76927083;18;7;31.25;18.75;31.25;3.125;6.25;9.375
2022-09;National;LYON PART DIEU;PARIS LYON;119;729;5;;376;6.47748227;3.479714154;;73;30.513926940639298;3.960281236;;45;41.27814815;21;8;20.83333333;2.777777778;31.94444444;19.44444444;11.111111111111098;13.88888889
2022-09;National;PARIS LYON;AIX EN PROVENCE TGV;183;450;2;;58;22.54655172;2.721875;;50;47.59333333;6.460639881;;48;49.00659722222221;30;11;22.0;8.0;16.0;46.0;6.0;2.0
2022-09;National;PARIS LYON;NIMES;178;234;2;;47;19.71985816;3.765158046;;36;34.83148148;6.866522989;;26;43.03012820512821;13;6;8.333333333;8.333333333;11.11111111;47.22222222222221;16.66666667;8.333333333
2022-09;National;PARIS MONTPARNASSE;LA ROCHELLE VILLE;175;205;4;;13;10.2474359;0.251907131;;14;30.78571429;2.815920398;;11;35.36363636;2;2;21.42857143;7.142857143;28.57142857;14.28571429;21.42857143;7.142857143
2022-09;National;AVIGNON TGV;PARIS LYON;164;445;3;;186;6.793996416;2.630693816;;37;38.09504505;3.483107089;;26;48.61858974;15;7;13.51351351;8.108108108;35.13513514;13.51351351;8.108108108;21.62162162
2022-09;National;LAVAL;PARIS MONTPARNASSE;87;270;0;;107;8.590654206;3.348765432;;36;23.84212963;4.031419753;;18;37.86481481;9;2;40.0;17.14285714;22.857142857142897;8.571428571;0.0;11.42857143
2022-09;National;MARNE LA VALLEE;LYON PART DIEU;107;390;1;;240;8.253472222;5.044044559;;48;34.9;6.378449015;;36;41.67638889;17;5;22.91666667;6.25;8.333333333;33.33333333;18.75;10.41666667
2022-09;National;PARIS LYON;ANNECY;222;130;1;;19;18.02894737;2.44121447;;16;47.21875;8.864341085;;16;47.21875;9;6;25.0;12.5;12.5;43.75;6.25;0.0
2022-09;National;PARIS LYON;VALENCE ALIXAN TGV;131;352;2;;74;19.05968468;3.842666667;;59;31.88954802;5.880190476;;44;38.11893939;21;8;13.55932203;6.779661017;8.474576271;47.457627118644105;13.55932203;10.16949153
2022-09;National;BELLEGARDE (AIN);PARIS LYON;162;218;3;;68;4.872303922;1.6151162790697702;;19;35.68421053;3.54620155;;14;43.65476190476189;4;4;26.31578947;15.78947368;31.57894737;15.78947368;5.263157895;5.263157895
2022-09;National;LYON PART DIEU;LILLE;188;320;2;;249;7.085274431057576;5.5835429769392055;;55;26.52886009446588;6.341928721174007;;45;30.22148148148148;14;2;7.272727272727268;0.0;40.00000000000005;27.27272727272732;7.272727272727268;18.18181818
2022-09;National;MARSEILLE ST CHARLES;LILLE;285;199;0;;26;10.961538461538472;1.217169179229481;;28;34.533653846153854;5.963484087102176;;28;33.0827381;12;2;10.71428571428572;0.0;32.142857142857174;21.42857142857144;14.285714285714276;21.42857142857145
2022-09;National;MULHOUSE VILLE;PARIS LYON;170;303;4;;151;5.089735099;2.619230769;;30;26.98944444;2.869342252;;19;35.02105263;10;2;10.0;16.66666667;46.66666667;26.66666667;0.0;0.0
2022-09;National;NANTES;PARIS MONTPARNASSE;136;606;0;;151;12.28554084;2.910192837;;69;34.98188406;4.932038567;;56;40.08839286;31;7;25.0;7.352941176;22.05882353;25.0;16.17647059;4.411764706
2022-09;National;PARIS MONTPARNASSE;LE MANS;55;475;2;;53;11.05345912;0.822797745;;51;18.8372549;2.195066949;;20;33.89333333;8;1;12.0;18.0;22.0;32.0;10.0;6.0
2022-09;National;PARIS MONTPARNASSE;POITIERS;94;537;6;;40;12.3275;0.492247332;;37;22.86936937;2.460514752;;16;37.03645833;6;3;5.405405405;13.51351351;24.32432432;24.32432432;18.91891892;13.51351351
2022-09;National;PARIS MONTPARNASSE;ST MALO;152;92;2;;9;6.246296296;0.346111111;;8;21.17916667;2.468888889;;3;33.68333333;1;1;50.0;12.5;0.0;25.0;0.0;12.5
2022-09;National;DIJON VILLE;PARIS LYON;98;352;5;;162;6.062654321;2.919894027;;30;34.32833333;3.228612717;;19;46.78070175;11;4;13.33333333;33.33333333;30.0;20.0;0.0;3.333333333
2022-09;National;MONTPELLIER;LYON PART DIEU;115;228;2;;58;9.365229885;2.479129794;;25;23.65533333;4.122271386;;19;26.98684211;4;1;16.0;20.0;8.0;32.0;16.0;8.0
2022-09;National;PARIS LYON;LYON PART DIEU;120;713;6;;59;11.16497175;0.677015559;;45;39.17814815;3.1853606789250306;;31;50.99408602;20;11;33.33333333;11.11111111;15.55555556;37.77777778;2.222222222;0.0
2022-09;National;LE MANS;PARIS MONTPARNASSE;63;454;0;;189;9.152116402;3.826903178;;68;23.12965686;3.777050998;;31;38.49139785;17;6;16.41791045;23.88059701;28.35820896;13.43283582;10.44776119;7.462686567
2022-09;National;VALENCE ALIXAN TGV;PARIS LYON;133;407;2;;288;12.6791088;9.048106996;;94;38.40088652;9.717283951;;67;48.63756219;32;17;38.29787234042551;6.382978723404251;27.65957447;20.212765957446795;3.1914893617021303;4.255319149
2022-09;National;ANGERS SAINT LAUD;PARIS MONTPARNASSE;99;524;0;;263;8.914258555;4.618841971;;63;34.33677249;4.848496481;;50;40.032;27;7;22.95081967;8.196721311475411;21.31147541;26.2295082;18.032786885245898;3.278688525
2022-09;National;BESANCON FRANCHE COMTE TGV;PARIS LYON;132;162;2;;44;3.624621212;0.793125;;11;25.83484848;1.866666667;;6;37.16944444;3;1;9.090909091;54.54545455;18.18181818;18.18181818;0.0;0.0
2022-09;National;LILLE;LYON PART DIEU;184;340;1;;126;7.498809523809531;2.752239722550574;;38;37.65135030864197;6.373300850378437;;28;43.812499999999964;12;5;26.315789473684216;5.263157894736847;7.894736842105263;34.21052631578947;18.421052631578945;7.894736842105268
2022-09;National;LILLE;MARSEILLE ST CHARLES;298;216;0;;38;7.239473684;1.149102549970604;;29;36.90147737765465;5.5925944297472014;;29;36.564367816091945;7;3;20.689655172413783;10.344827586206897;34.482758620689665;24.13793103448274;0.0;10.344827586206897
2022-09;National;MONTPELLIER;PARIS LYON;209;252;2;;118;15.50988701;7.38608871;;42;53.80753968;9.68797043;;42;53.80753968;22;13;21.42857143;9.523809524;23.80952381;38.095238095238095;4.761904762;2.380952381
2022-09;National;PARIS EST;REIMS;45;234;0;;29;16.83275862;2.133974359;;33;20.04545455;3.843660969;;14;33.6452381;5;1;3.333333333;13.33333333;33.33333333;30.0;10.0;10.0
2022-09;National;PARIS MONTPARNASSE;ANGOULEME;124;284;10;;31;17.80483871;1.347688564;;25;31.024;5.115450122;;17;39.60196078;9;4;12.0;4.0;20.0;20.0;28.000000000000004;16.0
2022-09;National;DUNKERQUE;PARIS NORD;131;162;2;;7;8.857142857;0.389937107;;16;31.18020833;4.340461216;;12;37.12777778;5;2;18.75;18.75;37.5;25.0;0.0;0.0
2022-09;National;QUIMPER;PARIS MONTPARNASSE;231;245;0;;9;10.44444444;0.388429752;;22;40.47272727;5.06322314;;22;40.47272727;10;4;40.90909091;13.63636364;13.63636364;27.27272727;0.0;4.545454545454549
2022-09;National;RENNES;LYON PART DIEU;231;75;0;;33;11.15656566;4.939777778;;9;50.67407407;8.151111111;;9;50.67407407;8;3;11.11111111;11.11111111;11.11111111;0.0;22.22222222;44.44444444
2022-09;National;PARIS LYON;MARSEILLE ST CHARLES;194;572;2;;83;22.37710843;3.03751462;;61;49.512568306010905;6.856432749;;61;49.51256831;34;13;22.95081967;11.47540984;11.47540984;49.18032787;3.278688525;1.639344262
2022-09;National;PARIS LYON;NICE VILLE;356;237;2;;41;20.89065041;3.361276596;;24;63.0;6.020851064;;24;63.0;14;8;29.166666666666703;8.333333333;20.83333333;37.5;0.0;4.166666666666671
2022-09;National;PARIS MONTPARNASSE;ANGERS SAINT LAUD;90;504;1;;56;12.46696429;1.020112657;;64;20.58515625;3.481676607;;31;31.40806452;14;0;22.58064516;16.12903226;14.51612903;29.032258064516096;11.29032258;6.4516129032258105
2022-09;National;REIMS;PARIS EST;46;234;0;;45;7.318518519;1.504131054;;22;18.86893939;2.065598291;;10;30.015;4;0;0.0;27.27272727;18.18181818;22.72727272727269;27.27272727;4.545454545454549
2022-09;National;AIX EN PROVENCE TGV;PARIS LYON;184;470;3;;198;6.871212121;2.756995004;;28;46.46845238;2.922448251;;26;49.15769231;15;7;21.42857143;7.142857143;25.0;10.71428571;14.28571429;21.42857143
2022-09;National;LYON PART DIEU;RENNES;235;75;0;;52;10.2775641;7.218222222222221;;9;57.98888889;8.626888889;;9;57.98888889;6;4;33.33333333;0.0;22.22222222;44.44444444;0.0;0.0
2022-09;National;PARIS LYON;BELLEGARDE (AIN);163;207;2;;38;22.31140351;3.962601626;;30;42.90944444;7.16398374;;25;48.554;16;6;13.33333333;10.0;3.333333333;53.33333333;16.66666667;3.333333333
2022-09;National;PARIS LYON;DIJON VILLE;96;380;2;;70;18.60452381;3.338271605;;40;30.33291667;3.0974867724867696;;29;36.82068966;16;4;0.0;5.0;12.5;65.0;17.5;0.0
2022-09;National;PARIS LYON;SAINT ETIENNE CHATEAUCREUX;173;111;0;;8;15.25;0.794894895;;15;31.18666667;7.022372372;;7;51.83095238;5;3;26.66666667;0.0;46.66666667;13.33333333;0.0;13.33333333
2022-09;National;PARIS MONTPARNASSE;BREST;226;219;0;;25;13.06933333;1.042922374;;17;29.79411765;2.157534247;;17;29.79411765;6;1;11.76470588;35.29411765;5.882352941;29.41176471;11.76470588;5.882352941
2022-09;National;PARIS MONTPARNASSE;RENNES;97;772;1;;86;10.87771318;0.8154345006485081;;60;26.26972222;2.179809771;;34;36.35343137;13;4;36.66666667;10.0;11.66666667;20.0;15.0;6.666666667
2022-09;National;PARIS MONTPARNASSE;TOULOUSE MATABIAU;262;203;7;;15;7.265555556;0.077295918;;24;34.713888888888896;4.717346939;;24;34.71388889;11;2;16.66666667;33.33333333;12.5;12.5;0.0;25.0
2022-09;International;ZURICH;PARIS LYON;245;167;2;;108;2.8791666666666704;2.124744376;;14;35.1452381;3.953067485;;14;35.1452381;8;1;7.142857143;7.142857143;42.85714286;42.85714286;0.0;0.0
2022-09;National;PARIS NORD;DUNKERQUE;130;166;1;;22;12.14166667;1.282929293;;17;26.235294117647104;2.903030303;;11;33.45454545;3;2;5.882352941;47.05882353;17.64705882;17.64705882;5.882352941;5.882352941
2022-09;National;RENNES;PARIS MONTPARNASSE;104;809;1;;334;7.420858283433131;3.086600496;;89;29.89550562;4.466253102;;59;38.44011299;25;8;28.08988764;21.34831461;15.73033708;26.96629213483149;2.247191011;5.617977528089891
2022-09;National;CHAMBERY CHALLES LES EAUX;PARIS LYON;174;213;0;;147;9.681519274;6.604616588;;60;34.22305556;10.8971831;;53;36.9663522;23;7;35.59322034;10.16949153;40.6779661;10.16949153;1.6949152542372898;1.6949152542372898
2022-09;National;LYON PART DIEU;MARSEILLE ST CHARLES;105;480;1;;291;9.634478809;5.984972105997209;;86;30.7994186;6.297838215;;65;36.34589744;23;6;13.95348837;9.302325581395351;43.02325581;16.27906977;4.651162791;12.79069767
2022-09;National;PARIS NORD;ARRAS;48;472;6;;63;14.21613757;1.649892704;;56;24.08809524;3.615772532;;29;37.38850575;14;5;12.96296296;7.407407407;16.66666667;35.185185185185205;9.259259259;18.518518518518498
2022-09;National;TOULOUSE MATABIAU;PARIS MONTPARNASSE;273;208;4;;21;9.545238095;0.938013136;;28;42.4047619;8.075205255;;28;42.40476190476189;16;6;21.42857143;25.0;17.85714286;14.28571429;10.71428571;10.71428571
2022-09;National;PARIS LYON;BESANCON FRANCHE COMTE TGV;129;143;1;;19;12.46052632;1.58415493;;10;24.945;2.936384977;;6;32.39722222;2;0;0.0;20.0;0.0;60.0;20.0;0.0
2022-09;National;PARIS LYON;LE CREUSOT MONTCEAU MONTCHANIN;81;194;1;;17;13.51176471;1.003108808;;16;29.1;1.005181347;;7;52.44285714;4;2;6.666666667;13.33333333;40.0;40.0;0.0;0.0
2022-09;International;MARSEILLE ST CHARLES;MADRID;463;29;1;;3;3.0444444444444394;0.561309524;;0;0.0;0.0;;0;0.0;0;0;0.0;0.0;0.0;0.0;0.0;0.0
2022-09;National;PARIS MONTPARNASSE;BORDEAUX ST JEAN;139;963;25;;112;11.50669643;0.94655295;;73;28.62648402;3.758191187;;58;32.54195402;23;4;18.30985915;18.30985915;11.267605633802798;14.08450704;28.16901408;9.85915493
2022-09;International;LAUSANNE;PARIS LYON;229;149;1;;123;3.736314363;2.960606061;;9;38.22037037;1.994055944;;9;38.22037037;2;1;0.0;11.11111111;22.22222222;44.44444444;0.0;22.22222222
2022-09;National;MARNE LA VALLEE;MARSEILLE ST CHARLES;211;266;0;;110;8.816363636;3.729323308;;36;36.48981481;5.793922306;;36;36.48981481;11;3;19.44444444;8.333333333;30.555555555555603;30.555555555555603;2.7777777777777803;8.333333333
2022-09;National;MARSEILLE ST CHARLES;LYON PART DIEU;104;502;1;;114;10.41330409;1.989221557;;46;29.65181159;4.826646707;;28;39.46726190476189;13;6;10.86956522;6.52173913;32.60869565;21.73913043;17.391304347826097;10.86956522
2022-09;National;PARIS EST;METZ;85;265;6;;28;11.1922619;1.239382239;;18;21.03240741;1.867567568;;9;34.29814815;3;1;0.0;5.882352941176469;23.52941176;47.05882353;5.882352941176469;17.64705882
2022-09;National;BREST;PARIS MONTPARNASSE;234;250;0;;11;7.363636364;0.328407557;;22;30.83787879;4.451754386;;22;30.83787879;8;1;40.90909091;13.63636364;18.18181818;27.27272727;0.0;0.0
2022-09;National;PARIS LYON;MONTPELLIER;209;234;2;;47;19.71985816;3.765158046;;28;39.62083333;4.866020115;;28;39.62083333;11;6;10.71428571;10.71428571;10.71428571;39.28571429;21.42857143;7.142857143
2022-09;National;PARIS LYON;PERPIGNAN;304;189;0;;43;20.19186047;4.44638448;;34;43.58872549;9.372751323;;34;43.58872549;19;8;8.823529412;23.52941176;20.58823529;32.35294118;5.882352941;8.823529412
2022-09;International;PARIS LYON;ZURICH;244;145;4;;37;17.23828829;3.41749409;;17;41.90392157;7.180496454;;17;41.90392157;10;3;6.25;18.75;37.5;18.75;18.75;0.0
2022-09;National;TOURCOING;BORDEAUX ST JEAN;304;29;0;;1;36.0;1.218390805;;2;49.18333333;2.642528736;;2;49.18333333;2;0;0.0;0.0;0.0;100.0;0.0;0.0
2022-09;International;PARIS LYON;ITALIE;423;86;0;;9;17.83333333;1.623449612;;12;46.125;7.25;;12;46.125;9;3;20.000000000000004;0.0;30.0;50.0;0.0;0.0
2022-09;National;PARIS NORD;DOUAI;70;133;2;;18;16.64907407;2.011450382;;15;29.19666667;3.840203562;;10;37.64;6;1;0.0;26.66666667;13.33333333;33.33333333;13.33333333;13.33333333
2022-09;National;LA ROCHELLE VILLE;PARIS MONTPARNASSE;179;196;5;;18;9.777777778;0.921465969;;14;26.24761905;3.4054973821989494;;8;35.42708333;2;1;14.28571429;14.28571429;28.57142857;21.42857143;0.0;21.42857143
2022-09;National;LE CREUSOT MONTCEAU MONTCHANIN;PARIS LYON;82;208;2;;112;7.553720238;4.170544554;;25;27.402000000000005;2.7299504950495104;;14;41.97857143;9;2;20.0;4.0;20.0;28.000000000000004;16.0;12.0
2022-09;National;NANCY;PARIS EST;94;289;0;;81;6.554115226;1.88621684;;35;15.88666667;2.29988466;;11;25.59090909;1;0;17.14285714;31.42857143;34.285714285714306;11.42857143;2.857142857;2.857142857
2022-09;International;PARIS LYON;LAUSANNE;231;166;6;;29;26.74482759;2.876145833;;15;37.45666667;4.586458333;;15;37.45666667;7;1;20.0;6.666666667;6.666666667;53.33333333;13.33333333;0.0
2022-09;National;ANNECY;PARIS LYON;222;129;0;;7;9.571428571;0.529198966;;25;36.11933333;8.491343669;;25;36.11933333;11;3;33.33333333;8.333333333;37.5;12.5;4.166666667;4.166666667
2022-09;National;LILLE;PARIS NORD;68;630;8;;159;6.872746331236897;1.5488986141131145;;73;22.574394003877583;3.370763904045178;;32;36.65937500000003;12;2;10.05870841487278;13.933463796477511;31.31115459882585;24.461839530332696;11.545988258317031;8.688845401174152
2022-09;National;NANTES;STRASBOURG;317;54;0;;6;4.719444444;0.515740741;;1;117.3333333;4.161111111;;1;117.3333333;1;1;100.0;0.0;0.0;0.0;0.0;0.0
2022-09;National;PARIS LYON;TOULON;238;289;1;;44;20.79772727;2.891782407;;31;48.13172043;5.574537037;;31;48.13172043;18;8;12.903225806451598;12.903225806451598;19.35483871;48.38709677;3.2258064516128995;3.2258064516128995
2022-09;National;DOUAI;PARIS NORD;75;179;6;;54;5.939814815;1.958092486;;30;16.73333333;3.946242775;;9;32.55185185;5;0;3.448275862;24.13793103;44.827586206896605;6.896551724;13.79310345;6.896551724
2022-09;National;PARIS LYON;MACON LOCHE;97;262;1;;27;16.46975309;1.495785441;;20;39.29833333;3.27816092;;16;46.12395833;11;4;30.0;10.0;0.0;50.0;10.0;0.0
2022-09;National;PARIS MONTPARNASSE;LAVAL;79;246;0;;26;9.523076923;0.664634146;;27;17.85864198;2.658875339;;9;35.66296296;2;1;24.0;4.0;20.0;32.0;0.0;20.0
2022-09;National;POITIERS;PARIS MONTPARNASSE;104;447;10;;136;7.682965686;2.193730887;;58;18.56724138;3.587003058;;24;30.563194444444395;8;1;10.71428571;16.07142857;46.42857143;10.71428571;5.357142857;10.71428571
2022-09;National;SAINT ETIENNE CHATEAUCREUX;PARIS LYON;168;112;0;;33;3.094949495;1.248498498;;17;18.09901961;4.52027027;;8;23.51041667;1;0;17.64705882;0.0;58.823529411764696;17.64705882;5.882352941;0.0
2022-09;National;ST PIERRE DES CORPS;PARIS MONTPARNASSE;68;538;3;;185;6.661081081;2.447332078;;89;16.07696629;3.298744507;;30;30.66555556;10;1;10.843373493975898;15.6626506;39.75903614;19.27710843;9.638554217;4.819277108
2022-09;National;PARIS MONTPARNASSE;NANTES;129;586;1;;64;11.9640625;0.976438746;;55;29.35939394;2.879316239;;45;32.99481481;17;2;29.090909090909108;16.36363636;10.90909091;30.909090909090903;9.090909091;3.636363636
2022-09;International;BARCELONA;PARIS LYON;401;58;0;;46;9.439855072;7.46954023;;20;58.77833333;22.35373563;;20;58.77833333333329;11;7;50.0;0.0;20.0;30.0;0.0;0.0
2022-09;International;STUTTGART;PARIS EST;194;139;0;;113;6.956784661;5.378502415;;27;33.38024691;9.772342995;;27;33.38024691;11;2;7.407407407407408;11.11111111;59.25925926;11.11111111;3.703703704;7.407407407407408
2022-09;National;ANGOULEME;PARIS MONTPARNASSE;131;324;10;;180;8.497592593;4.96715368;;52;25.94358974;5.064448052;;35;32.22;15;1;11.53846154;21.15384615;23.07692308;15.38461538;5.769230769;23.07692308
2022-09;National;LYON PART DIEU;MONTPELLIER;116;275;3;;147;10.95952381;6.063602941;;42;29.87738095;4.825367647;;26;39.86794872;11;5;12.19512195;12.19512195;31.70731707;9.756097561;14.63414634;19.51219512
2022-09;National;MACON LOCHE;PARIS LYON;97;243;0;;198;12.78375421;10.52482711;;65;31.81435897;9.866666667;;56;34.79642857;22;6;32.8125;7.8125;42.1875;10.9375;3.125;3.125
2022-09;National;MARSEILLE ST CHARLES;PARIS LYON;198;507;4;;104;13.63317308;2.446421471;;41;55.4504065;5.099403579;;41;55.4504065;29;14;34.14634146;9.756097561;24.3902439;7.317073170731709;7.317073170731709;17.07317073
2022-09;National;PARIS MONTPARNASSE;VANNES;152;257;1;;27;11.56234568;0.790755208;;29;33.27586207;4.859375;;22;39.70454545;6;2;20.68965517;31.03448276;6.896551724;17.24137931;10.34482759;13.79310345
2022-09;International;PARIS LYON;GENEVE;193;209;3;;38;21.43333333;3.7746763754045296;;25;38.868;5.346601942;;25;38.868;14;4;12.0;12.0;4.0;48.0;20.0;4.0
2022-09;National;GRENOBLE;PARIS LYON;179;188;3;;14;8.653571429;0.654864865;;17;44.81764706;4.955225225;;13;54.52564103;8;4;29.41176471;35.29411765;23.52941176;11.76470588;0.0;0.0
2022-09;National;TOURS;PARIS MONTPARNASSE;81;185;0;;15;9.436666667;0.744684685;;37;11.9045045;3.326576577;;8;23.62916667;1;0;2.8571428571428594;20.0;51.42857143;17.14285714;8.571428571;0.0
2022-09;National;PARIS LYON;MULHOUSE VILLE;169;289;2;;61;15.8079235;3.254761905;;33;32.00909091;3.890940767;;27;36.24814815;12;1;6.060606061;12.12121212;18.18181818;42.42424242;15.151515151515198;6.060606061
2022-09;International;FRANCFORT;PARIS EST;232;154;3;;86;5.669767442;3.383443709;;23;41.14347826;9.055187638;;23;41.14347826;16;4;0.0;8.695652173913041;78.26086956521739;13.043478260869602;0.0;0.0
2022-09;International;PARIS LYON;BARCELONA;401;58;0;;16;23.24895833;6.263218391;;15;40.0;12.63793103;;15;40.0;7;2;0.0;28.57142857;28.57142857;21.42857143;7.142857143;14.28571429
2022-09;National;BORDEAUX ST JEAN;PARIS MONTPARNASSE;146;955;23;;399;8.959064327;3.7654148783977104;;130;29.58974359;5.613984263;;93;35.93154122;41;9;25.38461538;17.69230769;19.23076923;14.61538462;7.692307692;15.38461538
2022-09;National;METZ;PARIS EST;86;298;5;;104;10.35592949;3.739003436;;44;23.98560606;3.8666093928980594;;23;36.76376812;11;3;0.0;13.63636364;59.09090909090911;11.36363636;6.818181818;9.090909091
2022-09;National;NIMES;PARIS LYON;177;252;2;;130;13.46461538;7.046169355;;55;44.14666667;9.68797043;;42;53.80753968;22;13;20.0;9.090909091;29.090909090909108;29.090909090909108;5.454545454545451;7.272727273
2022-09;National;PARIS NORD;LILLE;66;599;4;;67;11.48084577;0.9690476190476204;;52;22.44752390123121;2.2589075630252142;;22;39.92575757575759;12;5;27.94871794871793;8.044871794871792;17.916666666666686;24.00641025641024;8.076923076923077;14.006410256410234
2022-09;National;TOULON;PARIS LYON;240;286;1;;74;11.71666667;3.030350877;;34;44.74509804;5.327836257;;34;44.74509804;19;7;29.41176471;17.64705882;32.35294118;2.941176471;5.882352941;11.76470588
2022-09;International;GENEVE;PARIS LYON;194;211;3;;157;3.4963906581741004;2.569082126;;14;43.6547619;3.6900966183574897;;14;43.65476190476189;4;4;28.57142857;14.28571429;21.42857143;21.42857143;7.142857143;7.142857143
2022-09;International;MADRID;MARSEILLE ST CHARLES;481;29;0;;0;0.0;0.0;;4;0.0;8.835057471;;4;35.17916667;1;1;0.0;50.0;50.0;0.0;0.0;0.0
2022-09;National;STRASBOURG;PARIS EST;116;534;1;;299;11.15824972;6.285996241;;86;30.08042636;5.552318296;;61;37.06584699;31;7;5.813953488;9.302325581395351;61.62790697674419;10.46511628;6.976744186;5.813953488
2022-09;International;PARIS EST;FRANCFORT;227;152;3;;13;10.71923077;0.56935123;;37;26.68018018;11.01185682;;37;26.68018018;12;0;5.714285714285709;5.714285714285709;77.14285714;11.42857143;0.0;0.0
2022-09;National;ARRAS;PARIS NORD;50;478;10;;240;7.659791667;3.983904354;;79;22.42004219;4.631156317;;33;39.69545455;16;3;6.41025641;19.23076923;38.46153846;19.23076923;8.974358974358971;7.692307692
2022-09;National;MARSEILLE ST CHARLES;MARNE LA VALLEE;211;264;1;;38;11.72412281;1.110456274;;35;37.86857143;6.397465146;;35;37.86857143;16;4;22.857142857142904;0.0;25.71428571;20.0;22.857142857142904;8.571428571
2022-09;National;PARIS EST;NANCY;97;301;0;;30;15.41611111;1.596511628;;19;33.19649123;3.439424142;;11;48.39090909;7;5;15.78947368;5.263157895;15.78947368;31.57894737;15.78947368;15.78947368
2022-09;National;PARIS MONTPARNASSE;ST PIERRE DES CORPS;62;510;3;;49;12.56258503;0.801117686;;37;23.07342342;2.448060487;;16;39.40208333;8;2;11.11111111;27.77777778;22.22222222;30.555555555555603;8.333333333;0.0
2022-09;National;PERPIGNAN;PARIS LYON;308;199;1;;79;17.94957806;7.028703704;;49;49.52482993;14.300505050505102;;49;49.52482993;22;12;44.89795918367351;2.040816327;24.48979592;26.53061224;0.0;2.040816327
2022-09;National;VANNES;PARIS MONTPARNASSE;164;274;0;;169;4.532938856;2.846371464;;40;29.143333333333302;5.433640836;;24;39.77013889;11;4;27.500000000000004;22.5;17.5;27.500000000000004;0.0;5.0
2022-10;National;MARSEILLE ST CHARLES;PARIS LYON;198;547;2;;128;10.55338542;2.30904059;;51;44.88202614;5.25897909;;51;44.88202614;31;11;17.64705882;41.17647059;11.76470588;9.803921569;11.76470588;7.843137255
2022-10;National;TOULON;PARIS LYON;240;284;1;;64;8.972916667;2.024793875;;32;45.215625;6.416961131;;32;45.215625;18;6;21.875;31.25;25.0;18.75;3.125;0.0
2022-10;National;LILLE;LYON PART DIEU;184;355;2;;168;9.219246031746028;4.419169027384323;;66;30.407045971409968;8.564164306;;43;40.82751938;23;8;9.421487603305778;14.077134986225854;26.47382920110189;34.49035812672177;4.710743801652889;10.826446280991728
2022-10;National;PARIS NORD;DOUAI;70;140;7;;15;23.68777778;2.400626566;;23;28.26521739;5.726441103;;12;44.53055556;6;1;9.090909090909092;45.454545454545496;4.545454545;22.72727272727269;4.545454545;13.63636364
2022-10;International;PARIS LYON;ITALIE;423;80;0;;11;19.88939394;2.580416667;;13;46.38461538;8.125;;13;46.38461538;6;2;25.0;8.333333333333329;41.66666667;25.0;0.0;0.0
2022-10;National;PARIS LYON;MONTPELLIER;208;221;0;;47;19.12304965;3.861915535;;28;38.88392857;5.695475113;;28;38.88392857;13;3;0.0;21.42857143;7.142857143;42.85714286;7.142857143;21.42857143
2022-10;National;LYON PART DIEU;MARNE LA VALLEE;108;380;2;;290;9.59091954;7.497422222;;75;36.35533333;8.580444444;;63;40.86111111;26;9;8.0;22.66666667;25.333333333333304;21.33333333;13.33333333;9.333333333
2022-10;National;METZ;PARIS EST;86;312;0;;116;11.57614943;4.372649573;;54;23.73302469;4.223878205;;20;45.7375;14;3;9.259259259;12.96296296;48.14814815;12.96296296;12.96296296;3.703703704
2022-10;National;PARIS LYON;PERPIGNAN;302;157;0;;31;23.40483871;4.457006369;;24;44.59305556;8.167303609;;24;44.59305556;17;5;12.5;20.83333333;16.66666667;41.66666667;4.166666666666671;4.166666666666671
2022-10;International;STUTTGART;PARIS EST;198;133;1;;108;8.650462963;6.785114504;;33;38.55151515;12.9153944;;33;38.55151515;11;3;12.12121212;9.090909091;60.60606061;9.090909091;0.0;9.090909091
2022-10;National;ARRAS;PARIS NORD;50;505;14;;251;6.254714475;3.301037344;;142;20.97852113;7.815318119;;47;45.36524823;10;5;12.40875912;42.33576642;24.08759124;18.97810219;2.1897810218978098;0.0
2022-10;National;BORDEAUX ST JEAN;TOURCOING;334;22;0;;2;13.7;0.96969697;;1;43.0;3.909090909090912;;1;43.0;1;0;100.0;0.0;0.0;0.0;0.0;0.0
2022-10;National;NANTES;STRASBOURG;319;57;0;;12;15.08055556;3.194736842;;12;49.05833333;12.30116959;;12;49.05833333;7;3;25.0;16.66666667;25.0;8.333333333;8.333333333;16.66666667
2022-10;National;STRASBOURG;NANTES;313;56;1;;7;4.023809524;0.510606061;;7;72.92857143;10.13151515;;7;72.92857143;6;3;57.142857142857096;14.28571429;14.28571429;14.28571429;0.0;0.0
2022-10;International;LAUSANNE;PARIS LYON;233;154;1;;137;4.323844282;3.92127193;;16;38.86458333;5.891008772;;16;38.86458333;9;2;12.5;25.0;31.25;18.75;12.5;0.0
2022-10;International;PARIS LYON;BARCELONA;400;29;0;;8;20.96458333;5.657471264;;4;36.75;8.103448276;;4;36.75;3;0;0.0;0.0;0.0;75.0;0.0;25.0
2022-10;National;MULHOUSE VILLE;PARIS LYON;170;285;2;;149;10.38545861;5.503121319;;36;45.63796296;6.906595995;;25;60.01266667;15;7;22.22222222;27.77777778;19.44444444;22.22222222;5.555555555555561;2.7777777777777803
2022-10;National;TOURCOING;BORDEAUX ST JEAN;300;23;0;;1;16.0;0.695652174;;3;68.27222222;9.466666667;;3;68.27222222;3;1;0.0;0.0;0.0;100.0;0.0;0.0
2022-10;National;PARIS LYON;DIJON VILLE;96;344;1;;62;21.0422043;3.625996113;;43;39.24922481;5.128814383;;31;49.38924731;21;8;0.0;23.255813953488403;6.976744186;60.46511628;6.976744186;2.325581395
2022-10;National;PARIS LYON;GRENOBLE;182;210;3;;43;26.24689922;5.289533011;;39;39.16666667;8.422705314;;34;43.04411765;16;6;0.0;21.05263158;15.78947368;47.36842105263159;10.52631579;5.263157894736841
2022-10;National;LYON PART DIEU;LILLE;188;340;3;;259;9.197232947232951;7.086185295087351;;74;36.08724606421838;9.701613025945337;;63;39.61455026455029;23;8;20.270270270270235;14.864864864864847;24.324324324324355;14.864864864864847;10.810810810810825;14.864864864864904
2022-10;International;MADRID;MARSEILLE ST CHARLES;481;28;0;;0;0.0;0.0;;4;0.0;6.843452381;;4;32.19583333;2;0;25.0;0.0;50.0;25.0;0.0;0.0
2022-10;National;PARIS EST;REIMS;45;244;0;;31;11.28333333;1.471653005;;20;21.20166667;2.446038251;;12;27.29305556;3;0;15.0;10.0;20.0;25.0;20.0;10.0
2022-10;National;PARIS LYON;MACON LOCHE;95;263;1;;42;15.30039683;2.026463104;;26;30.74615385;4.141030534;;22;33.96136364;10;2;3.846153846;30.76923077;7.692307692;53.84615385;3.846153846;0.0
2022-10;National;PARIS LYON;NICE VILLE;354;233;1;;39;21.64487179;3.330747126;;31;36.19516129;5.748706897;;31;36.19516129;12;4;12.903225806451598;25.80645161;12.903225806451598;35.48387097;12.903225806451598;0.0
2022-10;International;PARIS EST;STUTTGART;192;125;2;;19;12.45438596;1.937127371;;22;32.09848485;10.06395664;;22;32.09848485;10;1;4.545454545454549;9.090909091;50.0;9.090909091;9.090909091;18.18181818
2022-10;National;DUNKERQUE;PARIS NORD;130;171;5;;5;8.0;0.240963855;;20;34.115;7.198493976;;15;41.23777778;2;1;15.0;40.0;20.0;20.0;5.0;0.0
2022-10;National;GRENOBLE;PARIS LYON;178;196;2;;11;24.09090909;1.365979381;;25;34.02866667;5.908591065;;17;44.09607843;9;3;0.0;32.0;44.0;20.0;4.0;0.0
2022-10;National;LILLE;MARSEILLE ST CHARLES;297;228;1;;55;11.077878787878785;2.551101321585905;;39;32.49698451910406;8.361600587371516;;39;35.35427350427349;20;4;5.128205128205127;15.384615384615383;25.641025641025657;15.38461538461539;12.82051282051282;25.64102564102562
2022-10;National;MARSEILLE ST CHARLES;LYON PART DIEU;104;540;3;;124;10.30416667;2.083084112;;73;33.08333333;5.976510903;;54;40.16759259;28;9;13.88888889;19.44444444;22.22222222;13.88888889;13.88888889;16.66666667
2022-10;National;PARIS LYON;AIX EN PROVENCE TGV;183;477;4;;71;20.75140845;2.697145877;;57;40.4251462;6.440310078;;56;40.9264881;26;13;5.555555556;25.925925925925903;18.51851852;37.03703704;7.407407407;5.555555556
2022-10;National;PARIS MONTPARNASSE;BREST;226;247;0;;37;14.836936936936898;1.803036437;;25;42.32;4.963562753;;25;42.32;13;5;24.0;12.0;16.0;20.0;20.0;8.0
2022-10;National;RENNES;PARIS MONTPARNASSE;104;843;1;;360;11.08925926;4.754875149;;130;37.84871795;7.041022592;;90;49.06685185;44;17;20.76923077;33.84615385;16.15384615;13.07692308;4.615384615384619;11.53846154
2022-10;National;DIJON VILLE;PARIS LYON;98;330;1;;145;9.553103448;4.331605691;;40;31.58583333;5.51875;;30;37.84;16;3;20.0;25.0;27.500000000000004;20.0;5.0;2.5
2022-10;National;MACON LOCHE;PARIS LYON;95;255;2;;202;14.87574257;12.13252688;;92;35.53586957;13.5905914;;68;44.11372549;26;8;17.391304347826097;15.2173913;43.47826087;15.2173913;1.0869565217391302;7.608695652173909
2022-10;National;RENNES;LYON PART DIEU;232;77;0;;28;5.992261904761899;2.258658009;;13;56.11410256;11.18484848;;13;56.11410256;8;4;7.692307692;15.38461538;30.76923077;15.38461538;7.692307692;23.07692308
2022-10;National;PARIS LYON;BESANCON FRANCHE COMTE TGV;128;135;1;;22;13.88787879;2.103482587;;14;34.74166667;4.728855721;;9;46.6462963;4;2;7.142857143;28.57142857;7.142857143;35.71428571;14.28571429;7.142857143
2022-10;National;PARIS MONTPARNASSE;ANGERS SAINT LAUD;94;522;2;;84;11.93452381;1.563429487;;83;26.10742972;4.919358974;;47;37.47836879;22;8;24.3902439;23.170731707317096;14.63414634;19.512195121951205;8.536585366;9.756097561
2022-10;National;PARIS MONTPARNASSE;ST MALO;152;97;2;;9;11.6462963;0.308947368;;6;25.99444444;2.711403509;;4;32.92916667;2;0;33.33333333;33.33333333;16.66666667;0.0;0.0;16.66666667
2022-10;National;QUIMPER;PARIS MONTPARNASSE;232;249;0;;14;18.61785714;1.069727891;;32;65.8265625;10.75517007;;32;65.8265625;18;10;34.375;21.875;9.375;18.75;6.25;9.375
2022-10;National;PARIS MONTPARNASSE;LE MANS;55;497;16;;73;11.57922374;1.344317394;;62;23.31827957;3.141822592;;27;41.05555556;18;4;25.42372881;5.084745763;22.03389831;13.55932203;13.55932203;20.33898305
2022-10;International;MARSEILLE ST CHARLES;MADRID;463;29;1;;2;1.258333333;0.298809524;;0;0.0;0.0;;0;0.0;0;0;0.0;0.0;0.0;0.0;0.0;0.0
2022-10;National;NICE VILLE;PARIS LYON;351;233;1;;23;14.84782609;1.325718391;;27;45.82222222;6.739152299;;27;45.82222222;14;5;22.22222222;25.925925925925903;25.925925925925903;22.22222222;3.703703704;0.0
2022-10;National;PARIS LYON;MULHOUSE VILLE;168;264;1;;45;20.81888889;3.373954373;;30;43.84666667;5.512801014;;24;51.26736111111111;16;5;10.0;23.33333333;3.333333333;46.66666667;6.666666667;10.0
2022-10;National;POITIERS;PARIS MONTPARNASSE;104;466;4;;172;7.241085271317831;2.219468705;;66;17.98813131;3.554621543;;27;29.15308642;8;1;6.25;46.875;28.125;4.6875;0.0;14.0625
2022-10;National;LAVAL;PARIS MONTPARNASSE;88;286;0;;105;9.59984127;3.486561033;;46;33.68224638;5.322124413;;23;57.66231884;14;8;15.2173913;26.08695652;21.73913043;17.391304347826097;8.695652173913041;10.86956522
2022-10;National;PARIS LYON;CHAMBERY CHALLES LES EAUX;173;215;1;;33;22.30858586;3.276557632;;45;32.24592593;8.385747664;;35;37.76619048;16;4;8.888888888888891;22.22222222;20.0;44.44444444;2.222222222;2.222222222
2022-10;National;PARIS MONTPARNASSE;LAVAL;80;261;0;;36;8.556018519;0.794061303;;37;16.16036036;2.532120051;;10;34.02666667;5;1;10.81081081;8.108108108;35.13513514;16.21621622;5.405405405;24.32432432
2022-10;International;FRANCFORT;PARIS EST;233;163;4;;96;4.6359375;2.957489451;;23;39.07391304;7.842932489;;23;39.07391304;10;4;4.347826086956521;0.0;69.56521739;13.043478260869602;0.0;13.043478260869602
2022-10;National;LE CREUSOT MONTCEAU MONTCHANIN;PARIS LYON;80;218;2;;114;6.093128655;3.235426357;;29;19.855747126436803;2.6919379844961195;;13;33.02948718;5;1;3.846153846;19.23076923;23.07692308;19.23076923;7.692307692;26.92307692
2022-10;National;LYON PART DIEU;RENNES;235;77;0;;51;5.630065359;3.8603896103896105;;6;64.14722222;7.952164502;;6;64.14722222;4;2;50.0;16.66666667;0.0;16.66666667;0.0;16.66666667
2022-10;National;PARIS LYON;LE CREUSOT MONTCEAU MONTCHANIN;79;202;1;;22;13.17651515;0.9589552238805972;;17;28.74019608;2.08946932;;10;42.48666667;3;1;6.25;25.0;12.5;43.75;12.5;0.0
2022-10;National;PARIS LYON;MARSEILLE ST CHARLES;194;586;3;;91;19.7981685;2.690766152;;67;41.35995025;6.544396798;;67;41.35995025;37;11;4.47761194;23.88059701;13.43283582;35.82089552;10.44776119;11.94029851
2022-10;National;PARIS MONTPARNASSE;TOULOUSE MATABIAU;262;220;4;;25;17.84666667;1.6200617283950598;;32;56.7734375;8.835030864;;32;56.7734375;25;10;21.875;28.125;12.5;15.625;9.375;12.5
2022-10;National;PARIS MONTPARNASSE;TOURS;74;188;1;;18;8.211111111;0.384046346;;19;16.42982456;2.238324421;;7;29.09047619;2;0;15.78947368;21.05263158;36.84210526;5.263157895;0.0;21.05263158
2022-10;National;REIMS;PARIS EST;46;244;0;;44;6.529545455;1.263934426;;21;15.933333333333302;1.707172131;;5;38.12;4;0;0.0;21.05263158;26.31578947;15.78947368;21.05263158;15.78947368
2022-10;National;PARIS MONTPARNASSE;ST PIERRE DES CORPS;63;542;6;;47;7.288652482;0.22829602;;49;16.15544218;1.887717662;;15;33.05555556;7;1;13.043478260869602;21.73913043;39.130434782608695;2.1739130434782603;4.347826086956521;19.56521739130429
2022-10;International;PARIS EST;FRANCFORT;228;168;5;;24;24.3625;3.085889571;;31;37.77150538;12.25531697;;31;37.77150538;11;3;3.703703704;0.0;59.25925926;18.51851852;18.51851852;0.0
2022-10;National;ST MALO;PARIS MONTPARNASSE;162;93;0;;2;4.075;-0.027355072;;11;31.63484848;5.287137681;;9;35.96851852;4;1;18.18181818;54.54545455;0.0;9.090909091;0.0;18.18181818
2022-10;International;GENEVE;PARIS LYON;195;222;3;;162;4.088888889;3.2111872146118703;;11;47.2469697;3.636834094;;11;47.2469697;6;3;0.0;36.36363636;36.36363636;18.18181818;9.090909091;0.0
2022-10;National;BESANCON FRANCHE COMTE TGV;PARIS LYON;131;155;1;;32;6.841666667;1.226948052;;11;29.26060606;3.421103896;;9;33.08703704;4;0;27.27272727;18.18181818;27.27272727;18.18181818;0.0;9.090909091
2022-10;National;MARSEILLE ST CHARLES;LILLE;284;212;1;;25;18.442666666666668;2.0022116903633487;;44;44.84099999999996;11.734518167456564;;44;43.66249999999996;17;9;13.636363636363637;18.18181818181816;18.18181818181817;6.8181818181818175;22.72727272727272;20.45454545454545
2022-10;National;NIMES;PARIS LYON;178;230;0;;103;12.0012945;5.420289855;;43;38.06511628;8.382608696;;36;42.92453704;17;8;16.27906977;23.255813953488403;30.23255814;13.95348837;13.95348837;2.325581395
2022-10;National;PARIS EST;NANCY;97;311;0;;45;8.797407407;1.305573419;;28;26.34345238;3.566184352;;16;36.51354167;6;2;21.42857143;17.85714286;42.85714286;14.28571429;3.571428571;0.0
2022-10;National;PARIS EST;STRASBOURG;114;612;5;;107;14.10809969;2.466501922;;52;26.39262821;3.065678199;;30;36.16333333;11;3;5.769230769;9.615384615;11.53846154;42.30769231;23.07692308;7.692307692
2022-10;National;LYON PART DIEU;MARSEILLE ST CHARLES;106;516;3;;306;12.56138344;7.634018265;;116;33.53778736;8.87384214;;99;37.01363636;47;14;16.379310344827598;9.482758620689651;37.931034482758605;14.65517241;3.448275862;18.10344828
2022-10;National;PARIS LYON;LYON PART DIEU;119;737;6;;72;14.613194444444398;1.137118103;;54;40.86635802;4.255973552;;36;54.64675926;22;9;1.851851852;33.33333333;20.37037037;29.62962963;11.11111111;3.703703704
2022-10;National;PARIS LYON;VALENCE ALIXAN TGV;129;339;0;;67;25.12512438;4.503834808;;59;36.80028249;7.775516224;;49;41.6377551;29;7;3.448275862;18.965517241379303;10.34482759;50.0;8.620689655172411;8.620689655172411
2022-10;International;PARIS LYON;GENEVE;192;219;3;;47;18.56241135;3.857407407;;25;34.87666667;4.56095679;;25;34.87666667;10;3;4.0;16.0;8.0;68.0;0.0;4.0
2022-10;National;LA ROCHELLE VILLE;PARIS MONTPARNASSE;179;205;3;;16;4.375;0.346534653;;23;32.94710145;5.455858085808579;;18;38.67314815;5;1;4.347826086956521;47.82608696;30.43478261;4.347826086956521;0.0;13.043478260869602
2022-10;National;PARIS LYON;SAINT ETIENNE CHATEAUCREUX;173;108;0;;11;9.23030303;0.699228395;;11;26.263636363636405;6.426080247;;6;37.78888889;1;1;0.0;9.090909091;63.636363636363605;18.18181818;9.090909091;0.0
2022-10;National;PARIS LYON;TOULON;237;287;1;;48;19.88125;3.031526807;;45;35.92740741;9.067657343;;45;35.92740741;21;3;22.22222222;24.44444444;11.11111111;31.11111111;11.11111111;0.0
2022-10;National;PARIS NORD;DUNKERQUE;130;176;3;;20;30.10833333;3.206454721;;20;44.65;5.208092486;;15;55.33333333;7;2;25.0;20.0;25.0;15.0;5.0;10.0
2022-10;National;VALENCE ALIXAN TGV;PARIS LYON;133;404;0;;317;11.38401682;8.989359933;;78;38.03247863;8.546134663;;63;43.9989418;27;15;39.74358974;14.1025641;24.35897436;11.53846154;7.692307692;2.564102564
2022-10;National;AVIGNON TGV;PARIS LYON;164;458;2;;193;9.866234888;4.143530702;;56;39.34047619;5.455921053;;43;47.36550388;27;11;8.928571429;39.28571429;19.64285714;8.928571429;10.71428571;12.5
2022-10;National;BELLEGARDE (AIN);PARIS LYON;161;229;3;;83;7.568473896;2.815044248;;20;39.38;4.334955752;;12;57.10416666666671;7;4;0.0;20.0;50.0;25.0;5.0;0.0
2022-10;National;LYON PART DIEU;MONTPELLIER;115;284;4;;171;10.33245614;6.449583333;;48;26.70694444;5.262678571;;27;37.32345679;12;3;14.58333333;16.66666667;25.0;20.83333333;14.58333333;8.333333333
2022-10;National;MONTPELLIER;LYON PART DIEU;114;243;2;;66;7.018939394;1.887136929;;19;26.27192982;4.415352697;;11;34.95151515;5;1;15.78947368;26.31578947;36.84210526;10.52631579;0.0;10.52631579
2022-10;National;PARIS MONTPARNASSE;ANGOULEME;124;298;11;;29;19.0183908;1.51271777;;27;30.69197531;4.155226481;;20;36.95083333;12;1;18.51851852;7.407407407407408;11.11111111;18.51851852;14.81481481;29.62962963
2022-10;National;SAINT ETIENNE CHATEAUCREUX;PARIS LYON;169;108;0;;13;2.442307692;0.577469136;;19;27.70877193;7.45941358;;11;37.72272727;3;1;0.0;31.57894737;26.31578947;15.78947368;26.31578947;0.0
2022-10;National;PARIS MONTPARNASSE;VANNES;153;246;1;;41;12.649593495934996;1.675102041;;44;25.715909090909104;5.793877551;;20;41.5;10;5;9.302325581;20.93023256;16.27906977;16.27906977;11.62790698;25.58139535
2022-10;National;PARIS NORD;LILLE;66;627;2;;88;19.63465909090912;2.4410133333333377;;103;26.69232817303469;5.002026666666675;;40;53.625;17;7;9.000013173321387;38.998739752253705;15.999877049000386;22.001203163353555;6.0004478929272445;7.999718969143688
2022-10;National;ST PIERRE DES CORPS;PARIS MONTPARNASSE;68;559;0;;206;7.364724919;2.571368294;;93;19.67939068;3.458679928;;30;40.71166667;11;4;10.0;18.88888889;45.55555555555561;8.888888889;4.444444444;12.22222222
2022-10;National;TOULOUSE MATABIAU;PARIS MONTPARNASSE;273;218;2;;27;32.96604938;4.109501558;;38;48.21929825;10.30116822;;38;48.21929825;17;9;39.47368421;15.78947368;10.52631579;5.263157895;15.78947368;13.15789474
2022-10;International;PARIS LYON;LAUSANNE;231;156;1;;30;18.748888888888896;3.4102150537634395;;13;53.41153846;6.581290323;;13;53.41153846;8;2;8.333333333333329;33.33333333;8.333333333333329;41.66666667;8.333333333333329;0.0
2022-10;International;BARCELONA;PARIS LYON;396;30;0;;26;3.534615385;3.063333333;;11;34.28181818;14.98944444;;11;34.28181818;3;1;90.90909090909088;0.0;0.0;9.090909091;0.0;0.0
2022-10;International;PARIS LYON;ZURICH;244;133;2;;25;23.90133333;3.073918575;;16;42.08645833;6.821246819;;16;42.08645833;9;2;12.5;25.0;12.5;43.75;0.0;6.25
2022-10;National;LE MANS;PARIS MONTPARNASSE;63;471;1;;254;12.77775591;7.067574437;;108;29.12592593;7.422185911401601;;55;47.85030303;32;15;20.0;20.0;23.80952381;20.0;5.714285714;10.47619048
2022-10;National;PARIS LYON;AVIGNON TGV;160;459;3;;67;19.20522388;2.590972222;;67;34.40547264;5.195248538;;49;42.06768707482989;25;12;3.0303030303030303;21.21212121;19.6969697;39.39393939;9.090909091;7.575757576
2022-10;National;PARIS MONTPARNASSE;RENNES;97;813;0;;119;12.30504202;1.386920869;;92;24.7192029;2.9657646576465804;;44;38.68371212;19;10;14.444444444444398;13.33333333;23.33333333;20.0;13.33333333;15.55555556
2022-10;National;ANNECY;PARIS LYON;222;137;0;;5;6.4;0.233576642;;33;31.547474747474705;10.46958637;;33;31.54747475;11;3;9.090909091;24.24242424;51.51515152;9.090909091;0.0;6.060606061
2022-10;National;BORDEAUX ST JEAN;PARIS MONTPARNASSE;146;1009;12;;371;10.53459119;3.818908969;;122;32.26311475;5.570498661;;90;38.93962963;34;17;32.78688525;16.39344262;21.31147541;7.37704918;8.196721311475411;13.934426229508205
2022-10;National;CHAMBERY CHALLES LES EAUX;PARIS LYON;173;217;1;;140;12.14559524;7.766203704;;72;38.26458333;15.17052469;;61;42.83196721;24;7;15.277777777777802;16.66666667;50.0;12.5;0.0;5.555555555555561
2022-10;National;MARNE LA VALLEE;LYON PART DIEU;107;412;2;;260;10.30820513;6.611382114;;75;31.62422222;8.295934959;;49;41.59795918;27;9;8.219178082;15.06849315;27.39726027;35.61643836;4.109589041;9.589041096
2022-10;National;MARNE LA VALLEE;MARSEILLE ST CHARLES;209;285;1;;128;12.03359375;5.509683099;;47;38.91879433;8.711384977;;47;38.91879433;25;6;4.255319149;12.765957446808502;27.65957447;23.404255319148906;10.63829787;21.27659574
2022-10;National;PARIS EST;METZ;85;279;0;;39;13.98717949;1.996535245;;30;31.07555556;3.700657109;;15;51.01444444;8;4;10.71428571;7.142857143;25.0;25.0;21.42857143;10.71428571
2022-10;National;PARIS MONTPARNASSE;NANTES;132;608;4;;90;11.70703704;1.405463576;;92;47.36050725;8.329028698;;71;57.37276995;41;20;34.78260869565219;23.91304348;10.86956522;15.2173913;9.782608696;5.434782609
2022-10;National;PARIS LYON;NIMES;177;221;0;;47;19.12304965;3.861915535;;39;34.11025641;8.181297134;;32;38.478125;16;3;0.0;17.94871795;12.82051282;43.58974359;7.692307692;17.94871795
2022-10;National;VANNES;PARIS MONTPARNASSE;164;285;0;;198;7.223316498;5.114994026;;56;46.02172619;10.18351254;;38;61.68289474;21;11;20.0;32.72727273;14.54545455;20.0;3.636363636;9.090909091
2022-10;National;ANGOULEME;PARIS MONTPARNASSE;132;347;6;;199;7.134673367;4.218618619;;41;33.22926829;4.168418418;;29;41.3908046;12;6;21.95121951;21.95121951;12.19512195;14.63414634;9.756097561;19.51219512
2022-10;National;NANTES;PARIS MONTPARNASSE;137;632;5;;180;11.2962037;3.137639553;;91;40.60604396;7.208851674641149;;73;47.17283105;49;15;34.06593407;18.68131868;21.978021978022003;13.18681319;8.791208791;3.296703297
2022-10;National;PARIS LYON;BELLEGARDE (AIN);162;219;3;;47;18.56241135;3.858179012;;28;33.7875;5.495910494;;19;43.12982456;10;3;0.0;17.85714286;7.142857143;64.28571429;3.571428571;7.142857143
2022-10;National;PARIS MONTPARNASSE;BORDEAUX ST JEAN;139;1011;18;;115;15.9284058;1.414232964;;103;31.57281553;4.455035247;;71;40.02159624;40;13;16.0;11.0;13.0;22.0;14.000000000000002;24.0
2022-10;National;PARIS MONTPARNASSE;POITIERS;94;563;6;;48;11.2875;0.55299222;;33;30.42626263;2.728426092;;24;37.17083333;14;2;27.27272727;18.18181818;9.090909091;6.060606061;9.090909091;30.303030303030297
2022-10;National;PERPIGNAN;PARIS LYON;306;171;0;;65;15.64333333;5.758187135;;36;39.90046296;10.40575049;;36;39.90046296;14;7;63.88888888888889;5.555555555555561;13.88888889;16.66666667;0.0;0.0
2022-10;National;TOURS;PARIS MONTPARNASSE;81;186;0;;9;4.259259259;0.204749104;;25;13.74466667;2.879928315;;8;22.71875;1;0;4.0;4.0;72.0;8.0;4.0;8.0
2022-10;National;PARIS LYON;ANNECY;222;136;1;;22;23.51818182;3.662839506;;26;39.38461538;11.12592593;;26;39.38461538;11;4;7.692307692;34.61538461538459;11.53846154;46.15384615;0.0;0.0
2022-10;National;PARIS NORD;ARRAS;48;494;19;;63;25.30687831;3.124315789;;65;31.46538462;5.449122807;;25;66.06933333;10;5;11.29032258;45.16129032;8.064516129;16.12903226;9.677419355;9.677419355
2022-10;National;MARSEILLE ST CHARLES;MARNE LA VALLEE;211;278;1;;35;17.96190476;2.048731884;;47;44.93900709;9.088043478;;47;44.93900709;21;9;8.510638298;27.65957447;17.0212766;12.765957446808502;25.531914893617003;8.510638298
2022-10;National;MARSEILLE ST CHARLES;TOURCOING;294;25;0;;7;22.75238095;6.211111111111111;;3;32.66666667;8.4375;;3;32.66666667;2;0;0.0;0.0;33.33333333;33.33333333;33.33333333;0.0
2022-10;National;STRASBOURG;PARIS EST;116;575;2;;335;11.48761194;6.773525978;;108;28.78348765;6.080268535;;74;36.20067568;25;8;6.481481481;8.333333333;66.66666667;8.333333333;2.7777777777777803;7.407407407407408
2022-10;International;ZURICH;PARIS LYON;246;154;0;;98;2.699659864;1.986928105;;15;76.94444444;9.111655773;;15;76.94444444;10;7;26.66666667;40.0;13.33333333;13.33333333;6.666666667;0.0
2022-10;National;AIX EN PROVENCE TGV;PARIS LYON;184;504;3;;251;9.531075697;4.811510313;;56;47.84434524;6.368629408;;51;51.24281046;30;15;7.142857143;44.64285714;21.42857143;8.928571429;10.71428571;7.142857143
2022-10;National;LILLE;PARIS NORD;68;664;2;;163;10.191922290388554;2.2950906344410864;;146;27.14147056675432;7.015080563947639;;53;54.61257861635223;21;8;8.549549868441227;42.15426002619377;17.861314643729436;14.96820172;12.165941028636182;4.300732717
2022-10;National;DOUAI;PARIS NORD;75;187;8;;53;5.547169811;1.847159091;;55;18.30787879;7.418560606;;16;41.028125;3;2;11.32075472;35.8490566;35.8490566;15.09433962;1.886792453;0.0
2022-10;National;PARIS MONTPARNASSE;QUIMPER;222;222;2;;36;11.52453704;1.435378788;;28;42.48214286;6.325;;28;42.48214286;13;5;25.0;14.28571429;10.71428571;14.28571429;7.142857143;28.57142857
2022-10;International;ITALIE;PARIS LYON;428;81;1;;65;9.969230769;8.206041667;;28;56.13154762;23.0925;;28;56.13154762;13;4;14.28571429;14.28571429;50.0;14.28571429;0.0;7.142857143
2022-10;National;ANGERS SAINT LAUD;PARIS MONTPARNASSE;99;549;3;;337;8.458456973;5.366081331;;79;40.54578059;6.345255699;;64;46.92265625;43;13;32.91139241;17.72151899;24.05063291;12.65822785;8.860759494;3.797468354
2022-10;National;BREST;PARIS MONTPARNASSE;235;254;1;;17;12.41176471;0.841005291;;27;45.13024691;6.990343915;;27;45.13024691;12;2;37.03703704;37.03703704;7.407407407407408;7.407407407407408;7.407407407407408;3.703703704
2022-10;National;LYON PART DIEU;PARIS LYON;118;768;5;;424;5.962382075;3.41877193;;93;28.355734767025098;4.927675439;;62;35.96478495;22;7;5.376344086;24.731182795698903;29.032258064516096;16.12903226;15.053763440860198;9.677419355
2022-10;National;MONTPELLIER;PARIS LYON;208;230;0;;109;10.92828746;5.171884058;;36;42.92453704;8.382608696;;36;42.92453704;17;8;19.44444444;25.0;27.77777778;16.66666667;8.333333333;2.7777777777777803
2022-10;National;NANCY;PARIS EST;94;307;0;;108;6.41867284;2.330510315;;32;15.6875;1.8009771986970695;;11;28.004545454545504;4;0;18.75;9.375;59.375;3.125;3.125;6.25
2022-10;National;PARIS MONTPARNASSE;LA ROCHELLE VILLE;176;215;3;;17;13.09313725;0.655345912;;21;30.142857142857096;3.301886792;;17;34.0;7;3;5.0;50.0;15.0;5.0;5.0;20.0
2022-11;National;BELLEGARDE (AIN);PARIS LYON;161;236;1;;81;5.94691358;2.072978723;;31;28.574193548387104;5.374113475;;21;35.91031746;8;2;31.03448276;20.68965517;44.827586206896605;0.0;0.0;3.448275862
2022-11;National;MONTPELLIER;LYON PART DIEU;114;225;2;;45;9.204814815;1.940956652;;14;36.47857143;4.520553064;;13;38.32179487;5;2;21.42857143;21.42857143;14.28571429;7.142857143;28.57142857;7.142857143
2022-11;National;MONTPELLIER;PARIS LYON;207;219;0;;79;11.0943038;4.032267884;;31;40.32526882;7.250304414;;31;40.32526882;18;6;29.032258064516096;22.58064516;22.58064516;12.903225806451598;12.903225806451598;0.0
2022-11;National;PARIS LYON;BESANCON FRANCHE COMTE TGV;128;152;0;;14;16.23333333;1.386622807;;10;38.99166666666671;3.520614035;;9;42.00740741;4;2;55.55555556;0.0;11.111111111111098;22.22222222;0.0;11.111111111111098
2022-11;National;RENNES;LYON PART DIEU;231;66;0;;26;5.501923076923079;2.264393939;;3;25.53888889;3.124747475;;3;25.538888888888906;1;0;0.0;0.0;33.33333333;33.33333333;0.0;33.33333333
2022-11;National;TOURS;PARIS MONTPARNASSE;81;175;0;;15;10.08;0.818390805;;32;16.2765625;3.748180077;;9;31.037037037036995;4;0;9.375;25.0;50.0;9.375;3.125;3.125
2022-11;National;LYON PART DIEU;MARSEILLE ST CHARLES;105;478;0;;209;10.75566188;4.817924528;;69;33.47004831;5.494689029;;46;43.40905797;20;8;20.28985507;10.14492754;33.33333333;20.28985507;7.246376812;8.695652173913041
2022-11;National;ST MALO;PARIS MONTPARNASSE;162;87;0;;2;2.791666667;-0.032170543;;13;34.08589744;6.167441860465121;;7;52.23095238;4;1;23.07692308;38.46153846;7.692307692;7.692307692;0.0;23.07692308
2022-11;International;LAUSANNE;PARIS LYON;229;173;0;;140;2.913809524;2.494444444;;12;43.90138889;4.718031189;;12;43.90138889;6;3;41.66666667;8.333333333;16.66666667;16.66666667;8.333333333;8.333333333
2022-11;International;PARIS LYON;BARCELONA;400;29;0;;5;19.41666667;2.967241379;;4;42.25;9.379310345;;4;42.25;3;1;75.0;0.0;0.0;25.0;0.0;0.0
2022-11;National;POITIERS;PARIS MONTPARNASSE;104;445;2;;172;7.686434109;2.809049774;;48;26.77430556;3.605693816;;30;35.98611111;12;2;25.0;33.33333333;12.5;20.83333333;0.0;8.333333333
2022-11;National;LA ROCHELLE VILLE;PARIS MONTPARNASSE;179;197;2;;15;7.2;0.553846154;;15;29.693333333333303;3.073418803;;13;32.46794872;4;1;46.66666667;20.0;6.666666667;20.0;6.666666667;0.0
2022-11;National;LILLE;LYON PART DIEU;184;338;0;;176;7.614015152;3.975455432876549;;59;22.88872936958879;5.712995128296301;;38;28.75789473684206;13;0;10.483364720652856;0.0;26.30257376020085;42.12178279974891;10.546139359698673;10.546139359698673
2022-11;National;LYON PART DIEU;LILLE;187;314;0;;218;8.318501529;5.8557855626327004;;50;31.10553177030243;6.646284501061565;;31;41.56236559139784;18;6;32.00000000000004;13.99999999999999;11.99999999999999;14.00000000000004;3.9999999999999982;23.99999999999996
2022-11;National;PARIS LYON;AVIGNON TGV;159;430;0;;39;20.50940171;1.583372183;;44;35.61325758;3.965656566;;31;44.85107527;19;6;25.0;4.545454545454549;13.63636364;31.81818182;20.45454545;4.545454545454549
2022-11;National;PARIS LYON;MONTPELLIER;207;203;0;;18;17.07962963;1.207799672;;15;50.27111111;4.112233169;;15;50.27111111;9;5;46.66666667;6.666666667;13.33333333;26.66666667;6.666666667;0.0
2022-11;International;PARIS LYON;GENEVE;191;226;0;;34;15.98235294;2.221460177;;27;34.00123457;5.013421828908551;;27;34.00123457;11;4;42.30769231;7.692307692;15.38461538;19.23076923;7.692307692;7.692307692
2022-11;National;LAVAL;PARIS MONTPARNASSE;88;266;0;;102;12.11437908;4.556892231;;51;27.16862745;5.6160401;;27;40.51790123;13;3;27.45098039;27.45098039;17.64705882;3.921568627;9.803921569;13.7254902
2022-11;National;LYON PART DIEU;MARNE LA VALLEE;108;331;0;;225;8.26362963;5.701158107;;48;28.77291667;5.103927492;;36;33.72037037;13;5;43.47826087;10.86956522;15.2173913;15.2173913;2.1739130434782603;13.043478260869602
2022-11;National;MARNE LA VALLEE;MARSEILLE ST CHARLES;208;265;0;;98;8.291156463;3.159622642;;29;28.52183908;5.00245283;;29;28.52183908;9;1;37.931034482758605;0.0;31.03448276;13.79310345;10.34482759;6.896551724
2022-11;National;MARSEILLE ST CHARLES;LILLE;283;198;0;;21;10.83571429;0.9241582491582518;;18;35.62944444444443;5.539983164983164;;18;34.65092592592591;7;2;27.77777777777778;5.555555555555555;11.11111111111111;11.11111111111111;16.666666666666664;27.77777777777778
2022-11;National;PARIS EST;METZ;85;262;0;;44;14.96174242;2.569083969;;30;27.258888888888904;3.528689567;;14;47.39166667;9;4;13.33333333;0.0;23.33333333;30.0;6.666666667;26.66666667
2022-11;National;PARIS LYON;DIJON VILLE;96;404;0;;38;13.62105263;1.122772277;;29;27.51034483;1.720915842;;20;34.13;8;2;31.03448276;10.34482759;17.24137931;27.5862069;13.79310345;0.0
2022-11;National;PARIS MONTPARNASSE;TOULOUSE MATABIAU;263;199;0;;21;9.157142857;0.477303183;;17;41.08529412;3.6417085427135696;;17;41.08529412;9;3;35.29411765;29.41176471;17.64705882;11.76470588;0.0;5.882352941
2022-11;National;LYON PART DIEU;RENNES;235;65;0;;40;4.990833333;3.190512821;;6;21.29722222;3.689487179;;6;21.29722222;0;0;16.66666667;33.33333333;16.66666667;0.0;0.0;33.33333333
2022-11;National;MARSEILLE ST CHARLES;TOURCOING;294;2;0;;1;8.266666667;3.8;;1;22.5;11.5;;1;22.5;0;0;100.0;0.0;0.0;0.0;0.0;0.0
2022-11;National;PARIS LYON;AIX EN PROVENCE TGV;182;448;0;;43;19.71317829;1.614360119;;34;43.38970588;4.481436012;;33;44.22373737;20;7;29.41176471;2.941176471;8.823529412;32.35294118;17.64705882;8.823529412
2022-11;National;PARIS MONTPARNASSE;ST MALO;152;91;1;;0;0.0;-0.396111111;;7;0.0;2.235740741;;6;26.45277778;2;0;14.28571429;57.142857142857096;28.57142857;0.0;0.0;0.0
2022-11;National;NIMES;PARIS LYON;176;219;0;;74;12.83085586;4.291019787;;37;35.9;7.250304414;;31;40.32526882;18;6;29.72972972972969;21.62162162;27.02702703;10.81081081;10.81081081;0.0
2022-11;National;PARIS NORD;LILLE;66;585;5;;52;18.95769230769229;1.3928195430471006;;69;30.58918617614268;4.0556619759972925;;34;52.02156862745099;23;5;16.90821256;23.119392684610062;24.70669427191167;21.25603864734304;7.798481711525188;6.211180124
2022-11;National;ST PIERRE DES CORPS;PARIS MONTPARNASSE;68;517;1;;211;6.457898894;2.765342377;;79;19.33987342;3.540083979;;34;31.72745098;11;2;16.4556962;27.84810127;36.70886076;7.594936709;5.063291139240509;6.329113924
2022-11;International;PARIS LYON;ITALIE;423;86;0;;23;23.58405797;6.133914728682179;;18;41.02777778;8.220930233;;18;41.02777778;11;4;27.77777778;11.11111111;5.555555555555561;50.0;5.555555555555561;0.0
2022-11;National;PARIS LYON;NICE VILLE;354;217;1;;35;18.3447619;2.647067901;;30;53.37222222;8.267438272;;30;53.37222222;12;7;53.33333333;0.0;13.33333333;30.0;0.0;3.333333333
2022-11;National;PARIS MONTPARNASSE;ST PIERRE DES CORPS;63;524;0;;48;16.22743056;1.056711196;;46;23.28333333;2.480884224;;24;36.61041667;11;4;20.45454545;22.72727272727269;20.45454545;18.18181818;4.545454545;13.63636364
2022-11;International;GENEVE;PARIS LYON;193;226;1;;160;2.6303125;2.083037037;;19;36.45350877;5.280518519;;19;36.45350877;7;2;29.41176471;23.52941176470589;41.17647059;0.0;0.0;5.882352941
2022-11;International;STUTTGART;PARIS EST;198;112;1;;92;9.096014493;6.210757576;;21;29.70079365;9.053939394;;21;29.700793650793702;10;0;0.0;0.0;66.66666667;23.80952381;9.523809524;0.0
2022-11;National;PARIS MONTPARNASSE;LAVAL;79;245;2;;20;10.12416667;0.433470508;;25;17.79533333;2.253292181;;10;29.741666666666696;2;1;12.0;20.0;28.000000000000004;20.0;12.0;8.0
2022-11;National;MARNE LA VALLEE;LYON PART DIEU;107;387;0;;218;9.554281346;5.44121447;;67;22.531343283582096;5.347717484926771;;41;29.03089431;14;0;10.76923077;1.538461538;24.615384615384603;44.61538462;9.230769231;9.230769231
2022-11;National;PARIS NORD;DOUAI;71;112;0;;12;17.60277778;1.600744048;;21;20.9015873;3.985119048;;7;43.08571429;5;1;9.523809524;19.04761905;28.57142857;28.57142857;9.523809524;4.761904762
2022-11;National;RENNES;PARIS MONTPARNASSE;104;795;0;;331;9.243907351;3.858888889;;123;28.18252033;5.260838574;;75;37.88666667;31;8;21.95121951;34.14634146;16.2601626;7.317073170731709;7.317073170731709;13.00813008
2022-11;International;MADRID;MARSEILLE ST CHARLES;481;29;0;;0;0.0;0.0;;5;0.0;11.75057471;;5;49.92333333;3;1;40.0;0.0;60.0;0.0;0.0;0.0
2022-11;National;PARIS LYON;MARSEILLE ST CHARLES;193;549;0;;68;21.02647059;2.326520681;;55;44.8;5.813625304;;55;44.8;29;10;25.454545454545503;1.818181818;10.90909091;43.636363636363605;10.90909091;7.272727273
2022-11;International;PARIS LYON;LAUSANNE;230;172;4;;17;11.18921569;0.671031746;;11;36.26666667;4.218154762;;11;36.26666667;3;1;40.0;20.0;30.0;10.0;0.0;0.0
2022-11;National;LE MANS;PARIS MONTPARNASSE;63;434;0;;217;7.932104455;3.988645112;;78;22.8275641;4.046728253;;38;36.69605263;15;3;22.97297297;29.72972972972969;20.27027027;13.51351351;1.351351351;12.16216216
2022-11;National;LYON PART DIEU;MONTPELLIER;114;269;2;;131;13.13727735;6.19113608;;44;31.83977273;5.355243446;;29;41.148275862069006;12;6;13.63636364;25.0;25.0;6.818181818;2.272727273;27.27272727
2022-11;National;NICE VILLE;PARIS LYON;351;220;0;;26;11.80833333;1.168333333;;27;41.17592593;7.145606061;;27;41.17592593;10;5;33.33333333;3.703703704;25.925925925925903;3.703703704;3.703703704;29.62962963
2022-11;National;SAINT ETIENNE CHATEAUCREUX;PARIS LYON;169;96;0;;8;3.91875;0.676950355;;19;33.50350877;8.080141844;;11;48.52272727;6;4;15.78947368;21.05263158;10.52631579;31.57894737;15.78947368;5.263157895
2022-11;National;PARIS MONTPARNASSE;TOURS;74;176;1;;16;16.91458333;0.7845714285714301;;17;18.94215686;2.402761905;;7;31.7952381;2;1;18.75;25.0;18.75;18.75;6.25;12.5
2022-11;National;PARIS NORD;DUNKERQUE;130;164;1;;14;19.65833333;1.337116564;;21;41.0;5.432515337;;14;54.92857143;9;3;23.80952381;19.04761905;19.04761905;33.33333333;4.761904762;0.0
2022-11;National;METZ;PARIS EST;87;296;0;;95;5.552105263;1.825394144;;36;20.95231481;3.615315315;;14;37.18571429;6;2;13.88888889;16.66666667;30.555555555555603;2.7777777777777803;0.0;36.11111111
2022-11;National;PARIS LYON;NIMES;176;203;0;;18;17.07962963;1.207799672;;25;37.17866667;6.735385878;;19;44.66754386;10;5;24.0;4.0;24.0;44.0;4.0;0.0
2022-11;National;PARIS LYON;ANNECY;222;119;0;;23;24.22028986;4.449159663865551;;21;45.76190476190481;11.4789916;;21;45.76190476;11;4;19.04761905;9.523809524;19.04761905;47.61904762;4.761904762;0.0
2022-11;National;BORDEAUX ST JEAN;PARIS MONTPARNASSE;147;953;0;;321;11.14626168;3.633105981;;138;32.98719807;5.997848898;;109;38.14587156;45;11;21.01449275;28.98550725;15.2173913;16.66666667;2.1739130434782603;15.94202899
2022-11;National;MARSEILLE ST CHARLES;MARNE LA VALLEE;211;239;0;;29;13.50977011;1.404951185;;25;31.948;4.141213389;;25;31.948;9;3;40.0;8.0;12.0;16.0;8.0;16.0
2022-11;National;PARIS EST;NANCY;97;293;0;;41;17.92439024;2.54556314;;19;46.86842105;4.022639363;;14;59.11547619;10;7;31.57894737;5.263157895;10.52631579;31.57894737;10.52631579;10.52631579
2022-11;International;FRANCFORT;PARIS EST;233;166;1;;86;4.527906977;2.566565657;;29;40.40977011;9.082929293;;29;40.40977011;13;2;3.448275862;0.0;86.20689655;10.34482759;0.0;0.0
2022-11;National;ARRAS;PARIS NORD;50;473;2;;225;8.285703704;3.905070922;;124;21.03669355;6.748617021;;51;36.88986928;27;3;6.611570248;29.75206612;27.27272727;23.14049587;9.917355371900827;3.305785124
2022-11;National;PARIS LYON;SAINT ETIENNE CHATEAUCREUX;173;99;0;;7;14.52142857;0.741919192;;11;29.0530303;5.215319865;;7;38.31904762;4;0;9.090909091;18.18181818;27.27272727;36.36363636;0.0;9.090909091
2022-11;National;PARIS MONTPARNASSE;LE MANS;55;452;1;;45;8.683333333;0.480931264;;39;16.66495726;1.691980783;;15;28.44666667;5;0;18.91891892;18.91891892;16.21621622;18.91891892;18.91891892;8.108108108
2022-11;National;PARIS NORD;ARRAS;48;459;4;;41;17.2703252;1.277545788;;44;38.86742424;4.767362637;;25;60.40933333;17;5;13.63636364;15.90909091;27.27272727;34.09090909;4.545454545454549;4.545454545454549
2022-11;National;LILLE;PARIS NORD;68;619;4;;152;8.390570175438603;1.854838830534288;;111;21.156251282445897;4.872401906909578;;42;39.70515873015874;27;3;11.552729199788008;20.66772655007947;24.80127186009541;17.64705882;16.48118706942236;8.850026497085302
2022-11;National;PARIS MONTPARNASSE;POITIERS;94;557;0;;44;15.38333333;0.767444644;;34;30.88921569;2.558946738;;20;44.41083333;13;5;23.52941176;26.47058824;8.823529412;23.52941176;2.941176471;14.70588235
2022-11;International;PARIS EST;FRANCFORT;227;166;5;;25;17.25066667;2.726915114;;35;33.45809524;12.942443064182198;;35;33.45809524;13;4;16.12903226;6.4516129032258105;54.83870968;9.677419355;0.0;12.903225806451598
2022-11;International;ZURICH;PARIS LYON;244;188;0;;118;2.007062147;1.512634409;;18;47.8287037;6.165501792;;18;47.8287037;6;2;27.77777778;5.555555555555561;33.33333333;16.66666667;0.0;16.66666667
2022-11;National;DIJON VILLE;PARIS LYON;98;370;1;;146;7.028995434;2.871874999999969;;26;32.04166667;3.322146739;;21;36.51031746;8;4;42.30769231;11.53846154;23.07692308;19.23076923;3.846153846;0.0
2022-11;National;MULHOUSE VILLE;PARIS LYON;169;323;1;;155;5.559462366;2.725207039;;31;37.72795699;4.575258799;;22;47.56666667;8;3;32.25806452;9.677419355;25.80645161;16.12903226;0.0;16.12903226
2022-11;National;NANTES;STRASBOURG;328;50;0;;9;13.18888889;2.288666667;;9;33.40925926;7.285999999999999;;9;33.40925926;4;1;11.11111111;0.0;33.33333333;33.33333333;0.0;22.22222222
2022-11;National;PARIS LYON;LYON PART DIEU;119;688;0;;63;16.05291005;1.036749031;;50;35.323;3.177955426;;37;43.01216216;20;8;12.0;22.0;20.0;24.0;6.0;16.0
2022-11;National;VALENCE ALIXAN TGV;PARIS LYON;132;411;0;;292;10.29218037;7.392487685;;67;36.23258706;6.9158867;;55;41.23969697;31;9;43.283582089552205;16.41791045;17.91044776;8.955223881;5.970149254;7.462686567
2022-11;National;PARIS EST;STRASBOURG;114;581;3;;96;15.816319444444398;2.614417532;;38;34.9995614;3.111130334;;33;38.29090909;13;6;18.42105263;2.631578947;0.0;50.0;2.631578947;26.31578947
2022-11;National;PARIS MONTPARNASSE;BORDEAUX ST JEAN;141;969;0;;116;12.71724138;1.060835913;;97;30.26821306;4.013639491;;61;40.48278689;35;9;18.55670103;20.618556701030897;19.58762887;18.55670103;16.49484536;6.18556701
2022-11;National;PARIS MONTPARNASSE;BREST;226;247;1;;34;13.7995098;1.462059621;;34;34.61764706;5.808943089;;34;34.61764706;14;3;20.58823529;32.35294118;11.76470588;23.52941176;8.823529412;2.941176471
2022-11;National;PARIS MONTPARNASSE;NANTES;133;544;0;;63;10.76481481;0.907383578;;66;31.39368687;5.770098039;;49;38.02789116;21;9;27.27272727;22.72727272727269;21.21212121;16.66666667;1.5151515151515202;10.60606061
2022-11;National;TOULON;PARIS LYON;239;268;0;;49;13.83843537;2.467039801;;31;41.85268817;6.800559701;;31;41.85268817;12;7;32.25806452;6.4516129032258105;25.80645161;3.2258064516128995;3.2258064516128995;29.032258064516096
2022-11;National;VANNES;PARIS MONTPARNASSE;164;264;0;;200;5.475;4.174271229;;47;25.73191489;5.615209125;;28;34.21071429;11;3;19.14893617;34.04255319;23.404255319148906;8.510638298;4.255319149;10.63829787
2022-11;National;LE CREUSOT MONTCEAU MONTCHANIN;PARIS LYON;79;209;0;;76;10.36118421;3.777214171;;27;28.7154321;4.179066023;;15;44.22444444;8;2;14.81481481;3.703703704;25.925925925925903;14.81481481;7.407407407407408;33.33333333
2022-11;National;NANTES;PARIS MONTPARNASSE;137;561;0;;162;8.36090535;2.276440879;;63;29.52804233;4.166428996;;46;35.45978261;23;3;20.96774194;25.80645161;24.19354839;14.51612903;4.838709677;9.677419355
2022-11;National;TOULOUSE MATABIAU;PARIS MONTPARNASSE;274;191;0;;16;13.1625;1.015438596;;30;47.27055556;9.227368421;;30;47.27055556;12;4;23.33333333;20.0;16.66666667;20.0;3.333333333;16.66666667
2022-11;National;LYON PART DIEU;PARIS LYON;118;745;1;;380;7.330789474;3.859684685;;82;39.93922764;5.356824324;;57;51.67748538;31;17;18.29268293;14.63414634;15.85365854;19.51219512;14.63414634;17.07317073
2022-11;International;BARCELONA;PARIS LYON;396;29;0;;15;3.913333333;1.989655172;;3;55.15555556;8.621264368;;3;55.15555556;2;1;100.0;0.0;0.0;0.0;0.0;0.0
2022-11;National;MARSEILLE ST CHARLES;LYON PART DIEU;103;501;0;;118;10.04562147;2.259481038;;69;29.97753623;5.782634731;;47;37.84255319;22;5;25.37313433;7.462686567;26.86567164;10.44776119;13.43283582;16.41791045
2022-11;National;PARIS MONTPARNASSE;ANGERS SAINT LAUD;93;468;0;;54;9.934876543;0.741061254;;48;21.50416667;2.744017094;;28;29.35833333;6;2;22.72727272727269;25.0;20.45454545;18.18181818;2.272727273;11.36363636
2022-11;National;PARIS LYON;LE CREUSOT MONTCEAU MONTCHANIN;79;191;0;;22;12.08409091;1.159336824;;24;18.37777778;2.161256545;;7;34.22619048;4;1;17.39130435;8.695652173913041;17.39130435;34.7826087;13.043478260869602;8.695652173913041
2022-11;National;PARIS LYON;MACON LOCHE;95;248;0;;42;23.21468254;3.69375;;34;33.92107843;5.670362903;;27;39.09753086;11;5;8.823529412;11.76470588;8.823529412;67.64705882;2.941176471;0.0
2022-11;National;PARIS MONTPARNASSE;LA ROCHELLE VILLE;175;205;1;;15;7.432222222;0.158578431;;12;36.33333333;2.568627451;;11;38.27272727;6;2;66.66666667;8.333333333;8.333333333;0.0;0.0;16.66666667
2022-11;National;AIX EN PROVENCE TGV;PARIS LYON;184;496;0;;214;10.13816199;4.379502688;;51;37.28071895;5.150974462;;43;41.72131783;21;9;25.49019608;17.64705882;29.41176471;7.843137255;1.960784314;17.64705882
2022-11;National;GRENOBLE;PARIS LYON;178;188;0;;12;15.41666667;0.985195035;;15;44.66333333;5.006648936;;14;46.9297619;8;2;20.0;26.66666667;40.0;6.666666667;0.0;6.666666667
2022-11;National;PARIS LYON;PERPIGNAN;302;157;0;;16;13.90625;1.145541401;;17;50.60784314;6.128874735;;17;50.60784314;9;5;52.94117647;5.882352941;17.64705882;23.52941176;0.0;0.0
2022-11;National;PERPIGNAN;PARIS LYON;306;173;0;;61;15.8057377;5.390366089;;27;45.47160494;8.645183044;;27;45.47160494;17;6;51.851851851851805;7.407407407407408;22.22222222;7.407407407407408;7.407407407407408;3.703703704
2022-11;National;MACON LOCHE;PARIS LYON;95;241;0;;179;13.62504655;10.36957447;;75;34.46311111;10.74829787;;54;43.97222222;21;11;25.333333333333304;14.66666667;44.0;13.33333333;1.333333333;1.333333333
2022-11;National;STRASBOURG;PARIS EST;116;548;1;;320;11.52083333;6.773644119;;109;28.81284404;7.107129799;;74;36.06711712;33;4;6.422018348623849;6.422018348623849;67.88990826;8.256880734;5.504587156;5.504587156
2022-11;International;ITALIE;PARIS LYON;427;85;0;;77;10.48246753;9.543137255;;24;48.06041667;16.80098039;;24;48.06041667;10;5;37.5;12.5;29.166666666666703;20.83333333;0.0;0.0
2022-11;International;PARIS LYON;ZURICH;244;167;1;;25;13.68933333;1.444578313;;26;37.33653846;7.435943775;;26;37.33653846;14;4;20.83333333;33.33333333;12.5;16.66666667;12.5;4.166666667
2022-11;National;CHAMBERY CHALLES LES EAUX;PARIS LYON;173;207;0;;133;12.18859649;7.729227053;;55;38.20818182;12.63148148;;49;41.19591837;18;8;21.81818182;20.0;40.0;16.36363636;0.0;1.818181818
2022-11;National;ANNECY;PARIS LYON;222;122;0;;0;0.0;0.005191257;;25;0.0;9.726502732;;25;34.606;8;3;12.0;28.000000000000004;40.0;16.0;0.0;4.0
2022-11;National;LILLE;MARSEILLE ST CHARLES;296;216;0;;53;6.635849056603773;1.4588685834957769;;26;26.624932614555224;5.186039636127355;;26;27.29615384615381;7;1;38.46153846153848;0.0;34.615384615384585;11.53846153846155;7.692307692;7.692307692307689
2022-11;National;NANCY;PARIS EST;94;288;0;;75;6.571333333;1.793229167;;27;27.93148148;2.91869213;;15;42.98888889;11;2;25.925925925925903;7.407407407407408;48.14814815;11.11111111;0.0;7.407407407407408
2022-11;National;PARIS MONTPARNASSE;QUIMPER;222;216;1;;26;14.39166667;1.2910852713178298;;33;38.3030303;6.16744186;;33;38.3030303;14;3;24.24242424;27.27272727;15.151515151515198;27.27272727;6.060606061;0.0
2022-11;National;PARIS LYON;TOULON;237;269;1;;39;19.94316239;2.567288557;;36;36.93981481;8.092039801;;36;36.93981481;16;3;27.77777778;5.555555555555561;11.11111111;50.0;0.0;5.555555555555561
2022-11;National;REIMS;PARIS EST;46;229;0;;37;9.51981982;1.649636099;;25;26.33666667;3.137117904;;13;42.04358974;7;2;13.043478260869602;8.695652173913041;21.73913043;17.39130435;30.43478261;8.695652173913041
2022-11;National;AVIGNON TGV;PARIS LYON;165;454;0;;182;9.092765568;3.581534508;;50;31.67733333;4.420631424;;36;39.06157407;16;7;26.0;18.0;26.0;8.0;0.0;22.0
2022-11;National;BESANCON FRANCHE COMTE TGV;PARIS LYON;132;169;1;;36;7.543518519;1.379464286;;9;38.52592593;3.138690476;;6;50.80277778;3;2;55.55555556;22.22222222;22.22222222;0.0;0.0;0.0
2022-11;National;PARIS EST;REIMS;45;228;0;;38;19.62236842;3.363157895;;28;31.04702381;4.752266082;;15;49.55888889;10;6;26.92307692;0.0;15.38461538;26.92307692;11.53846154;19.23076923
2022-11;National;PARIS LYON;BELLEGARDE (AIN);162;231;0;;35;17.04095238;2.395454545;;28;33.19047619;5.492784993;;20;40.70333333;11;3;32.14285714;10.71428571;17.85714286;21.42857143;10.71428571;7.142857143
2022-11;National;PARIS LYON;CHAMBERY CHALLES LES EAUX;173;205;0;;46;23.90217391;5.155934959;;55;33.3869697;10.504959349593502;;44;38.7280303;18;7;14.54545455;21.81818182;18.18181818;43.636363636363605;1.818181818;0.0
2022-11;National;PARIS LYON;MULHOUSE VILLE;168;316;0;;41;14.921544715447196;1.777004219;;36;31.25138889;3.873892405;;24;40.23958333;13;4;25.0;25.0;11.11111111;19.44444444;13.88888889;5.555555555555561
2022-11;National;PARIS MONTPARNASSE;VANNES;152;242;0;;33;15.35757576;1.651721763;;41;34.81707317;7.140495868;;34;39.39705882;15;4;21.95121951;17.07317073;12.19512195;34.14634146;7.317073170731709;7.317073170731709
2022-11;National;QUIMPER;PARIS MONTPARNASSE;231;231;0;;18;15.05555556;1.173913043;;23;36.3326087;5.46826087;;23;36.3326087;10;3;21.73913043;34.78260869565219;8.695652173913041;13.043478260869602;8.695652173913041;13.043478260869602
2022-11;National;BREST;PARIS MONTPARNASSE;236;255;0;;15;14.26666667;0.842287582;;25;37.32;5.198235294;;25;37.32;10;3;24.0;36.0;12.0;4.0;12.0;12.0
2022-11;National;DOUAI;PARIS NORD;75;152;0;;52;8.923717949;3.283678161;;43;22.09767442;6.473448276;;18;38.53518519;8;2;7.317073170731709;36.58536585;26.82926829;14.63414634;12.195121951219502;2.43902439
2022-11;National;MARSEILLE ST CHARLES;PARIS LYON;198;536;0;;125;10.42626667;2.211329588;;50;37.999;4.764700375;;50;37.999;19;9;30.0;10.0;18.0;10.0;0.0;32.0
2022-11;International;MARSEILLE ST CHARLES;MADRID;463;28;0;;5;4.09;0.914285714;;0;0.0;0.0;;0;0.0;0;0;0.0;0.0;0.0;0.0;0.0;0.0
2022-11;National;ANGERS SAINT LAUD;PARIS MONTPARNASSE;99;487;0;;359;6.424001857;4.859400826;;58;28.1091954;3.847520661;;41;35.10487805;21;2;28.07017544;21.05263158;22.807017543859605;15.78947368;3.50877193;8.771929825
2022-11;National;ANGOULEME;PARIS MONTPARNASSE;132;325;0;;197;7.814974619;4.773395445;;52;33.30929487;4.596635611;;40;39.25375;12;2;23.07692308;30.76923077;13.46153846;9.615384615;3.846153846;19.23076923
2022-11;National;DUNKERQUE;PARIS NORD;131;159;0;;5;5.8;0.184713376;;23;28.3;6.09373673;;14;38.36190476;9;1;4.347826086956521;39.130434782608695;21.73913043;26.08695652;4.347826086956521;4.347826086956521
2022-11;National;PARIS LYON;GRENOBLE;180;202;0;;30;16.21111111;2.179620462;;33;30.3030303;5.851485149;;24;37.0;17;2;15.151515151515198;24.24242424;24.24242424;30.303030303030297;3.03030303;3.03030303
2022-11;National;PARIS LYON;VALENCE ALIXAN TGV;129;343;1;;39;14.09871795;1.336852395;;35;34.01761905;4.124144673;;29;38.4045977;15;4;22.857142857142904;2.857142857;17.14285714;57.142857142857096;0.0;0.0
2022-11;National;PARIS MONTPARNASSE;ANGOULEME;125;313;0;;34;15.29411765;1.212726305;;23;30.570289855072502;3.222630458;;13;44.26025641;9;3;21.73913043;4.347826086956521;13.043478260869602;17.391304347826097;21.73913043;21.73913043
2022-11;National;STRASBOURG;NANTES;325;50;0;;5;3.043333333;0.337;;3;65.12777778;4.996;;3;65.12777778;3;1;66.66666667;0.0;0.0;0.0;0.0;33.33333333
2022-11;International;PARIS EST;STUTTGART;196;102;2;;15;12.19444444;1.864833333;;13;32.46794872;8.476333333;;13;32.46794872;4;2;15.38461538;0.0;46.15384615;15.38461538;0.0;23.07692308
2022-11;National;PARIS MONTPARNASSE;RENNES;97;764;0;;87;14.10823755;1.170440663;;94;26.89875887;3.260362129;;58;36.72701149;24;6;25.80645161;18.27956989;13.978494623655898;25.80645161;11.82795699;4.301075269
2022-12;International;MARSEILLE ST CHARLES;MADRID;463;10;1;;1;1.0;0.238888889;;0;0.0;0.0;;0;0.0;0;0;0.0;0.0;0.0;0.0;0.0;0.0
2022-12;International;PARIS LYON;BARCELONA;403;52;3;;8;13.26041667;1.997619048;;6;56.0;8.081632653;;6;56.0;5;2;50.0;0.0;33.33333333;16.66666667;0.0;0.0
2022-12;National;PARIS EST;METZ;85;281;22;;73;19.73196347;5.596138996;;65;28.716923076923106;7.671814672;;34;45.99656863;20;9;14.28571429;4.761904762;20.63492063;30.15873016;22.22222222;7.936507937
2022-12;International;PARIS LYON;GENEVE;194;249;29;;59;17.46271186;3.385454545;;21;35.17380952;3.974924242;;21;35.17380952;10;3;4.761904762;9.523809524;14.28571429;47.61904762;19.04761905;4.761904762
2022-12;National;LA ROCHELLE VILLE;PARIS MONTPARNASSE;173;217;24;;14;6.142857143;0.449827288;;26;34.77564103;6.075993092;;18;44.61203704;7;2;28.000000000000004;24.000000000000004;32.0;16.0;0.0;0.0
2022-12;National;PARIS LYON;ANNECY;227;147;18;;29;15.68218391;3.383591731;;25;34.16;8.240310078;;25;34.16;11;2;4.0;24.0;16.0;52.0;0.0;4.0
2022-12;National;PARIS LYON;NIMES;182;214;13;;34;15.49656863;2.350912106;;30;35.85222222;7.386981758;;27;38.32407407;16;1;6.896551724;0.0;27.5862069;44.827586206896605;10.34482759;10.34482759
2022-12;International;MADRID;MARSEILLE ST CHARLES;481;10;5;;0;0.0;0.0;;0;0.0;1.623333333;;0;0.0;0;0;0.0;0.0;0.0;0.0;0.0;0.0
2022-12;International;PARIS LYON;ITALIE;425;96;9;;17;16.7754902;3.2471264367816097;;15;55.8;9.482758621;;15;55.8;8;5;13.33333333;20.0;6.666666667;46.66666667;0.0;13.33333333
2022-12;National;AIX EN PROVENCE TGV;PARIS LYON;187;468;44;;262;6.682251908;4.189779874;;28;29.70178571;3.2312500000000006;;27;30.2962963;6;2;11.11111111;11.11111111;29.62962963;33.33333333;14.81481481;0.0
2022-12;National;MARSEILLE ST CHARLES;LILLE;282;207;26;;23;11.985507246376814;1.3239305014642393;;38;42.74087560386474;11.250036228602465;;38;40.87763157894738;17;8;28.947368421052605;10.526315789473657;5.263157894736839;15.789473684210552;21.05263157894734;18.421052631578945
2022-12;National;PARIS EST;NANCY;97;300;29;;57;19.13567251;4.108241082;;41;34.38252033;5.966297663;;31;41.14247312;12;8;14.63414634;0.0;14.63414634;39.02439024;17.07317073;14.63414634
2022-12;National;PARIS LYON;BELLEGARDE (AIN);166;282;28;;63;16.97275132;4.097309711;;32;35.69427083;5.949278215;;26;40.5775641;14;6;12.5;9.375;18.75;34.375;18.75;6.25
2022-12;National;PARIS MONTPARNASSE;RENNES;98;764;75;;127;14.20866142;2.302854378;;119;25.24635854;4.758514756;;72;34.43541667;27;9;17.24137931;24.13793103;18.96551724;16.379310344827598;11.20689655;12.06896552
2022-12;National;PARIS NORD;LILLE;67;578;51;;64;17.72343749999997;1.846805819101833;;63;30.48180183531744;4.119449715370024;;38;43.90131579;19;5;12.698412698412708;31.746031746031733;19.04761904761906;14.28571428571428;14.285714285714304;7.936507936507933
2022-12;National;QUIMPER;PARIS MONTPARNASSE;233;260;25;;24;28.62708333;3.071577381;;33;44.2959596;8.131026786;;33;44.2959596;21;7;33.33333333;27.27272727;6.060606061;27.27272727;3.03030303;3.03030303
2022-12;National;STRASBOURG;NANTES;325;62;10;;20;11.5725;4.554807692;;10;54.665;11.89326923;;10;54.665;8;3;50.0;0.0;10.0;10.0;10.0;20.0
2022-12;National;LE CREUSOT MONTCEAU MONTCHANIN;PARIS LYON;83;223;36;;89;6.594569288;3.1141711229946503;;24;15.92638889;2.269251337;;9;25.09074074;2;0;13.043478260869602;4.347826086956521;34.7826087;30.43478261;4.347826086956521;13.043478260869602
2022-12;International;PARIS LYON;LAUSANNE;234;172;16;;27;20.16358025;3.387820513;;18;52.51203704;6.998397435897441;;18;52.51203704;12;7;11.11111111;5.555555555555561;16.66666667;44.44444444;16.66666667;5.555555555555561
2022-12;National;BORDEAUX ST JEAN;TOURCOING;333;24;7;;2;20.66666667;2.299019608;;1;30.0;3.0;;1;30.0;0;0;0.0;0.0;0.0;100.0;0.0;0.0
2022-12;National;BREST;PARIS MONTPARNASSE;230;283;20;;16;10.13020833;0.635620915;;37;40.5963964;7.809542484;;37;40.5963964;19;4;25.0;16.66666667;13.88888889;33.33333333;0.0;11.11111111
2022-12;National;LYON PART DIEU;PARIS LYON;121;751;105;;335;6.723432836;3.617389060887509;;58;24.61609195;2.921026832;;41;29.198373983739803;10;1;17.85714286;5.357142857;17.85714286;35.71428571;7.142857142857138;16.07142857
2022-12;National;STRASBOURG;PARIS EST;115;586;14;;336;14.27132937;8.426765908;;137;36.80425791;9.840542907;;108;43.13549383;58;20;7.299270073;2.919708029;45.25547445;24.087591240875906;13.86861314;6.569343065693429
2022-12;National;PARIS EST;STRASBOURG;114;629;20;;152;19.4935307;4.786726875;;127;30.87020997;7.421072797;;86;39.23391473;44;10;15.2;5.6000000000000005;8.799999999999999;40.0;21.6;8.799999999999999
2022-12;National;PARIS LYON;MACON LOCHE;98;280;36;;52;15.42724359;3.092213115;;33;32.53030303;5.263046448;;27;36.60555556;13;2;3.03030303;6.060606061;9.090909091;75.75757575757581;0.0;6.060606061
2022-12;National;AVIGNON TGV;PARIS LYON;166;452;44;;213;7.23286385;3.7333333333333294;;34;25.75294118;3.235988562;;21;33.65793651;7;3;12.12121212;12.12121212;30.303030303030297;33.33333333;6.0606060606060606;6.0606060606060606
2022-12;National;GRENOBLE;PARIS LYON;184;209;19;;16;6.470833333;0.552719298;;14;35.69166667;3.9976315789473698;;14;35.69166667;4;1;21.42857143;14.28571429;28.57142857;28.57142857;0.0;7.142857143
2022-12;National;NANCY;PARIS EST;95;289;26;;76;9.781140351;2.88086185;;38;28.45657895;4.154055767;;18;48.4462963;10;4;8.108108108;10.81081081;18.91891892;35.13513514;18.91891892;8.108108108
2022-12;National;PARIS LYON;DIJON VILLE;99;422;40;;45;18.07296296;1.998167539;;27;32.65864198;2.253010471;;23;35.97391304;12;2;7.407407407407408;3.703703704;18.51851852;48.14814815;18.51851852;3.703703704
2022-12;National;PARIS MONTPARNASSE;BREST;225;288;33;;48;11.222569444444398;1.640980392;;37;34.35135135;6.3;;37;34.35135135;19;4;13.51351351;16.21621622;13.51351351;35.13513514;13.51351351;8.108108108
2022-12;National;REIMS;PARIS EST;46;229;22;;39;11.92521368;2.317391304;;28;25.0577381;3.787278583;;14;40.09880952;11;1;14.81481481;3.703703704;37.03703704;18.518518518518498;22.22222222;3.703703704
2022-12;National;PARIS LYON;LE CREUSOT MONTCEAU MONTCHANIN;83;213;25;;26;8.499358974;0.955141844;;11;16.02424242;0.674113475;;4;23.34583333;0;0;0.0;0.0;9.090909091;72.72727272727269;9.090909091;9.090909091
2022-12;National;PARIS LYON;MULHOUSE VILLE;172;336;29;;44;14.59280303;1.940553746;;23;34.45144928;3.3478827361563503;;21;36.43174603;10;2;13.043478260869602;0.0;26.08695652;52.17391304;8.695652173913041;0.0
2022-12;National;PARIS MONTPARNASSE;LE MANS;55;459;41;;79;16.84409283;2.7094497607655503;;83;22.85401606;5.048564593;;36;40.34398148;18;6;7.594936709;35.44303797;18.98734177;18.98734177;10.12658228;8.860759494
2022-12;National;PARIS MONTPARNASSE;QUIMPER;225;249;30;;42;18.81904762;2.816438356;;34;38.14705882;7.589041096;;34;38.14705882;13;6;14.70588235;17.64705882;14.70588235;35.29411765;14.70588235;2.941176471
2022-12;National;LILLE;MARSEILLE ST CHARLES;297;241;37;;66;20.711868686868684;6.602212806;;45;42.51927609427605;11.77501513317193;;45;41.45296296296292;23;8;8.888888888888886;4.444444444444444;42.22222222222221;28.88888888888892;8.888888889;6.666666666666675
2022-12;National;PARIS LYON;BESANCON FRANCHE COMTE TGV;131;169;16;;15;18.058888888888905;1.618082789;;15;25.42666667;3.684313725;;10;31.42666666666669;5;0;6.666666667;6.666666667;20.0;60.0;6.666666667;0.0
2022-12;National;PARIS MONTPARNASSE;LAVAL;78;297;25;;60;16.54361111;3.332046569;;66;23.44823232;6.135416667;;33;37.10050505;14;6;7.8125;23.4375;29.6875;18.75;10.9375;9.375
2022-12;National;PARIS NORD;DOUAI;70;136;18;;15;12.94777778;1.456497175;;10;44.40666667;4.890112994;;6;66.23333333;2;2;20.0;40.0;10.0;10.0;10.0;10.0
2022-12;National;BESANCON FRANCHE COMTE TGV;PARIS LYON;134;181;17;;63;8.653968254;3.1574642126789403;;14;31.95119048;3.1604294478527595;;11;36.93787879;6;2;14.28571429;14.28571429;28.57142857;35.71428571;0.0;7.142857143
2022-12;National;PARIS MONTPARNASSE;ANGERS SAINT LAUD;89;517;51;;70;13.69738095;1.57786123;;86;28.43023256;6.344670959;;50;40.985;23;10;18.07228916;18.07228916;22.89156627;16.867469879518097;10.84337349;13.25301205
2022-12;National;TOULON;PARIS LYON;246;274;30;;105;5.949365079;2.597540984;;18;30.72407407;3.36181694;;18;30.724074074074096;4;1;11.11111111;11.11111111;27.77777778;33.33333333;11.11111111;5.555555555555561
2022-12;National;NICE VILLE;PARIS LYON;354;221;26;;12;15.966666666666702;0.775726496;;16;31.82395833333329;3.369487179487181;;16;31.82395833;4;1;12.5;12.5;31.25;25.0;12.5;6.25
2022-12;National;LYON PART DIEU;MARSEILLE ST CHARLES;104;507;112;;250;16.18086667;10.36505922;;106;37.40786164;11.605795262267302;;90;41.61111111;49;15;9.523809524;7.619047619047621;37.142857142857096;32.38095238;1.904761905;11.42857143
2022-12;National;PARIS LYON;NICE VILLE;354;228;27;;38;12.71403509;2.177031509;;26;35.82179487;5.174212272;;26;35.82179487;10;3;3.846153846;26.92307692;30.76923077;15.38461538;3.846153846;19.23076923
2022-12;National;PARIS MONTPARNASSE;ST PIERRE DES CORPS;62;533;63;;75;14.14;1.895390071;;86;18.34244186;4.00748227;;36;29.37638889;9;3;2.380952381;25.0;29.76190476;21.428571428571395;15.47619048;5.952380952
2022-12;International;PARIS LYON;ZURICH;248;161;11;;21;12.87857143;1.064111111;;22;26.69469697;6.413444444;;22;26.69469697;4;0;22.72727272727269;0.0;63.636363636363605;13.63636364;0.0;0.0
2022-12;International;STUTTGART;PARIS EST;194;149;5;;120;7.54375;5.824242424;;31;40.81290323;11.59708625;;31;40.81290323;16;6;9.677419355;0.0;61.29032258;19.35483871;3.2258064516128995;6.4516129032258105
2022-12;National;LYON PART DIEU;MONTPELLIER;113;266;65;;137;15.575060827250596;10.73066667;;66;35.80353535;12.34341667;;55;40.38787879;23;7;13.63636364;15.151515151515198;18.18181818;25.75757576;7.575757576;19.6969697
2022-12;National;MARSEILLE ST CHARLES;MARNE LA VALLEE;210;279;38;;30;11.84055556;1.209543568;;34;38.84607843;7.053388658;;34;38.84607843;12;6;38.23529412;8.823529412;5.882352941;14.70588235;23.52941176;8.823529412
2022-12;National;MARSEILLE ST CHARLES;TOURCOING;284;24;6;;2;4.358333333;0.135185185;;2;78.5;12.88888889;;2;78.5;1;1;0.0;0.0;50.0;50.0;0.0;0.0
2022-12;National;PARIS MONTPARNASSE;VANNES;155;272;34;;50;16.808;3.196708683;;46;32.79347826;7.81092437;;35;39.02857143;15;7;10.86956522;19.56521739130429;17.391304347826097;30.43478261;10.86956522;10.86956522
2022-12;National;TOURCOING;BORDEAUX ST JEAN;300;23;6;;2;16.0;1.882352941;;1;66.48333333;5.306862745;;1;66.48333333;1;1;0.0;0.0;0.0;100.0;0.0;0.0
2022-12;National;PARIS MONTPARNASSE;BORDEAUX ST JEAN;139;1030;147;;157;13.96125265;2.090732352;;130;31.40692308;5.724745186862959;;91;39.18809524;38;15;13.17829457;24.80620155;13.17829457;24.80620155;14.72868217;9.302325581
2022-12;National;DIJON VILLE;PARIS LYON;101;406;40;;187;9.695187166;5.014708561;;41;40.97113821;5.121903461;;32;48.55052083;17;10;19.51219512;12.19512195;31.70731707;21.95121951;4.878048780487811;9.756097561
2022-12;National;PARIS MONTPARNASSE;TOURS;74;192;21;;28;16.17559524;2.169883041;;30;20.37277778;4.130701754;;12;34.02222222;4;2;3.448275862;20.68965517;31.03448276;13.79310345;20.68965517;10.34482759
2022-12;National;TOURS;PARIS MONTPARNASSE;78;196;21;;25;6.365333333;0.954693487;;32;15.23958333;3.125957854;;13;24.288461538461497;2;0;6.25;31.25;40.625;9.375;6.25;6.25
2022-12;National;VANNES;PARIS MONTPARNASSE;166;288;26;;175;9.290285714;6.594176707;;60;35.53416667;9.203614458;;42;45.33293651;27;9;28.33333333;21.666666666666703;18.33333333;23.33333333;3.333333333;5.0
2022-12;National;LE MANS;PARIS MONTPARNASSE;60;473;37;;203;13.29441708;6.263217054;;115;27.67376812;6.711511627906981;;60;44.21305556;32;12;14.03508772;22.80701754;27.192982456140403;19.29824561;5.263157895;11.40350877
2022-12;International;ZURICH;PARIS LYON;247;178;11;;63;1.827777778;1.105521472;;17;34.54019608;5.024130879;;17;34.54019608;5;3;11.76470588;17.64705882;52.94117647;5.882352941;0.0;11.76470588
2022-12;National;PARIS LYON;SAINT ETIENNE CHATEAUCREUX;174;120;23;;17;14.37058824;2.316151203;;9;32.10925926;4.872164948;;6;41.73055556;2;1;11.11111111;0.0;33.33333333;44.44444444;11.11111111;0.0
2022-12;International;BARCELONA;PARIS LYON;405;51;3;;12;5.740277778;1.444326241;;6;43.71944444;6.974822695;;6;43.71944444;4;2;33.33333333;16.66666667;16.66666667;33.33333333;0.0;0.0
2022-12;National;ANGOULEME;PARIS MONTPARNASSE;127;344;50;;182;10.14505495;6.500526316;;57;38.5005848;8.058304094;;42;47.79047619;18;7;14.03508772;28.070175438596507;22.80701754;15.78947368;10.52631579;8.771929825
2022-12;National;MARNE LA VALLEE;LYON PART DIEU;109;406;83;;243;21.334362139917697;16.11408669;;78;57.0241453;15.50304438;;63;67.41375661;47;19;5.128205128;12.82051282;23.07692308;38.46153846;14.1025641;6.41025641
2022-12;National;RENNES;PARIS MONTPARNASSE;102;817;69;;394;10.88980541;5.797625448;;169;32.19201183;7.938732079;;111;42.35315315;62;16;22.023809523809504;18.45238095;22.619047619047603;24.4047619;2.9761904761904803;9.523809523809522
2022-12;National;ST PIERRE DES CORPS;PARIS MONTPARNASSE;66;548;75;;184;6.109420289855069;2.537891738;;94;17.31329787;3.339066952;;39;28.32863248;8;2;8.988764045;28.08988764;39.3258427;7.865168539;6.741573033707871;8.988764045
2022-12;National;NIMES;PARIS LYON;180;239;18;;97;11.21683849;4.964177979;;34;31.98137255;5.890723982;;29;35.16609195;13;3;11.76470588;17.64705882;29.41176471;20.58823529;14.70588235;5.882352941
2022-12;National;PARIS LYON;CHAMBERY CHALLES LES EAUX;178;307;25;;56;16.39136905;3.144503546;;54;33.19228395;7.887884160756501;;43;38.10348837;18;4;5.555555555555561;14.81481481;29.62962963;46.29629629629631;0.0;3.703703704
2022-12;National;ST MALO;PARIS MONTPARNASSE;156;96;8;;8;8.23125;0.8703947368421049;;24;42.02152778;11.31622807;;18;51.80740741;12;3;20.83333333;20.83333333;16.66666667;20.83333333;0.0;20.83333333
2022-12;National;LILLE;PARIS NORD;69;597;53;;176;12.685511363636406;3.9868926765212063;;130;25.254819624819618;7.036286166420844;;54;46.23364197530863;27;12;10.27472527472526;14.065934065934066;19.06593406593406;30.714285714285683;16.153846153846153;9.725274725
2022-12;National;MONTPELLIER;PARIS LYON;211;245;18;;83;11.09799197;4.07958884;;29;35.16609195;5.745374449;;29;35.16609195;13;3;13.79310345;20.68965517;17.24137931;24.13793103;17.24137931;6.896551724
2022-12;National;PARIS MONTPARNASSE;LA ROCHELLE VILLE;175;224;27;;30;9.628888889;1.028680203;;27;42.18518519;7.225888325;;21;50.42857142857141;9;5;22.22222222;22.22222222;25.925925925925903;25.925925925925903;0.0;3.703703704
2022-12;National;PARIS LYON;GRENOBLE;184;235;21;;29;21.09137931;2.629672897;;16;34.28125;3.549065421;;15;35.76666667;8;2;0.0;12.5;18.75;56.25;12.5;0.0
2022-12;National;PARIS LYON;LYON PART DIEU;122;732;102;;80;12.69645833;1.332566138;;48;26.42638889;2.676719577;;26;37.075;8;3;4.166666666666671;6.25;29.166666666666703;35.41666667;20.83333333;4.166666666666671
2022-12;National;PARIS MONTPARNASSE;POITIERS;94;594;77;;74;13.0277027;1.520180529;;71;26.91244131;4.405061251;;37;41.21801802;12;5;11.42857143;30.0;24.28571428571429;24.28571428571429;4.285714286;5.714285714
2022-12;International;FRANCFORT;PARIS EST;232;129;10;;55;3.749090909;1.648728814;;25;38.57266667;11.46412429;;25;38.57266667;13;4;8.0;4.0;76.0;4.0;0.0;8.0
2022-12;International;LAUSANNE;PARIS LYON;233;172;16;;122;3.000136612;2.519247312;;14;56.50238095;5.534193548;;14;56.50238095;11;4;21.42857143;7.142857143;14.28571429;35.71428571;7.142857143;14.28571429
2022-12;International;PARIS EST;FRANCFORT;229;125;10;;13;19.55897436;2.283043478;;33;31.861616161616205;13.88797101;;33;31.86161616;12;2;3.125;6.25;65.625;9.375;9.375;6.25
2022-12;National;DUNKERQUE;PARIS NORD;130;159;18;;4;9.0;0.258992806;;23;33.85362319;7.659952038369299;;17;41.04607843;6;2;8.695652173913041;30.43478261;21.73913043;30.43478261;8.695652173913041;0.0
2022-12;National;NANTES;STRASBOURG;312;63;9;;13;11.57564103;2.803703704;;5;44.94333333;6.376851852;;5;44.94333333;3;1;0.0;0.0;60.0;20.0;0.0;20.0
2022-12;National;PARIS LYON;VALENCE ALIXAN TGV;134;387;36;;64;17.53359375;2.975166192;;52;30.48461538;5.722792023;;34;39.6254902;24;3;9.803921568627452;0.0;25.49019608;50.98039216;3.921568627;9.803921568627452
2022-12;National;PARIS MONTPARNASSE;TOULOUSE MATABIAU;263;218;42;;35;16.7747619;2.963541667;;34;53.37058824;10.97784091;;34;53.37058824;22;9;20.58823529;38.23529412;5.882352941;11.76470588;14.70588235;8.823529412
2022-12;National;PARIS LYON;PERPIGNAN;308;188;24;;32;17.10260417;3.115243902;;30;41.53166667;8.756605691;;30;41.53166667;19;4;20.0;3.333333333;36.66666667;26.66666667;3.333333333;10.0
2022-12;National;POITIERS;PARIS MONTPARNASSE;100;486;59;;202;7.39150165;3.368813427;;88;20.51799242;4.831498829;;41;32.07804878;13;3;14.942528735632198;21.839080459770106;40.22988506;12.64367816;2.298850575;8.045977011
2022-12;National;TOULOUSE MATABIAU;PARIS MONTPARNASSE;270;217;29;;24;9.388194444;1.208845438;;36;55.598148148148105;10.97681564;;36;55.59814815;24;10;27.77777778;36.11111111;11.11111111;19.44444444;5.555555555555561;0.0
2022-12;National;LYON PART DIEU;RENNES;238;83;21;;40;4.965;3.281451613;;5;29.76;4.097311828;;5;29.76;1;1;20.0;40.0;20.0;20.0;0.0;0.0
2022-12;National;PARIS LYON;AVIGNON TGV;163;428;44;;47;18.52836879;2.060894097;;39;25.004700854700904;3.695442708;;24;32.10694444;11;1;20.51282051;7.692307692;23.07692308;35.8974359;10.25641026;2.564102564
2022-12;National;PERPIGNAN;PARIS LYON;310;187;16;;39;13.52008547;3.112708333;;26;44.68205128;8.645833333;;26;44.68205128;16;8;23.07692308;19.23076923;23.07692308;23.07692308;7.692307692;3.846153846
2022-12;National;CHAMBERY CHALLES LES EAUX;PARIS LYON;179;294;22;;166;7.774899598;4.613664216;;49;28.14251701;6.232107843;;37;32.57162162;10;4;28.57142857;12.244897959183698;34.69387755;16.32653061;0.0;8.163265306
2022-12;International;GENEVE;PARIS LYON;196;251;26;;155;2.427311828;1.9043379;;11;44.9;2.227625571;;11;44.9;9;4;45.454545454545496;9.090909091;0.0;27.27272727;9.090909091;9.090909091
2022-12;National;DOUAI;PARIS NORD;75;175;23;;42;10.0781746;2.92240991;;45;21.40703704;7.387612613;;18;38.56203704;7;3;4.651162791;32.55813953;34.88372093;18.60465116;6.976744186;2.325581395
2022-12;National;BORDEAUX ST JEAN;PARIS MONTPARNASSE;142;1051;140;;327;13.54194699;4.831229236;;149;37.5810962;7.299150978;;123;42.77655827;64;20;24.32432432;27.02702703;18.91891892;16.21621622;7.432432432;6.081081081
2022-12;National;LILLE;LYON PART DIEU;185;368;70;;140;26.713928571428607;12.61083052;;64;64.34403070517824;15.783296634039775;;59;67.50282485875701;44;18;6.250000000000002;14.062499999999966;18.75;39.06250000000005;15.624999999999964;6.250000000000003
2022-12;National;LYON PART DIEU;LILLE;188;336;54;;197;14.384348561759762;10.302682214214933;;68;46.15955754223805;12.766498417600818;;54;49.44567901234563;28;12;19.117647058823565;13.235294117647037;23.52941176470591;16.17647059;22.058823529411764;5.882352941176468
2022-12;National;MARNE LA VALLEE;MARSEILLE ST CHARLES;212;280;44;;155;14.43903226;9.550423729;;49;43.75952381;11.64766949;;49;43.75952381;27;10;10.204081632653102;6.12244898;40.81632653;28.57142857;8.163265306;6.12244898
2022-12;National;MARSEILLE ST CHARLES;LYON PART DIEU;103;499;105;;89;10.60561798;2.31180203;;37;34.1990991;5.445981387;;29;39.92356322;14;5;13.88888889;22.22222222;13.88888889;16.66666667;22.22222222;11.11111111
2022-12;National;PARIS LYON;AIX EN PROVENCE TGV;186;470;47;;51;18.78823529;2.039085894;;34;33.6122549;4.311741529;;31;35.64032258;15;3;8.823529412;14.70588235;20.58823529;50.0;0.0;5.882352941
2022-12;National;PARIS MONTPARNASSE;NANTES;128;604;59;;81;14.20185185;1.776055046;;90;40.79518519;7.9782263;;68;49.56593137;35;19;23.33333333;24.44444444;12.22222222;16.66666667;13.33333333;10.0
2022-12;National;PARIS MONTPARNASSE;ANGOULEME;124;313;60;;33;15.49191919;1.564624506;;35;29.64;5.486166008;;20;41.75166667;9;4;11.42857143;28.57142857;20.0;25.71428571;8.571428571;5.714285714
2022-12;National;MONTPELLIER;LYON PART DIEU;115;229;42;;48;16.93125;4.369444444;;20;47.48499999999999;7.109050179;;15;58.69888889;8;5;30.0;10.0;10.0;0.0;30.0;20.0
2022-12;National;PARIS LYON;TOULON;244;285;32;;43;12.52403101;1.895586298;;28;32.31011905;7.215942029;;28;32.31011905;10;1;7.142857143;17.85714286;28.57142857;25.0;3.571428571;17.85714286
2022-12;National;VALENCE ALIXAN TGV;PARIS LYON;134;402;38;;263;10.44340938;7.636195752539231;;71;30.13802817;6.757894736842099;;48;38.42048611;24;10;20.0;12.85714286;27.142857142857103;21.42857143;7.142857143;11.42857143
2022-12;National;LYON PART DIEU;MARNE LA VALLEE;110;358;62;;203;14.2545156;9.910544218;;65;35.89974359;8.552494331;;42;48.1984127;18;10;32.30769231;7.692307692;23.07692308;10.76923077;20.0;6.153846154
2022-12;National;SAINT ETIENNE CHATEAUCREUX;PARIS LYON;172;120;15;;18;11.84351852;2.489225589;;14;28.84285714;5.188047138047139;;9;37.39074074;3;1;23.07692308;7.692307692;15.38461538;38.46153846;15.38461538;0.0
2022-12;National;ANNECY;PARIS LYON;226;146;13;;13;9.307692308;0.931538462;;23;35.92608696;8.049230769;;23;35.92608696;9;3;26.08695652;8.695652173913041;30.43478261;30.43478261;0.0;4.347826086956521
2022-12;National;PARIS NORD;DUNKERQUE;128;175;24;;21;11.99047619;1.343818985;;14;42.42857143;4.147571744;;9;58.44444444444439;4;2;14.28571429;57.142857142857096;21.42857143;7.142857143;0.0;0.0
2022-12;National;RENNES;LYON PART DIEU;236;83;22;;19;7.037719298;2.193169399;;16;45.54270833;12.84808743;;16;45.54270833;8;3;18.75;25.0;25.0;25.0;0.0;6.25
2022-12;National;PARIS EST;REIMS;45;230;20;;39;19.37307692;3.640634921;;34;25.22205882;5.205;;14;45.69285714;8;3;6.25;9.375;12.5;46.875;15.625;9.375
2022-12;National;PARIS LYON;MONTPELLIER;212;214;13;;34;15.49656863;2.350912106;;27;37.0037037;6.396600332;;27;37.0037037;17;1;15.38461538;0.0;15.38461538;46.15384615;11.53846154;11.53846154
2022-12;National;METZ;PARIS EST;87;311;23;;97;10.74037801;3.660706019;;57;25.00116959;5.354050926;;28;39.61428571;15;3;7.142857143;7.142857143;25.0;25.0;19.64285714;16.07142857
2022-12;National;PARIS MONTPARNASSE;ST MALO;155;98;21;;9;14.69074074;1.44978355;;16;33.78229167;8.013419913;;12;40.85;6;3;25.0;18.75;25.0;18.75;0.0;12.5
2022-12;International;ITALIE;PARIS LYON;433;94;9;;78;7.400213675;6.789607843;;14;27.06071429;6.975098039;;14;27.06071429;1;1;28.57142857;14.28571429;50.0;0.0;0.0;7.142857143
2022-12;International;PARIS EST;STUTTGART;189;148;9;;34;16.73872549;4.060671463;;40;38.72666667;15.628417266187098;;40;38.72666667;20;7;20.0;0.0;20.0;45.0;10.0;5.0
2022-12;National;ARRAS;PARIS NORD;50;481;64;;226;11.76939528;6.404779116;;129;24.24780362;8.538795181;;55;43.62636364;23;11;8.73015873;26.98412698;28.57142857;28.57142857;5.555555556;1.587301587
2022-12;National;BELLEGARDE (AIN);PARIS LYON;166;279;29;;95;6.601578947;2.549733333;;18;32.31666667;2.867666667;;11;44.9;9;4;35.29411765;5.882352941176469;29.41176471;17.64705882;5.882352941176469;5.882352941176469
2022-12;National;NANTES;PARIS MONTPARNASSE;134;622;62;;135;7.504197531;1.514732143;;72;34.20740741;4.800952381;;61;38.03415301;28;12;22.53521127;26.76056338;25.352112676056297;14.08450704;2.816901408;8.450704225
2022-12;National;LAVAL;PARIS MONTPARNASSE;83;293;23;;126;10.03994709;4.682459426;;72;24.07916667;6.023845194;;30;42.50944444;15;6;21.42857143;17.14285714;28.57142857;14.28571429;7.142857143;11.42857143
2022-12;National;PARIS NORD;ARRAS;48;498;59;;54;11.80030864;1.25516325;;43;28.61434109;4.018299165;;22;45.76363636;4;4;9.523809524;35.71428571;28.57142857;16.66666667;9.523809524;0.0
2022-12;National;MACON LOCHE;PARIS LYON;97;260;28;;175;12.35695238;9.640888889;;59;26.34717514;7.818518519;;41;32.05325203;12;4;27.5862069;10.34482759;34.48275862;18.965517241379303;0.0;8.620689655172411
2022-12;National;PARIS LYON;MARSEILLE ST CHARLES;199;586;58;;72;14.98287037;1.836205808;;38;34.59385965;3.862310606;;38;34.59385965;16;4;10.52631579;21.05263158;21.05263158;39.47368421;0.0;7.894736842
2022-12;National;ANGERS SAINT LAUD;PARIS MONTPARNASSE;96;547;50;;235;6.505390071;3.147983871;;77;28.16688312;4.293178763;;52;36.89839744;24;10;17.10526316;25.0;30.26315789;15.78947368;3.947368421;7.894736842
2022-12;National;MARSEILLE ST CHARLES;PARIS LYON;200;529;51;;135;7.910864197530861;2.070013947;;25;30.994;3.017503487;;25;30.994;7;3;20.83333333;8.333333333;16.66666667;33.33333333;8.333333333;12.5
2022-12;National;MULHOUSE VILLE;PARIS LYON;172;338;31;;170;9.102745098;5.080610022;;38;29.625877192982504;4.23164488;;27;36.00185185;11;5;21.05263158;10.52631579;44.73684211;13.15789474;2.631578947;7.894736842
2023-01;International;LAUSANNE;PARIS LYON;235;186;9;;119;2.691596639;2.05105364;;14;32.58690476;3.836494253;;14;32.58690476;3;2;35.71428571;21.42857143;14.28571429;21.42857143;7.142857143;0.0
2023-01;National;TOURCOING;BORDEAUX ST JEAN;295;31;3;;1;4.0;0.180357143;;2;218.6916667;15.76011905;;2;218.6916667;2;2;100.0;0.0;0.0;0.0;0.0;0.0
2023-01;International;PARIS EST;STUTTGART;189;150;21;;28;18.16488095;3.456770833;;32;43.89375;13.33346354;;32;43.89375;20;6;6.25;3.125;34.375;21.875;21.875;12.5
2023-01;National;LILLE;MARSEILLE ST CHARLES;297;242;13;;41;11.317886178861794;1.9046579330422124;;32;38.26532728788828;7.665356622998547;;32;38.233854166666674;12;5;12.50000000000001;12.50000000000001;15.624999999999975;25.00000000000001;18.750000000000007;15.62499999999996
2023-01;National;LYON PART DIEU;MONTPELLIER;112;218;16;;120;8.819444444;5.325742574;;19;30.43859649;4.018811881;;15;35.22;6;2;15.78947368;21.05263158;26.31578947;15.78947368;5.263157895;15.78947368
2023-01;National;MULHOUSE VILLE;PARIS LYON;173;337;18;;143;9.607342657;4.401693122;;32;46.94010417;6.085714286;;28;51.7297619;17;11;34.375;25.0;21.875;15.625;3.125;0.0
2023-01;National;PARIS MONTPARNASSE;VANNES;156;265;14;;31;20.0516129;2.067928287;;37;36.25675676;6.145418327;;29;42.43103448;15;5;5.405405405;24.32432432;29.72972972972969;16.21621622;2.702702703;21.62162162
2023-01;National;VANNES;PARIS MONTPARNASSE;166;290;9;;147;8.567346939;4.507380074;;40;43.94916667;5.99895449;;35;48.15095238;18;9;30.0;27.500000000000004;10.0;22.5;5.0;5.0
2023-01;National;MONTPELLIER;LYON PART DIEU;116;197;11;;41;11.15528455;2.481451613;;22;27.56287879;5.267473118;;14;35.08333333;6;2;4.545454545454549;27.27272727;9.090909091;4.545454545454549;22.72727272727269;31.81818182
2023-01;National;PARIS NORD;ARRAS;48;520;29;;33;15.95555556;0.818906993;;46;21.68876812;3.505906314;;13;51.68589743589741;13;4;20.51282051;0.0;25.64102564;38.46153846;5.128205128;10.25641026
2023-01;National;TOULON;PARIS LYON;248;272;12;;112;12.05833333;5.224166667;;37;48.18198198;8.534294872;;37;48.18198198;18;9;40.54054054;27.02702703;10.81081081;8.108108108;8.108108108;5.405405405
2023-01;National;MARSEILLE ST CHARLES;LYON PART DIEU;103;462;23;;95;18.56245614;3.938306758;;45;54.88777778;7.794039484;;32;71.92135417;21;6;22.22222222;15.55555556;31.11111111;13.33333333;0.0;17.77777778
2023-01;National;PARIS EST;METZ;86;277;16;;40;13.20875;2.108893281;;42;32.48492063;2.664492754;;25;47.666;17;6;24.3902439;9.756097561;12.19512195;21.95121951;17.07317073;14.63414634
2023-01;National;SAINT ETIENNE CHATEAUCREUX;PARIS LYON;173;119;6;;19;11.83596491;2.390757576;;8;58.01666667;6.366515152;;7;64.3547619;5;4;57.142857142857096;0.0;0.0;28.57142857;14.28571429;0.0
2023-01;International;PARIS LYON;ITALIE;426;93;4;;14;20.12857143;2.9677902621722803;;11;47.86363636363641;5.247191011;;11;47.86363636;7;2;0.0;33.33333333;11.11111111;55.55555556;0.0;0.0
2023-01;International;PARIS LYON;ZURICH;247;129;11;;17;19.03235294;2.571610169;;20;35.13333333;7.943926553672309;;20;35.13333333;7;2;15.0;15.0;35.0;15.0;5.0;15.0
2023-01;National;PARIS LYON;MACON LOCHE;100;274;16;;38;20.17982456;2.606847545;;38;26.80263158;5.061627907;;30;29.92777778;9;1;15.78947368;13.15789474;2.631578947;52.63157895;7.894736842;7.894736842
2023-01;National;PARIS MONTPARNASSE;LA ROCHELLE VILLE;174;231;17;;24;21.56041667;1.091900312;;17;39.94117647;3.981308411;;13;48.23076923;8;2;11.76470588;11.76470588;11.76470588;47.05882353;11.76470588;5.882352941
2023-01;International;PARIS LYON;LAUSANNE;234;184;9;;30;14.78666667;2.198380952;;16;44.71770833;4.77552381;;16;44.71770833;6;4;12.5;25.0;12.5;18.75;18.75;12.5
2023-01;International;STUTTGART;PARIS EST;194;145;14;;113;6.216371681;4.859560724;;18;37.31944444;6.750775194;;18;37.31944444;9;2;11.11111111;11.11111111;55.55555556;5.555555555555561;16.66666667;0.0
2023-01;National;LA ROCHELLE VILLE;PARIS MONTPARNASSE;172;215;16;;14;26.5;1.864321608;;15;75.91777778;5.050670017;;13;85.58717949;7;4;53.33333333;0.0;6.666666667;13.33333333;6.666666667;20.0
2023-01;National;NANTES;PARIS MONTPARNASSE;135;624;26;;119;10.68333333;1.848464545;;57;36.69181287;2.278084869;;42;45.0;22;7;14.285714285714295;14.285714285714295;33.92857142857141;8.928571429;7.142857143;21.42857143
2023-01;National;NANTES;STRASBOURG;316;57;4;;10;4.73;0.920440252;;5;23.76666667;4.822641509;;5;23.76666667;1;0;0.0;0.0;40.0;20.0;0.0;40.0
2023-01;National;LYON PART DIEU;PARIS LYON;123;732;29;;281;6.540865955;2.736443495;;67;33.92338308;4.520489079;;44;45.01022727;21;11;21.21212121;22.72727272727269;13.63636364;25.75757576;4.545454545454549;12.12121212
2023-01;National;PARIS LYON;AVIGNON TGV;164;407;16;;50;21.296;2.479497016;;50;27.29566667;4.574126172;;36;32.57685185;16;2;22.0;14.000000000000002;16.0;22.0;16.0;10.0
2023-01;National;PARIS LYON;LE CREUSOT MONTCEAU MONTCHANIN;85;208;9;;20;13.700833333333298;0.9766331658291468;;17;17.33529412;1.3938023450586303;;9;22.90925926;1;0;11.76470588;23.52941176;11.76470588;11.76470588;29.41176471;11.76470588
2023-01;National;PARIS MONTPARNASSE;ANGERS SAINT LAUD;90;509;19;;42;19.28928571;1.257891156;;67;27.533333333333296;5.110442177;;29;50.90287356;13;7;6.557377049;18.032786885245898;44.26229508;21.31147541;3.278688525;6.557377049
2023-01;National;PARIS MONTPARNASSE;ANGOULEME;122;304;26;;31;16.796774193548405;1.483693046;;31;30.65967742;4.424640288;;18;43.26296296;10;5;0.0;29.032258064516096;29.032258064516096;19.35483871;12.903225806451598;9.677419355
2023-01;National;LYON PART DIEU;MARSEILLE ST CHARLES;103;459;25;;245;12.73972789;7.361316397;;79;35.3221519;7.881793687;;64;40.41041667;26;11;25.3164557;15.18987342;16.4556962;27.84810127;6.329113924;8.860759494
2023-01;National;PARIS LYON;AIX EN PROVENCE TGV;187;461;18;;59;19.978248587570604;2.400564334;;40;32.4075;3.92979684;;39;32.88247863;19;3;20.0;15.0;17.5;22.5;15.0;10.0
2023-01;National;PARIS MONTPARNASSE;ST PIERRE DES CORPS;62;524;31;;40;13.18291667;0.643542934;;49;18.42244898;2.306288032;;18;32.89907407;7;0;4.081632653;20.40816327;38.7755102;16.32653061;6.12244898;14.28571429
2023-01;International;ZURICH;PARIS LYON;248;150;10;;37;2.357207207;1.169221411;;17;48.43431373;7.334306569;;17;48.43431373;9;6;35.29411765;23.52941176;29.41176471;11.76470588;0.0;0.0
2023-01;National;GRENOBLE;PARIS LYON;186;227;15;;24;10.72986111;1.237657233;;29;41.51954023;7.987421383647789;;29;41.51954023;13;5;41.37931034;20.68965517;27.5862069;6.896551724;0.0;3.448275862
2023-01;National;LAVAL;PARIS MONTPARNASSE;81;297;9;;90;11.655555555555598;3.563839812;;39;49.87350427;4.166018846;;24;73.04444444;14;9;23.07692308;33.33333333;0.0;20.51282051;5.128205128;17.94871795
2023-01;National;METZ;PARIS EST;89;310;18;;92;17.55434783;4.048850575;;46;36.06195652;5.175172414;;25;56.652666666666704;15;6;13.63636364;9.090909090909092;25.0;20.45454545;13.63636364;18.18181818
2023-01;National;PARIS EST;NANCY;96;286;24;;38;16.66491228;2.511802853;;33;43.06717172;3.797081712;;25;52.74;16;7;27.27272727;12.12121212;12.12121212;39.39393939;3.03030303;6.060606061
2023-01;National;PARIS LYON;CHAMBERY CHALLES LES EAUX;179;335;14;;43;22.91317829;2.828193146;;64;30.922916666666698;7.952492211838009;;47;37.48085106;27;4;14.0625;17.1875;26.5625;39.0625;1.5625;1.5625
2023-01;National;PARIS MONTPARNASSE;BORDEAUX ST JEAN;138;1021;58;;116;16.06221264;1.484337141;;135;41.49234568;6.369695396;;101;50.90594059405941;55;28;16.2962963;17.03703704;17.77777778;20.74074074;3.703703704;24.44444444
2023-01;National;ANGERS SAINT LAUD;PARIS MONTPARNASSE;97;551;23;;203;8.64819376;3.40769962;;56;30.12827381;2.051742712;;33;43.1020202;18;5;12.727272727272702;20.0;32.72727273;9.090909091;5.454545455;20.0
2023-01;National;NICE VILLE;PARIS LYON;355;218;7;;19;18.3754386;1.440396825;;35;46.61428571;9.128015873;;35;46.61428571;16;8;37.142857142857096;28.57142857;11.42857143;8.571428571;8.571428571;5.714285714
2023-01;National;ANGOULEME;PARIS MONTPARNASSE;125;334;20;;162;8.697530864;4.775473802;;37;49.26531532;3.39180602;;32;54.82864583;17;11;27.02702703;5.405405405;16.21621622;13.51351351;10.81081081;27.02702703
2023-01;National;AVIGNON TGV;PARIS LYON;166;433;17;;188;6.515691489;2.873637821;;57;32.83976608;5.948357372;;38;42.58991228;24;7;28.070175438596507;15.78947368;36.84210526;7.01754386;5.263157895;7.01754386
2023-01;National;PARIS LYON;MONTPELLIER;217;209;6;;35;19.49428571;3.089408867;;22;42.54015152;5.720197044;;22;42.54015152;15;3;9.090909091;9.090909091;4.545454545454549;54.54545455;18.18181818;4.545454545454549
2023-01;National;TOURS;PARIS MONTPARNASSE;78;194;8;;19;4.507894737;0.426344086;;21;12.70634921;0.682526882;;6;21.97777778;0;0;5.555555556;22.22222222;44.44444444;5.555555556;5.555555556;16.66666667
2023-01;National;PARIS LYON;PERPIGNAN;310;195;15;;34;20.02303922;3.4337962962963005;;16;36.06666667;3.84962963;;16;36.06666667;6;2;12.5;18.75;0.0;56.25;6.25;6.25
2023-01;National;PARIS MONTPARNASSE;TOURS;74;194;9;;19;12.01754386;0.8363963963963961;;23;18.34202899;2.55027027;;8;35.21875;3;1;9.523809524;14.28571429;38.0952381;23.80952381;4.761904762;9.523809524
2023-01;National;PARIS EST;STRASBOURG;114;580;50;;93;14.63637993;2.607888041;;86;39.575;5.766698473;;60;51.05055556;32;15;16.47058824;0.0;16.47058824;43.52941176;12.94117647;10.58823529
2023-01;National;PARIS LYON;MULHOUSE VILLE;174;337;24;;44;16.51704545;2.167625133;;33;39.54141414;4.761661342;;22;52.59924242;15;6;28.125;15.625;6.25;21.875;18.75;9.375
2023-01;National;QUIMPER;PARIS MONTPARNASSE;234;251;8;;21;11.41269841;0.968767507;;31;50.31344086021501;5.83977591;;31;50.31344086;16;9;29.032258064516096;29.032258064516096;9.677419355;19.35483871;6.4516129032258105;6.4516129032258105
2023-01;National;BORDEAUX ST JEAN;TOURCOING;332;31;2;;7;19.39285714;4.413793103448279;;0;0.0;1.344827586;;0;0.0;0;0;0.0;0.0;0.0;0.0;0.0;0.0
2023-01;National;LILLE;PARIS NORD;68;672;25;;124;8.653494623655929;1.2845440494590417;;75;21.705694185704463;3.942632663575479;;28;47.442261904761935;13;11;20.909090909090907;5.606060606060606;34.24242424242424;13.696969696969685;22.696969696969703;2.848484848484852
2023-01;National;STRASBOURG;PARIS EST;116;547;42;;236;11.407203389830498;4.612649402;;75;31.06288889;5.439575033;;56;37.22142857;24;6;2.702702703;5.405405405405409;58.108108108108105;14.86486486;12.16216216;6.756756757
2023-01;National;BESANCON FRANCHE COMTE TGV;PARIS LYON;135;183;8;;42;13.38888889;2.925383142;;14;53.00714286;4.304501916;;13;56.0;8;5;35.71428571;14.28571429;0.0;42.85714286;0.0;7.142857143
2023-01;National;PARIS LYON;NIMES;185;195;4;;35;19.49428571;3.3185863874345496;;21;38.15793651;5.753490401;;20;39.38083333;11;4;14.28571429;4.761904762;4.761904762;57.142857142857096;14.28571429;4.761904762
2023-01;National;PARIS MONTPARNASSE;LAVAL;78;317;8;;36;14.94398148;1.338673139;;42;22.5047619;3.336569579288029;;18;39.67037037;7;3;2.5;10.0;42.49999999999999;20.0;7.5;17.5
2023-01;National;MARNE LA VALLEE;MARSEILLE ST CHARLES;214;273;15;;144;11.4375;6.493217054;;39;38.33247863;8.077583979;;39;38.33247863;16;6;12.82051282;10.25641026;15.38461538;30.76923077;15.38461538;15.38461538
2023-01;National;MONTPELLIER;PARIS LYON;212;249;7;;60;8.664166667;2.150829876;;28;33.03452381;5.67835408;;28;33.03452381;10;4;28.57142857;28.57142857;14.28571429;25.0;3.571428571;0.0
2023-01;National;PARIS LYON;SAINT ETIENNE CHATEAUCREUX;174;119;10;;13;11.11025641;1.038379205;;15;28.56;5.237308869;;11;34.38181818;4;1;33.33333333;6.666666667;26.66666667;26.66666667;6.666666667;0.0
2023-01;National;PARIS MONTPARNASSE;NANTES;129;593;25;;49;17.42210884;1.134066901;;61;38.76502732;5.061561033;;46;47.255797101449296;23;8;13.33333333;18.33333333;36.66666667;18.33333333;3.333333333;10.0
2023-01;National;PARIS MONTPARNASSE;QUIMPER;226;234;13;;30;19.88388889;1.126621418;;27;46.55555555555559;6.518099548;;27;46.55555556;13;5;18.51851852;29.62962963;18.51851852;7.407407407407408;3.703703704;22.22222222
2023-01;National;VALENCE ALIXAN TGV;PARIS LYON;135;383;19;;224;5.875892857;3.678604224;;60;24.59944444;5.403213958;;43;28.98372093;11;4;25.42372881;23.728813559322003;27.11864407;15.25423729;3.389830508;5.084745763
2023-01;International;PARIS LYON;GENEVE;195;256;20;;49;14.65918367;2.874081921;;23;36.31376812;3.672175141;;23;36.31376812;10;4;30.43478261;21.73913043;21.73913043;4.347826086956521;17.391304347826097;4.347826086956521
2023-01;National;DOUAI;PARIS NORD;75;191;12;;44;7.210984848;1.741573034;;33;17.65151515;4.734082397;;8;43.4625;3;2;15.151515151515198;12.12121212;51.51515152;18.18181818;3.03030303;0.0
2023-01;National;LYON PART DIEU;RENNES;239;84;3;;35;6.737142857;3.100823045;;7;43.27142857;5.720987654;;7;43.27142857;4;2;0.0;42.85714286;42.85714286;0.0;0.0;14.28571429
2023-01;National;MARSEILLE ST CHARLES;MARNE LA VALLEE;210;275;13;;28;18.50892857;1.708333333;;44;49.94356061;10.65750636;;44;49.94356061;26;8;15.90909091;25.0;20.45454545;22.72727272727269;4.545454545454549;11.36363636
2023-01;National;MARSEILLE ST CHARLES;TOURCOING;284;31;2;;4;4.554166667;0.317816092;;6;30.5;8.75862069;;6;30.5;3;0;16.66666667;33.33333333;33.33333333;16.66666667;0.0;0.0
2023-01;National;ANNECY;PARIS LYON;227;155;9;;8;8.14375;0.45239726;;36;29.9787037;9.427968037;;36;29.978703703703697;9;2;13.88888889;33.33333333;38.88888889;2.7777777777777803;0.0;11.11111111
2023-01;National;MARNE LA VALLEE;LYON PART DIEU;110;389;24;;247;10.06653171;6.8956621;;63;28.44920635;7.029771689;;36;39.44212963;24;3;23.80952381;3.1746031746031704;15.87301587;38.0952381;17.46031746;1.587301587
2023-01;National;NIMES;PARIS LYON;181;240;7;;67;7.647263682;2.227038627;;33;29.84040404;5.762804006;;27;33.4537037;10;4;30.303030303030297;27.27272727;21.21212121;18.18181818;3.03030303;0.0
2023-01;National;PARIS LYON;LYON PART DIEU;123;728;27;;81;16.3117284;1.621231574;;64;27.44791667;3.1520684736091296;;49;31.74421769;23;3;25.396825396825403;9.523809524;12.6984127;19.04761905;25.396825396825403;7.936507937
2023-01;National;PARIS LYON;TOULON;247;283;10;;39;17.62777778;2.267399267;;31;40.42419355;7.713980464;;31;40.42419355;19;7;9.677419355;32.25806452;12.903225806451598;19.35483871;12.903225806451598;12.903225806451598
2023-01;National;STRASBOURG;NANTES;334;58;4;;10;10.12333333;1.930555556;;2;17.61666667;2.204938272;;2;17.61666667;0;0;0.0;0.0;50.0;0.0;0.0;50.0
2023-01;International;ITALIE;PARIS LYON;433;94;6;;82;38.22296748;35.64791667;;22;28.57348485;10.30625;;22;28.57348485;6;1;27.27272727;22.72727272727269;40.90909091;4.545454545454549;0.0;4.545454545454549
2023-01;National;LILLE;LYON PART DIEU;184;358;22;;117;9.187891737891732;3.2236111111111105;;43;33.745489078822416;7.2066964285714255;;35;38.10333333333329;23;2;25.581395348837216;2.3255813953488365;9.302325581395346;37.20930233;23.255813953488342;2.3255813953488365
2023-01;National;PARIS LYON;BESANCON FRANCHE COMTE TGV;133;173;12;;19;15.775438596491204;1.694099379;;7;28.80238095;2.336335404;;4;40.75416667;2;1;28.57142857;0.0;0.0;57.142857142857096;0.0;14.28571429
2023-01;International;BARCELONA;PARIS LYON;408;62;3;;31;6.222043011;3.235310734;;8;39.52083333;7.496045198;;8;39.52083333;4;3;37.5;25.0;12.5;25.0;0.0;0.0
2023-01;National;ARRAS;PARIS NORD;50;514;31;;198;5.360942761;2.227777778;;72;18.42777778;4.1584196;;18;44.98703704;6;5;13.88888889;9.722222222;52.77777778;20.83333333;2.7777777777777803;0.0
2023-01;National;DIJON VILLE;PARIS LYON;102;417;21;;150;10.95755556;4.217932489;;44;43.99810606;5.930548523;;37;49.7027027;20;14;27.27272727;25.0;15.90909091;22.72727272727269;4.545454545454549;4.545454545454549
2023-01;National;PARIS LYON;BELLEGARDE (AIN);167;294;20;;55;15.14606061;2.858150852;;45;29.62037037;5.808515815;;34;34.45784314;12;5;11.11111111;17.77777778;22.22222222;22.22222222;20.0;6.666666667
2023-01;National;PARIS LYON;NICE VILLE;353;225;6;;30;16.90444444;2.047031963;;34;38.3495098;7.070624049;;34;38.3495098;14;6;20.58823529;38.23529412;17.64705882;8.823529412;5.882352941;8.823529412
2023-01;National;RENNES;PARIS MONTPARNASSE;101;800;30;;308;12.29350649;4.974006116;;102;44.7880719;4.637461774;;73;57.3956621;37;24;25.49019608;27.45098039;7.843137255;23.52941176;6.862745098039221;8.823529412
2023-01;International;GENEVE;PARIS LYON;197;252;19;;140;3.876071429;2.568955651;;17;55.05882353;5.8490701;;17;55.05882353;10;5;47.05882353;23.52941176;0.0;29.41176471;0.0;0.0
2023-01;International;PARIS LYON;BARCELONA;403;62;6;;14;17.61785714;4.14077381;;8;39.375;6.25;;8;39.375;6;1;12.5;37.5;12.5;37.5;0.0;0.0
2023-01;National;LE CREUSOT MONTCEAU MONTCHANIN;PARIS LYON;85;218;6;;89;6.783895131086141;2.8335703;;34;20.54901961;3.887045814;;14;35.55;4;2;11.76470588;26.47058824;29.41176471;17.64705882;5.882352941;8.823529412
2023-01;National;MACON LOCHE;PARIS LYON;99;252;15;;203;10.04753695;8.824856322;;69;27.14661836;9.226939655;;59;29.43446328;16;3;17.39130435;24.63768116;42.02898551;5.7971014492753605;0.0;10.14492754
2023-01;National;ST MALO;PARIS MONTPARNASSE;153;98;3;;3;5.038888889;0.045054945;;11;21.80606061;1.689194139;;5;31.00666667;2;0;9.090909091;36.36363636;9.090909091;18.18181818;0.0;27.27272727
2023-01;National;MARSEILLE ST CHARLES;LILLE;282;196;9;;21;19.401587301587284;1.957130124777184;;40;46.42161447;12.39973262032085;;40;45.14166666666669;21;6;17.499999999999982;19.99999999999998;19.99999999999998;24.99999999999998;7.5;10.0
2023-01;National;PARIS MONTPARNASSE;LE MANS;55;436;20;;41;19.09674797;1.176722756;;43;25.58178295;2.996674679;;21;42.64285714;9;4;4.761904762;19.04761905;28.57142857;30.95238095;7.142857143;9.523809524
2023-01;National;LYON PART DIEU;MARNE LA VALLEE;110;322;15;;218;12.68715596;9.041585233;;72;40.37847222;10.87709012;;53;50.11163522;32;10;20.83333333;18.05555556;25.0;18.05555556;6.944444444;11.11111111
2023-01;National;PARIS LYON;ANNECY;229;154;8;;18;21.06203704;2.342123288;;24;32.8125;6.506849315;;24;32.8125;11;0;20.83333333;16.66666667;25.0;37.5;0.0;0.0
2023-01;National;PARIS LYON;DIJON VILLE;100;431;19;;54;16.41080247;2.006796117;;26;32.00064103;2.26407767;;18;40.45185185;8;3;7.692307692;11.53846154;11.53846154;30.76923077;26.92307692;11.53846154
2023-01;National;PARIS MONTPARNASSE;BREST;228;292;22;;34;16.56911765;1.259012346;;24;55.625;5.42962963;;24;55.625;14;9;41.66666667;8.333333333;12.5;12.5;4.166666666666671;20.83333333
2023-01;National;PARIS NORD;DOUAI;70;142;8;;7;25.96666667;1.100621891;;16;21.911458333333297;3.264179104;;6;44.75277778;5;1;12.5;6.25;37.5;18.75;12.5;12.5
2023-01;National;ST PIERRE DES CORPS;PARIS MONTPARNASSE;65;545;25;;212;9.842216981;4.166860465;;62;34.5016129;2.552293282;;28;65.00357143;11;7;13.79310345;13.79310345;36.20689655;8.620689655172411;10.34482759;17.24137931
2023-01;National;LYON PART DIEU;LILLE;187;300;15;;201;11.76533996683252;8.328888888888883;;73;37.93245807997055;11.67105263157899;;64;41.64843750000001;29;9;17.808219178082236;16.438356164383585;26.027397260273982;27.39726027397263;4.1095890410958935;8.219178082191778
2023-01;National;PARIS MONTPARNASSE;POITIERS;93;559;38;;56;20.31666667;1.737364044;;50;32.37666667;3.642514395;;29;47.80057471;15;8;4.0;24.0;20.0;32.0;6.0;14.000000000000002
2023-01;National;PARIS MONTPARNASSE;TOULOUSE MATABIAU;263;221;17;;18;18.30648148;0.721078431;;29;57.756321839080506;7.915767974;;29;57.75632184;16;9;37.931034482758605;17.24137931;6.896551724;27.5862069;3.448275862;6.896551724
2023-01;National;LE MANS;PARIS MONTPARNASSE;58;470;16;;148;10.87691441;3.631240658;;57;30.21315789;2.608856502;;31;46.72365591;19;4;8.771929825;24.56140351;24.56140351;21.05263158;7.01754386;14.03508772
2023-01;National;AIX EN PROVENCE TGV;PARIS LYON;189;433;16;;276;6.640277778;4.496754808;;40;51.52208333;6.969310897;;40;51.52208333;25;11;35.0;20.0;20.0;10.0;10.0;5.0
2023-01;National;DUNKERQUE;PARIS NORD;131;172;13;;2;5.5;0.070063694;;10;35.39333333;4.283651805;;6;50.10555555555559;2;2;30.0;10.0;40.0;20.0;0.0;0.0
2023-01;National;PARIS LYON;GRENOBLE;186;244;14;;35;21.08380952;2.942463768;;20;41.05;4.865217391;;20;41.05;10;1;40.0;10.0;5.0;30.0;15.0;0.0
2023-01;National;BORDEAUX ST JEAN;PARIS MONTPARNASSE;140;1075;66;;336;14.5937004;4.765359153;;138;46.38454106;6.065342602;;115;53.06289855;60;28;26.8115942;27.53623188;16.66666667;11.5942029;5.072463768115941;12.318840579710098
2023-01;National;CHAMBERY CHALLES LES EAUX;PARIS LYON;180;334;16;;162;6.1218107;2.983962264;;71;32.74577465;9.00408805;;64;34.75208333;19;6;23.94366197;29.57746479;36.61971831;2.816901408;0.0;7.042253521126759
2023-01;National;PARIS LYON;MARSEILLE ST CHARLES;201;581;22;;74;20.07567568;2.421288014;;47;33.95070922;3.735092427;;47;33.95070922;22;3;17.0212766;19.14893617;10.63829787;25.531914893617003;14.89361702;12.765957446808502
2023-01;National;PARIS MONTPARNASSE;RENNES;98;735;27;;83;16.3746988;1.5080979284369098;;71;27.04319249;2.577212806;;39;40.51324786;14;7;9.85915493;18.30985915;25.352112676056297;19.71830986;8.450704225;18.30985915
2023-01;National;PARIS MONTPARNASSE;ST MALO;153;97;9;;7;11.99761905;0.533901515;;6;27.06111111;2.906439394;;5;30.25666667;1;0;33.33333333;0.0;16.66666667;33.33333333;0.0;16.66666667
2023-01;National;PARIS NORD;LILLE;66;651;24;;44;13.91666666666664;0.6356990962254118;;61;23.52942442719884;2.8767676767676744;;23;46.63913043;13;8;25.988428158148498;3.953712632594021;13.16297010607523;22.66152362584376;16.779170684667303;17.454194792671178
2023-01;National;RENNES;LYON PART DIEU;238;84;4;;6;14.82222222;1.136666667;;10;49.03666667;6.338333333;;10;49.03666667;6;3;30.0;30.0;10.0;10.0;10.0;10.0
2023-01;International;FRANCFORT;PARIS EST;232;173;27;;72;6.502083333;3.172758621;;24;38.01875;8.996206897;;24;38.01875;11;4;0.0;8.333333333;79.16666667;12.5;0.0;0.0
2023-01;National;PARIS NORD;DUNKERQUE;128;199;16;;15;14.02888889;0.806193078;;14;28.28571429;2.191256831;;7;44.57142857;6;2;21.42857143;28.57142857;14.28571429;14.28571429;7.142857143;14.28571429
2023-01;International;PARIS EST;FRANCFORT;231;172;27;;24;14.30694444;2.356321839;;37;34.91486486;12.67241379;;37;34.91486486;17;5;12.903225806451598;0.0;51.61290322580649;22.58064516;9.677419355;3.2258064516128995
2023-01;National;BELLEGARDE (AIN);PARIS LYON;168;291;19;;82;8.275203252;2.563296569;;35;38.83190476;6.08560049;;23;52.03333333;14;7;37.142857142857096;34.285714285714306;5.714285714;14.28571429;0.0;8.571428571
2023-01;National;BREST;PARIS MONTPARNASSE;228;289;12;;14;43.02261905;2.239095415;;25;74.982;5.959851301;;25;74.982;13;13;32.0;28.000000000000004;0.0;24.0;12.0;4.0
2023-01;National;MARSEILLE ST CHARLES;PARIS LYON;201;503;14;;142;10.71819249;2.9642808452624405;;56;41.5952381;6.637559646;;56;41.59523809523811;29;11;39.28571429;25.0;12.5;12.5;3.571428571;7.142857143
2023-01;National;PARIS EST;REIMS;46;246;16;;33;9.125252525;1.400073421;;27;17.3691358;2.594640235;;11;27.95757576;5;0;7.407407407407408;0.0;33.33333333;44.44444444;7.407407407407408;7.407407407407408
2023-01;National;PERPIGNAN;PARIS LYON;312;193;12;;50;7.031333333;1.844007491;;20;31.5875;5.789325843;;20;31.5875;8;3;35.0;15.0;20.0;15.0;5.0;10.0
2023-01;National;POITIERS;PARIS MONTPARNASSE;100;456;29;;170;10.38362745;4.054513064;;53;39.26257862;3.009342835;;31;60.41397849;15;10;20.75471698;16.981132075471702;16.981132075471702;22.64150943;7.547169811;15.09433962
2023-01;National;PARIS LYON;VALENCE ALIXAN TGV;136;372;15;;66;19.50959596;3.3232493;;56;32.73005952;5.946918768;;41;39.93902439;27;6;16.07142857;12.5;8.928571429;35.71428571;21.42857143;5.357142857
2023-01;National;NANCY;PARIS EST;95;283;20;;61;24.948360655737705;2.943029151;;29;28.85747126;3.298035488;;20;37.61833333;9;3;11.53846154;26.92307692;15.38461538;15.38461538;26.92307692;3.846153846
2023-01;National;REIMS;PARIS EST;45;244;20;;37;9.571621622;1.646130952;;25;23.05266667;2.868303571;;15;31.63777778;5;2;12.5;8.333333333;33.33333333;20.83333333;25.0;0.0
2023-01;National;TOULOUSE MATABIAU;PARIS MONTPARNASSE;268;222;12;;13;15.34358974;0.953317152;;31;58.45698925;8.920145631;;31;58.45698925;19;9;32.25806452;12.903225806451598;25.80645161;9.677419355;9.677419355;9.677419355
2023-02;National;LAVAL;PARIS MONTPARNASSE;81;267;5;;78;6.421367521;1.756794872;;31;21.19784946;2.827884615;;13;35.96282051;6;1;16.12903226;16.12903226;32.25806452;25.80645161;0.0;9.677419355
2023-02;National;PARIS LYON;DIJON VILLE;100;396;20;;43;21.40852713;2.305762411;;26;39.11987179;2.997207447;;22;43.64015152;14;4;38.46153846;19.23076923;0.0;3.846153846;30.76923077;7.692307692
2023-02;National;VALENCE ALIXAN TGV;PARIS LYON;135;331;17;;189;7.324955908289241;4.468210863;;50;26.55866667;5.491373802;;23;41.91376812;15;7;22.0;16.0;34.0;16.0;2.0;10.0
2023-02;National;LYON PART DIEU;MARSEILLE ST CHARLES;103;414;16;;223;10.38744395;6.0769658119658105;;67;33.41691542;7.296068376;;52;39.32980769;16;7;14.92537313;14.92537313;17.91044776;22.38805970149249;10.44776119;19.402985074626898
2023-02;National;METZ;PARIS EST;91;264;6;;93;9.749462366;3.538436693;;29;27.560344827586203;2.782816537;;22;32.99166667;8;1;17.24137931;6.896551724;27.5862069;20.68965517;17.24137931;10.34482759
2023-02;International;LAUSANNE;PARIS LYON;233;150;6;;96;2.334548611;1.782060185;;8;51.38333333;4.156828704;;8;51.38333333;7;2;75.0;25.0;0.0;0.0;0.0;0.0
2023-02;National;ANGOULEME;PARIS MONTPARNASSE;125;298;17;;159;5.273584906;3.0899754;;26;23.14935897;2.979889299;;18;27.79907407;5;0;19.23076923;34.61538461538459;15.38461538;26.92307692;0.0;3.846153846
2023-02;National;MARSEILLE ST CHARLES;MARNE LA VALLEE;210;244;6;;40;16.69625;2.537254902;;29;41.3;8.172058824;;29;41.3;16;7;10.34482759;13.79310345;31.03448276;24.13793103;6.896551724;13.79310345
2023-02;National;ANNECY;PARIS LYON;228;143;9;;5;38.0;1.417910448;;32;35.5953125;11.18718905;;32;35.5953125;11;5;25.0;18.75;46.875;6.25;3.125;0.0
2023-02;National;BELLEGARDE (AIN);PARIS LYON;168;252;12;;97;11.66872852;4.766596932;;29;44.42068966;6.332217573;;26;48.08846154;14;6;20.68965517;17.24137931;17.24137931;34.48275862;10.34482759;0.0
2023-02;National;PARIS EST;REIMS;46;215;4;;26;7.734615385;0.992812006;;13;26.13846154;2.084834123;;9;32.62037037;4;0;15.38461538;7.692307692;30.76923077;23.07692308;7.692307692;15.38461538
2023-02;National;PARIS LYON;ANNECY;229;143;7;;20;17.99333333;2.44877451;;19;42.44736842;8.316176471;;19;42.44736842;11;3;26.31578947;10.52631579;21.05263158;42.105263157894704;0.0;0.0
2023-02;National;PARIS LYON;MACON LOCHE;99;252;11;;35;16.84952381;2.23340249;;25;35.42133333;4.677593361;;17;45.24803922;11;3;24.0;8.0;4.0;52.0;8.0;4.0
2023-02;National;AIX EN PROVENCE TGV;PARIS LYON;188;380;12;;228;8.125219298;5.149591281;;32;51.91145833;5.988601271571299;;32;51.91145833;24;7;43.75;9.375;15.625;15.625;9.375;6.25
2023-02;National;LA ROCHELLE VILLE;PARIS MONTPARNASSE;172;192;16;;10;5.0;0.284090909;;14;21.33452381;2.717045455;;8;27.02083333;2;0;21.42857143;14.28571429;21.42857143;28.57142857;0.0;14.28571429
2023-02;National;PARIS MONTPARNASSE;LAVAL;80;282;7;;32;13.54479167;1.135515152;;29;17.78275862;1.878787879;;13;26.28974359;3;1;6.896551724;6.896551724;24.13793103;31.03448276;6.896551724;24.13793103
2023-02;National;PARIS MONTPARNASSE;POITIERS;96;520;30;;35;15.30142857;0.657653061;;26;24.23269231;1.459863946;;17;30.83431373;7;0;4.0;12.000000000000002;8.0;40.0;16.0;20.0
2023-02;National;PARIS MONTPARNASSE;ST MALO;156;88;8;;5;16.22666667;0.601458333;;3;31.2;1.436458333;;3;31.2;1;0;0.0;66.66666667;0.0;33.33333333;0.0;0.0
2023-02;National;PARIS NORD;DUNKERQUE;128;177;5;;18;21.08518519;1.573934109;;18;34.16666667;3.372093023;;16;36.8125;6;2;5.555555555555561;50.0;0.0;27.77777778;16.66666667;0.0
2023-02;International;PARIS LYON;ITALIE;426;86;3;;10;9.001666667;0.863052209;;6;38.25;2.265060241;;6;38.25;2;1;16.66666667;33.33333333;33.33333333;16.66666667;0.0;0.0
2023-02;National;LYON PART DIEU;MARNE LA VALLEE;110;284;9;;189;8.927689594;6.227899878;;68;23.96102941;7.752808303;;27;40.18518518518519;12;6;4.411764706;4.411764706;33.82352941;30.88235294;10.29411765;16.17647059
2023-02;National;PARIS LYON;PERPIGNAN;310;174;18;;17;20.1627451;1.949465812;;10;44.5;2.963034188;;10;44.5;7;1;50.0;20.0;0.0;30.0;0.0;0.0
2023-02;National;PARIS MONTPARNASSE;LA ROCHELLE VILLE;178;208;17;;14;10.28452381;0.306980803;;9;31.888888888888896;2.295811518;;8;34.375;5;0;33.33333333;0.0;22.22222222;33.33333333;0.0;11.11111111
2023-02;National;TOURS;PARIS MONTPARNASSE;78;176;7;;13;11.73205128;0.8779092702169629;;18;19.47777778;2.161242604;;8;30.875;3;0;0.0;0.0;47.05882353;29.41176471;5.882352941176469;17.64705882
2023-02;National;NIMES;PARIS LYON;181;211;7;;56;12.61547619;3.427042483660129;;21;38.19920635;5.671813725;;17;43.9245098;12;5;19.04761905;19.04761905;19.04761905;33.33333333;0.0;9.523809524
2023-02;National;PARIS MONTPARNASSE;VANNES;158;229;10;;34;10.56421569;1.181050228;;23;22.26086957;3.287671233;;15;26.7;3;1;30.43478261;17.391304347826097;13.043478260869602;21.73913043;4.347826086956521;13.043478260869602
2023-02;National;PARIS LYON;NICE VILLE;353;198;6;;13;23.06923077;1.291145833;;29;34.91666667;6.067100694444451;;29;34.91666667;14;3;34.48275862;24.13793103;13.79310345;3.448275862;0.0;24.13793103
2023-02;National;TOULOUSE MATABIAU;PARIS MONTPARNASSE;268;198;7;;16;4.527083333;0.37358156;;19;31.98333333;4.830407801;;19;31.983333333333302;10;1;15.78947368;42.105263157894704;15.78947368;15.78947368;0.0;10.52631579
2023-02;International;PARIS LYON;ZURICH;248;148;6;;21;16.99047619;2.366314554;;16;38.40208333;6.11185446;;16;38.40208333;7;2;40.0;6.666666667;20.0;6.666666667;26.66666667;0.0
2023-02;National;PARIS LYON;BESANCON FRANCHE COMTE TGV;133;156;13;;15;25.59888889;2.493123543;;10;43.76666667;4.11002331;;7;56.78095238;6;1;60.0;10.0;0.0;10.0;20.0;0.0
2023-02;National;PARIS LYON;SAINT ETIENNE CHATEAUCREUX;173;88;11;;8;14.81666667;1.363419913;;9;26.79074074;4.531601732;;6;33.72222222;3;0;33.33333333;0.0;33.33333333;22.22222222;11.11111111;0.0
2023-02;National;POITIERS;PARIS MONTPARNASSE;99;423;19;;169;6.630374753;2.6459482038429405;;71;17.28685446;3.466875522;;29;27.1545977;7;0;12.67605634;22.53521127;29.57746479;26.76056338;0.0;8.450704225
2023-02;International;PARIS EST;STUTTGART;189;127;7;;17;12.20196078;1.687638889;;21;38.56111111;10.80472222;;21;38.56111111;11;2;4.761904762;14.28571429;28.57142857;28.57142857;4.761904762;19.04761905
2023-02;International;PARIS LYON;GENEVE;195;220;14;;44;16.74848485;3.413430421;;20;43.0975;4.706148867;;20;43.0975;11;3;40.0;5.0;10.0;10.0;25.0;10.0
2023-02;National;NANTES;STRASBOURG;313;52;1;;7;13.76666667;1.841503268;;3;47.57777778;4.473529412;;3;47.57777777777781;2;1;0.0;0.0;33.33333333;33.33333333;0.0;33.33333333
2023-02;National;ST MALO;PARIS MONTPARNASSE;153;88;1;;3;7.572222222;0.206875;;7;34.44761905;3.168958333;;5;43.34;2;1;14.28571429;42.85714286;0.0;42.85714286;0.0;0.0
2023-02;National;BORDEAUX ST JEAN;PARIS MONTPARNASSE;140;964;46;;309;9.145738943;2.987039065;;100;27.35716667;3.920700986;;75;32.28022222;29;4;19.0;24.0;20.0;21.0;2.0;14.000000000000002
2023-02;National;STRASBOURG;PARIS EST;116;473;13;;207;10.54613527;4.824179431;;67;33.99104478;5.581327498;;47;42.64964539;27;8;4.47761194;7.462686567;59.701492537313406;11.94029851;5.970149254;10.44776119
2023-02;National;LILLE;PARIS NORD;69;617;8;;119;10.66190476190474;1.8442695507626736;;109;22.53586151;5.000561849992796;;52;36.69294871794871;26;6;10.51517290049398;30.839802399435424;21.242060691601942;18.06633733239238;14.467184191954818;4.869442484121382
2023-02;National;BESANCON FRANCHE COMTE TGV;PARIS LYON;136;165;9;;32;14.2234375;2.678064516;;15;48.57666667;5.315591398;;12;57.24027778;7;5;13.33333333;53.33333333;0.0;33.33333333;0.0;0.0
2023-02;National;PARIS LYON;MONTPELLIER;217;178;8;;16;20.325;1.559803922;;15;39.91444444;4.194901961;;15;39.91444444;8;2;33.33333333;26.66666667;13.33333333;20.0;6.666666667;0.0
2023-02;National;PERPIGNAN;PARIS LYON;312;172;12;;44;10.9844697;3.036622807;;13;42.73846154;6.745833333;;13;42.73846153846149;9;4;30.76923077;38.46153846;7.692307692;23.07692308;0.0;0.0
2023-02;National;STRASBOURG;NANTES;333;52;1;;8;6.2125;1.038235294;;3;19.32222222;1.912745098;;3;19.32222222;0;0;33.33333333;0.0;0.0;33.33333333;0.0;33.33333333
2023-02;National;TOURCOING;BORDEAUX ST JEAN;298;27;2;;2;26.81666667;2.145333333;;1;66.2;3.814666667;;1;66.2;1;1;0.0;0.0;0.0;100.0;0.0;0.0
2023-02;National;LILLE;MARSEILLE ST CHARLES;297;219;3;;59;7.149152542372881;1.842592592592591;;26;44.52781843862355;7.911728395061703;;26;44.510897435897455;12;5;15.384615384615383;19.230769230769244;0.0;38.461538461538495;3.846153846;23.07692307692305
2023-02;National;LYON PART DIEU;LILLE;187;264;8;;181;9.041252302;6.490415534420292;;78;30.07059984214676;11.73438745471019;;58;36.39224137931032;22;10;10.256410256410268;7.692307692307689;43.589743589743634;16.666666666666682;6.410256410256407;15.38461538
2023-02;National;LYON PART DIEU;PARIS LYON;123;640;31;;260;7.002179487;3.113952851;;60;30.39833333;4.268914474;;43;37.3124031;24;5;18.33333333;16.66666667;16.66666667;20.0;11.66666667;16.66666667
2023-02;National;PARIS MONTPARNASSE;BORDEAUX ST JEAN;141;920;45;;87;11.42413793;0.696552381;;50;29.550333333333302;2.324685714;;32;38.73854167;16;2;12.24489796;12.24489796;12.24489796;26.53061224;16.32653061;20.40816327
2023-02;National;PARIS MONTPARNASSE;LE MANS;57;388;9;;33;9.157070707;0.426605101;;26;13.20512821;0.822779244;;8;19.88541667;0;0;4.0;8.0;36.0;28.000000000000004;12.000000000000002;12.000000000000002
2023-02;National;RENNES;LYON PART DIEU;238;78;4;;8;7.216666667;0.831306306;;4;36.17916667;2.708558559;;4;36.17916667;3;0;0.0;25.0;0.0;25.0;0.0;50.0
2023-02;International;PARIS LYON;BARCELONA;403;56;7;;5;25.15;2.237755102;;5;38.0;4.040816327;;5;38.0;4;0;0.0;40.0;20.0;40.0;0.0;0.0
2023-02;National;BREST;PARIS MONTPARNASSE;228;258;8;;14;13.85714286;0.787755102;;12;53.7;2.724557823;;12;53.70000000000001;9;4;41.66666667;16.66666667;0.0;33.33333333;8.333333333;0.0
2023-02;National;CHAMBERY CHALLES LES EAUX;PARIS LYON;183;333;13;;203;9.685221675;5.971145833;;81;40.95967078189301;12.14744792;;69;45.72463768;27;13;27.160493827160497;16.04938272;45.67901234567899;3.703703704;6.172839506172839;1.2345679012345698
2023-02;National;MARSEILLE ST CHARLES;TOURCOING;284;27;1;;3;15.35;1.383974359;;7;42.85714286;13.326923076923098;;7;42.85714286;4;2;14.28571429;28.57142857;28.57142857;0.0;0.0;28.57142857
2023-02;National;NICE VILLE;PARIS LYON;355;189;6;;14;8.84047619;0.429234973;;17;45.40784313725491;5.422222222;;17;45.40784314;12;3;35.29411765;0.0;29.41176471;23.52941176;0.0;11.76470588
2023-02;National;PARIS NORD;DOUAI;70;128;3;;10;12.23166667;0.671733333;;21;21.18809524;3.6324;;9;34.32592593;3;1;15.0;20.0;20.0;35.0;10.0;0.0
2023-02;International;PARIS LYON;LAUSANNE;234;161;9;;17;17.67156863;1.7890350877193002;;17;39.82058824;5.094846491;;17;39.82058824;4;3;53.33333333;20.0;6.666666667;13.33333333;0.0;6.666666667
2023-02;National;LILLE;LYON PART DIEU;184;324;11;;131;6.663486005089062;2.802502662406817;;32;29.07804728;5.670500532481368;;22;36.06515151515149;7;4;6.458333333333336;12.812499999999998;9.6875;41.97916666666664;25.833333333333364;3.2291666666666634
2023-02;National;MARSEILLE ST CHARLES;LYON PART DIEU;103;392;19;;81;13.89403292;2.946181491;;39;36.55;5.983063791554359;;33;40.88333333;20;5;28.20512821;5.128205128;38.46153846;10.25641026;7.692307692;10.25641026
2023-02;National;NANTES;PARIS MONTPARNASSE;134;553;20;;89;8.729400749;1.132172003;;35;32.62142857;2.402856246;;28;37.41964286;12;6;22.857142857142904;25.71428571;20.0;17.14285714;0.0;14.28571429
2023-02;National;DUNKERQUE;PARIS NORD;131;154;5;;11;8.636363636;0.649659864;;20;32.77583333;6.990022676;;15;39.16555556;8;2;15.0;55.00000000000001;10.0;20.0;0.0;0.0
2023-02;National;PARIS EST;STRASBOURG;114;490;18;;66;12.14343434;1.642408192;;48;28.91597222;3.172175141;;30;38.66444444;13;5;12.765957446808502;10.63829787;14.89361702;38.29787234;10.63829787;12.765957446808502
2023-02;National;PARIS LYON;AVIGNON TGV;164;363;10;;52;18.34967949;2.479367328;;36;37.37685185;5.256987724;;26;46.71602564;12;6;27.77777778;16.66666667;11.11111111;22.22222222;13.88888889;8.333333333
2023-02;National;SAINT ETIENNE CHATEAUCREUX;PARIS LYON;173;88;5;;10;2.715;0.707905983;;6;20.22777778;2.943162393;;3;27.016666666666698;1;0;0.0;16.66666667;33.33333333;33.33333333;0.0;16.66666667
2023-02;National;PARIS LYON;GRENOBLE;186;228;14;;28;20.39940476;2.39135514;;26;32.48076923;4.892523364485981;;26;32.48076923;13;1;30.76923077;15.38461538;19.23076923;19.23076923;15.38461538;0.0
2023-02;National;PARIS NORD;LILLE;66;600;15;;64;14.02291666666665;1.1451851851851844;;84;22.80269925843398;3.7964672364672327;;34;41.32598039215684;16;6;13.39429491603402;21.95910973084883;25.59380032;23.19703243616284;9.766793190706236;6.088969404186795
2023-02;National;RENNES;PARIS MONTPARNASSE;100;715;17;;252;8.714880952;3.1428400383141804;;68;30.31397059;3.304621648;;40;42.78083333;20;7;19.11764706;27.941176470588204;10.29411765;35.29411765;2.941176471;4.411764706
2023-02;National;PARIS MONTPARNASSE;TOURS;77;178;5;;9;5.690740741;-0.085356455;;11;10.77878788;0.874662813;;2;18.09166667;0;0;10.0;0.0;40.0;40.0;0.0;10.0
2023-02;International;ITALIE;PARIS LYON;433;86;4;;79;32.25084388;31.09776423;;22;61.08106061;20.03495935;;22;61.08106061;8;4;27.27272727;22.72727272727269;50.0;0.0;0.0;0.0
2023-02;National;PARIS LYON;TOULON;246;242;10;;16;23.428125;1.351724138;;35;33.4252381;7.737356322;;35;33.4252381;17;2;35.29411765;20.58823529;14.70588235;5.882352941;0.0;23.529411764705905
2023-02;National;ANGERS SAINT LAUD;PARIS MONTPARNASSE;96;491;16;;145;7.957471264;2.52688513;;41;28.72439024;2.52230444;;28;37.41964286;12;6;19.51219512;24.3902439;24.3902439;19.51219512;0.0;12.19512195
2023-02;National;MARSEILLE ST CHARLES;PARIS LYON;201;440;11;;101;11.52755776;2.5519081;;37;49.18513514;5.790732087;;37;49.18513514;26;7;35.13513514;8.108108108;18.91891892;18.91891892;8.108108108;10.81081081
2023-02;National;PARIS LYON;AIX EN PROVENCE TGV;187;411;13;;57;19.61023392;2.560887772;;34;44.17058824;4.820854271;;33;45.03737374;14;7;33.33333333;6.0606060606060606;15.151515151515198;24.24242424;6.0606060606060606;15.151515151515198
2023-02;National;MULHOUSE VILLE;PARIS LYON;174;304;17;;121;6.248484848;2.671022067;;24;42.15486111;4.642218351;;15;59.47222222;10;6;16.66666667;45.83333333;12.5;20.83333333;0.0;4.166666666666671
2023-02;National;PARIS MONTPARNASSE;ST PIERRE DES CORPS;65;462;21;;30;11.42111111;0.379213908;;23;18.28043478;1.2230914588057402;;10;28.32;3;0;0.0;0.0;17.391304347826097;47.82608696;13.043478260869602;21.73913043
2023-02;International;ZURICH;PARIS LYON;248;168;8;;53;1.567924528;0.9907291666666668;;5;51.11;3.686458333;;5;51.11;3;1;40.0;20.0;20.0;0.0;0.0;20.0
2023-02;National;AVIGNON TGV;PARIS LYON;166;381;12;;164;9.971036585;4.385054348;;47;37.00035461;5.682065217;;28;53.35119048;21;7;25.531914893617003;8.510638298;38.29787234042551;14.89361702;6.382978723404251;6.382978723404251
2023-02;National;MARNE LA VALLEE;MARSEILLE ST CHARLES;215;245;5;;138;6.758091787;3.9794444444444497;;26;44.51089744;7.267847222;;26;44.51089744;12;5;15.38461538;19.23076923;0.0;38.46153846;3.846153846;23.07692308
2023-02;National;PARIS MONTPARNASSE;ANGERS SAINT LAUD;95;458;14;;34;13.79852941;0.654316817;;26;23.56858974;1.483558559;;12;38.28194444;7;0;11.53846154;23.07692308;23.07692308;26.92307692;0.0;15.38461538
2023-02;National;ARRAS;PARIS NORD;50;460;10;;180;8.73037037;3.53986637;;99;20.77255892;5.909279881;;44;35.69621212;19;5;8.510638298;45.744680851063805;22.34042553;15.95744681;7.446808511;0.0
2023-02;National;LE MANS;PARIS MONTPARNASSE;58;424;11;;189;6.887742504;3.163381995;;72;18.58912037;3.214760746;;29;32.55402299;9;2;22.22222222;27.77777778;23.611111111111104;23.611111111111104;0.0;2.7777777777777803
2023-02;National;PARIS EST;NANCY;96;252;4;;34;8.04754902;1.180241935;;11;22.43636364;1.408870968;;6;30.294444444444405;3;0;0.0;36.36363636;9.090909091;27.27272727;18.18181818;9.090909091
2023-02;National;TOULON;PARIS LYON;247;229;11;;80;6.578125;2.436789555;;19;45.50701754;5.088940092;;19;45.50701754;14;3;36.84210526;0.0;26.31578947;26.31578947;0.0;10.52631579
2023-02;National;DIJON VILLE;PARIS LYON;102;381;21;;128;8.95703125;3.26712963;;34;38.93921569;4.842407407;;23;51.28550725;15;7;26.47058824;38.23529412;17.64705882;14.70588235;0.0;2.941176471
2023-02;National;MONTPELLIER;LYON PART DIEU;115;175;11;;35;11.0;2.324186992;;21;24.31111111;5.71504065;;12;31.62361111;3;1;0.0;5.0;30.0;15.0;10.0;40.0
2023-02;National;PARIS LYON;LYON PART DIEU;123;638;35;;65;17.85025641;1.633803987;;51;41.44542484;4.069379845;;44;46.05984848;18;7;25.49019608;9.803921569;13.7254902;27.45098039;21.56862745;1.960784314
2023-02;National;PARIS MONTPARNASSE;TOULOUSE MATABIAU;266;200;13;;21;11.21666667;0.625579323;;22;41.38712121;5.404456328;;22;41.38712121;10;5;36.36363636;27.27272727;13.63636364;4.545454545454549;0.0;18.18181818
2023-02;International;PARIS EST;FRANCFORT;242;72;4;;8;10.85833333;1.290441176;;8;28.2;4.064215686;;8;28.2;3;0;33.33333333;0.0;66.66666667;0.0;0.0;0.0
2023-02;National;GRENOBLE;PARIS LYON;187;209;15;;26;9.0;1.242869416;;18;30.48240741;5.514948454;;18;30.48240741;7;0;27.77777778;11.11111111;33.33333333;16.66666667;11.11111111;0.0
2023-02;National;LYON PART DIEU;MONTPELLIER;112;196;12;;112;8.961904762;5.581521739;;20;31.6075;4.567391304;;17;34.96372549;9;3;45.0;20.0;0.0;10.0;5.0;20.0
2023-02;National;PARIS LYON;CHAMBERY CHALLES LES EAUX;182;360;11;;46;17.01775362;2.02965616;;63;28.41111111;7.035148042024831;;43;35.72713178;16;5;9.523809524;15.87301587;36.50793651;28.57142857;9.523809524;0.0
2023-02;National;MACON LOCHE;PARIS LYON;99;225;14;;171;12.39727096;10.26062802;;59;29.1519774;10.4615942;;47;33.35212766;15;5;23.728813559322003;22.03389831;40.6779661;6.779661017;1.6949152542372898;5.084745763
2023-02;National;MARSEILLE ST CHARLES;LILLE;282;174;3;;29;13.26436781609195;2.020662768031189;;37;38.00151515151517;11.378849902534135;;37;39.05630630630634;17;8;10.810810810810793;2.702702702702702;40.54054054054051;24.324324324324287;8.108108108108107;13.513513513513514
2023-02;National;PARIS MONTPARNASSE;ANGOULEME;125;275;21;;23;14.68115942;0.807939633;;22;23.574242424242403;3.185104987;;10;36.77166667;4;1;14.28571429;14.28571429;28.57142857;14.28571429;19.04761905;9.523809524
2023-02;National;PARIS LYON;VALENCE ALIXAN TGV;136;316;14;;32;19.40208333;1.787430786;;29;29.61896552;3.626744186;;20;37.18916667;11;3;37.931034482758605;20.68965517;6.896551724;31.03448276;3.448275862;0.0
2023-02;National;DOUAI;PARIS NORD;75;169;4;;56;7.774404762;2.744927536;;34;20.67156863;4.534161491;;13;39.07692308;5;3;9.677419355;45.16129032;32.25806452;9.677419355;3.2258064516128995;0.0
2023-02;National;MARNE LA VALLEE;LYON PART DIEU;110;352;11;;213;8.074804382;5.119648094;;43;25.30077519;5.382404692;;24;34.95069444;7;4;9.756097561;12.195121951219502;9.756097561;39.02439024;24.390243902439003;4.87804878
2023-02;National;NANCY;PARIS EST;95;251;3;;52;4.984935897;1.153897849;;13;28.992307692307698;1.716666667;;9;37.20555556;4;0;23.07692308;0.0;38.46153846;23.07692308;15.38461538;0.0
2023-02;National;PARIS LYON;BELLEGARDE (AIN);168;255;15;;51;19.88888889;4.039305556;;38;41.57236842;7.624305556;;31;47.71075269;16;8;34.21052632;15.78947368;7.894736842;15.78947368;21.05263158;5.263157895
2023-02;National;PARIS LYON;MULHOUSE VILLE;174;304;17;;35;21.19095238;2.443960511;;23;35.02681159;3.225261324;;15;46.86555556;12;2;45.454545454545496;13.63636364;4.545454545;4.545454545;31.81818182;0.0
2023-02;National;PARIS LYON;NIMES;185;164;6;;15;20.79777778;1.643459916;;13;37.63717949;4.307278481;;13;37.63717949;7;1;30.76923077;30.76923077;0.0;30.76923077;7.692307692;0.0
2023-02;National;PARIS MONTPARNASSE;BREST;230;264;16;;24;8.065972222;0.3605510752688171;;6;34.08333333;0.929435484;;6;34.08333333;3;0;33.33333333;16.66666667;0.0;16.66666667;0.0;33.33333333
2023-02;National;QUIMPER;PARIS MONTPARNASSE;233;218;4;;13;7.846153846;0.483412322;;14;41.90833333;4.072511848;;14;41.90833333;6;2;35.71428571;14.28571429;14.28571429;14.28571429;7.142857143;14.28571429
2023-02;National;PARIS MONTPARNASSE;NANTES;134;534;21;;38;12.57236842;0.545776478;;22;50.86742424;2.570792723;;19;56.91666666666669;10;3;27.27272727;22.72727272727269;13.63636364;18.18181818;0.0;18.18181818
2023-02;National;PARIS MONTPARNASSE;QUIMPER;227;201;7;;31;10.56344086;1.237371134;;14;35.5;3.896907216;;14;35.5;6;1;50.0;28.57142857;14.28571429;0.0;0.0;7.142857143
2023-02;National;REIMS;PARIS EST;46;213;7;;15;13.0;1.016019417;;13;28.88717949;2.034789644;;7;46.74285714;5;2;7.692307692;30.76923077;46.15384615;0.0;15.38461538;0.0
2023-02;National;VANNES;PARIS MONTPARNASSE;166;256;4;;109;4.808409786;2.350488145;;23;33.40144928;4.043933054;;17;40.48627451;7;2;21.73913043;21.73913043;8.695652173913041;34.78260869565219;4.347826086956521;8.695652173913041
2023-02;National;PARIS LYON;MARSEILLE ST CHARLES;201;504;15;;56;18.8797619;1.939434219;;38;45.12192982;4.910872529;;38;45.12192982;22;7;36.84210526;5.263157895;5.263157895;21.05263158;5.263157895;26.31578947
2023-02;National;PARIS NORD;ARRAS;48;469;13;;50;16.52566667;1.48121345;;73;22.97374429;4.864692982456139;;32;40.88489583;16;5;17.91044776;13.43283582;22.38805970149249;28.35820896;11.94029851;5.970149254
2023-02;International;STUTTGART;PARIS EST;194;129;3;;108;7.575925926;6.275866667;;21;36.63730159;8.708533333;;21;36.63730159;10;3;4.761904762;4.761904762;61.9047619;4.761904762;9.523809524;14.28571429
2023-02;National;LYON PART DIEU;RENNES;240;78;3;;39;7.700854701;4.161777778;;5;45.67;4.744;;5;45.67;3;1;0.0;40.0;60.0;0.0;0.0;0.0
2023-02;International;FRANCFORT;PARIS EST;241;69;6;;48;4.73125;3.686666667;;14;29.9047619;8.203055556;;14;29.9047619;3;1;0.0;0.0;85.71428571;7.142857143;0.0;7.142857143
2023-02;International;GENEVE;PARIS LYON;197;216;12;;125;4.214666667;2.815522876;;19;36.16052632;4.906862745;;19;36.16052632;8;2;31.57894737;15.78947368;15.78947368;36.84210526;0.0;0.0
2023-02;National;BORDEAUX ST JEAN;TOURCOING;333;27;2;;2;1.258333333;-0.18;;2;81.5;7.6;;2;81.5;1;1;0.0;0.0;50.0;0.0;0.0;50.0
2023-02;National;LE CREUSOT MONTCEAU MONTCHANIN;PARIS LYON;85;194;9;;79;9.247046414;3.89009009;;40;19.92583333;4.968288288;;17;34.9;8;2;17.5;17.5;25.0;10.0;5.0;25.0
2023-02;International;BARCELONA;PARIS LYON;408;56;5;;16;6.269791667;2.006333333;;5;43.05666667;7.038666667;;5;43.05666667;4;1;40.0;20.0;0.0;40.0;0.0;0.0
2023-02;National;MONTPELLIER;PARIS LYON;212;218;8;;59;11.20734463;3.192301587;;17;43.9245098;5.536507937;;17;43.9245098;12;5;17.64705882;23.52941176;5.882352941;41.17647059;0.0;11.76470588
2023-02;National;PARIS EST;METZ;89;238;6;;31;10.93333333;1.507543103;;18;22.70277778;0.071623563;;12;28.579166666666698;3;1;11.11111111;16.66666667;22.22222222;16.66666667;33.33333333;0.0
2023-02;National;PARIS LYON;LE CREUSOT MONTCEAU MONTCHANIN;85;185;8;;17;18.72941176;1.581826742;;15;35.63444444;3.1392655367231703;;10;47.99;6;2;33.33333333;6.666666667;20.0;26.66666667;13.33333333;0.0
2023-02;National;PARIS MONTPARNASSE;RENNES;100;660;21;;69;9.775845411;0.630646844;;40;17.00208333;0.677543036;;19;23.08333333;3;0;0.0;23.68421053;18.42105263;23.68421053;5.263157895;28.94736842
2023-02;National;ST PIERRE DES CORPS;PARIS MONTPARNASSE;65;487;20;;170;5.418627451;2.118570402;;58;16.86091954;2.260237069;;20;29.38916667;6;0;3.571428571428569;10.71428571;39.28571429;26.785714285714302;3.571428571428569;16.07142857
2023-03;International;PARIS LYON;LAUSANNE;234;158;38;;16;35.284375;3.3115277777777794;;17;37.23627451;5.504722222222219;;17;37.23627451;11;0;35.29411765;29.41176471;11.76470588;17.64705882;0.0;5.882352941
2023-03;National;METZ;PARIS EST;91;300;31;;71;13.42535211;3.630524345;;27;40.17654321;3.508302122;;18;55.62777778;11;8;22.22222222;14.81481481;18.51851852;14.81481481;7.407407407407408;22.22222222
2023-03;National;PARIS LYON;LYON PART DIEU;123;735;188;;94;37.81170213;6.264686167;;85;64.35019608;10.40987203;;74;71.95675676;47;32;27.058823529411804;34.11764706;8.235294118;15.29411765;10.58823529;4.705882353
2023-03;National;AVIGNON TGV;PARIS LYON;167;437;90;;166;9.627008032;4.57172447;;51;62.52908497;9.834441233;;45;69.13925926;33;23;33.33333333;35.29411765;11.76470588;9.803921569;5.882352941;3.921568627
2023-03;International;BARCELONA;PARIS LYON;408;62;14;;10;7.523333333333329;1.83495935;;8;51.97708333;7.960569106;;8;51.97708333;5;2;12.5;12.5;37.5;25.0;12.5;0.0
2023-03;National;LYON PART DIEU;PARIS LYON;122;729;165;;233;9.769313305;4.169715808;;87;55.27509579;9.606601539;;69;66.38961353;42;30;21.83908046;28.73563218;11.49425287;13.79310345;12.64367816;11.49425287
2023-03;National;PARIS EST;REIMS;46;250;32;;23;12.368115942028998;1.359862385;;12;29.395833333333304;2.008180428;;6;47.11666667;4;2;41.66666667;8.333333333;8.333333333;8.333333333;25.0;8.333333333
2023-03;National;PARIS LYON;MULHOUSE VILLE;173;280;45;;42;39.16269841;6.83035461;;34;80.35686275;12.20929078;;31;86.88870968;22;15;35.29411765;35.29411765;0.0;14.70588235;14.70588235;0.0
2023-03;National;PARIS NORD;DUNKERQUE;127;200;44;;19;6.293859649;0.51688172;;9;21.11111111;1.116129032;;5;27.0;1;0;33.33333333;22.22222222;0.0;33.33333333;11.11111111;0.0
2023-03;National;RENNES;PARIS MONTPARNASSE;101;805;151;;219;13.71940639;4.577931388;;80;35.27979167;4.649206349;;42;56.07777778;23;10;24.05063291;15.18987342;17.72151899;25.3164557;10.12658228;7.594936709
2023-03;National;PARIS NORD;DOUAI;70;143;25;;13;9.45;0.800141243;;13;26.64487179;3.086864407;;6;45.16666666666671;5;1;38.46153846;0.0;7.692307692;30.76923077;15.38461538;7.692307692
2023-03;International;LAUSANNE;PARIS LYON;232;142;17;;65;2.975128205;2.003753754;;21;59.71269841;10.50930931;;21;59.71269841;12;8;19.04761905;47.61904762;19.04761905;4.761904762;4.761904762;4.761904762
2023-03;International;PARIS LYON;ITALIE;426;94;18;;14;22.06309524;3.927412281;;11;62.81818182;8.243421053;;11;62.81818182;8;6;27.27272727;9.090909091;18.18181818;45.454545454545496;0.0;0.0
2023-03;National;MARNE LA VALLEE;LYON PART DIEU;110;405;149;;172;10.98042636;7.220898438;;47;54.83723404;11.86966146;;37;66.00810811;22;13;14.89361702;21.27659574;17.0212766;23.404255319148906;17.0212766;6.382978723404251
2023-03;National;PARIS LYON;BESANCON FRANCHE COMTE TGV;133;150;25;;19;39.42982456;5.8248;;17;63.88039216;9.861333333;;15;70.67222222;9;7;11.76470588;52.94117647;0.0;23.52941176;11.76470588;0.0
2023-03;National;PARIS MONTPARNASSE;ST PIERRE DES CORPS;66;527;130;;39;13.07179487;0.942401343;;42;17.53809524;2.017968094;;14;33.63928571;8;0;28.20512821;2.564102564;15.38461538;38.46153846;7.692307692;7.692307692
2023-03;National;AIX EN PROVENCE TGV;PARIS LYON;189;436;71;;234;7.905626781;5.16260274;;46;66.54601449;9.273333333;;46;66.54601449;31;22;34.78260869565219;41.30434783;10.86956522;4.347826086956521;4.347826086956521;4.347826086956521
2023-03;National;TOULON;PARIS LYON;248;273;55;;72;8.195833333;2.771728972;;32;59.51250000000001;9.570015576;;32;59.5125;22;13;46.875;34.375;6.25;6.25;0.0;6.25
2023-03;International;ZURICH;PARIS LYON;249;153;20;;40;1.566666667;0.993256997;;13;63.44230769;6.166666667;;13;63.44230769;8;7;38.46153846;38.46153846;7.692307692;15.38461538;0.0;0.0
2023-03;National;PARIS EST;NANCY;96;296;36;;30;19.95333333;2.345641026;;11;27.63636364;1.541794872;;9;30.316666666666706;3;1;18.18181818;18.18181818;0.0;45.454545454545496;18.18181818;0.0
2023-03;National;NICE VILLE;PARIS LYON;356;222;39;;8;6.710416667;0.100274725;;29;57.09252874;9.661172161;;29;57.09252874;19;10;48.27586207;31.03448276;6.896551724;6.896551724;0.0;6.896551724
2023-03;National;PARIS NORD;LILLE;66;663;113;;56;9.292559524;0.4272727272727276;;34;19.756788359788366;1.2947878787878766;;13;32.512820512820504;6;1;30.26960784313728;8.946078431372545;18.38235294117647;21.20098039215684;6.004901960784312;15.19607843137257
2023-03;International;PARIS LYON;GENEVE;196;242;67;;27;30.19691358;4.438666667;;28;46.60833333;8.091714286;;28;46.60833333;16;5;32.14285714;28.57142857;10.71428571;10.71428571;10.71428571;7.142857143
2023-03;National;LYON PART DIEU;RENNES;238;86;34;;24;5.528472222;2.759935897;;12;56.65277778;14.19583333;;12;56.65277778;7;4;16.66666667;33.33333333;16.66666667;33.33333333;0.0;0.0
2023-03;National;PARIS EST;STRASBOURG;112;605;82;;76;16.52675439;2.290057361;;32;39.96822917;2.279094965;;27;44.70432098765429;13;6;25.0;9.375;9.375;21.875;15.625;18.75
2023-03;National;PARIS LYON;NICE VILLE;354;219;37;;24;9.574305556;0.995970696;;25;43.51133333333329;6.749358974;;25;43.51133333;12;5;32.0;16.0;36.0;12.0;0.0;4.0
2023-03;International;FRANCFORT;PARIS EST;242;32;3;;22;2.941666667;1.863095238;;6;29.32222222;9.256547619;;6;29.322222222222205;3;0;0.0;0.0;83.33333333;0.0;0.0;16.66666667
2023-03;International;GENEVE;PARIS LYON;198;235;62;;119;8.292857143;5.905298651;;27;53.30679012;9.684393064;;27;53.30679012;14;9;29.62962963;25.925925925925903;14.81481481;22.22222222;3.703703704;3.703703704
2023-03;International;STUTTGART;PARIS EST;194;151;24;;99;15.43097643;11.67425474;;24;35.18680556;9.318699187;;24;35.18680556;7;4;8.333333333;0.0;54.16666667;12.5;8.333333333;16.66666667
2023-03;National;LYON PART DIEU;MARNE LA VALLEE;110;343;115;;133;11.44461153;6.851488095;;49;51.61394558;12.17447917;;34;68.93235294;20;17;10.204081632653102;22.44897959;22.44897959;16.32653061;8.163265306;20.40816327
2023-03;National;MARNE LA VALLEE;MARSEILLE ST CHARLES;215;274;72;;103;14.62540453;6.458580858;;37;60.78558559;12.79884488;;37;60.78558558558559;24;14;27.02702703;21.62162162;8.108108108;13.51351351;13.51351351;16.21621622
2023-03;National;MONTPELLIER;PARIS LYON;212;251;29;;77;12.01753247;4.163588589;;42;47.64087302;10.0716967;;42;47.64087302;26;9;16.66666667;21.42857143;28.57142857;26.19047619;4.761904762;2.380952381
2023-03;National;PARIS LYON;MACON LOCHE;99;288;75;;44;24.73484848;4.942723005;;38;54.61052632;10.69640063;;32;62.24270833;19;11;25.71428571;14.28571429;22.85714286;22.85714286;8.571428571;5.714285714285711
2023-03;National;VALENCE ALIXAN TGV;PARIS LYON;135;394;63;;165;10.85191919;5.478672746;;66;49.02979798;10.81529889;;60;52.61388889;35;14;21.21212121;15.151515151515198;24.24242424;24.24242424;4.545454545454549;10.60606061
2023-03;National;LA ROCHELLE VILLE;PARIS MONTPARNASSE;174;222;94;;8;8.25;0.524869792;;14;27.21785714;3.537630208;;10;32.46833333;3;1;21.42857143;28.57142857;14.28571429;21.42857143;0.0;14.28571429
2023-03;National;MARSEILLE ST CHARLES;TOURCOING;284;29;6;;3;24.5;2.9424242424242406;;3;57.66666666666671;6.022727272727269;;3;57.66666666666671;3;1;0.0;33.33333333;0.0;0.0;33.33333333;33.33333333
2023-03;National;MONTPELLIER;LYON PART DIEU;114;207;82;;22;18.63106061;3.360133333;;13;42.9974359;6.050133333;;7;67.8452381;5;4;7.692307692;15.38461538;53.84615385;0.0;7.692307692;15.38461538
2023-03;National;LAVAL;PARIS MONTPARNASSE;81;300;37;;83;11.69738956;3.684895833;;45;41.72222222;4.741796875;;22;73.20909091;16;9;30.23255814;18.60465116;16.27906977;11.627906976744198;16.27906977;6.976744186
2023-03;National;LYON PART DIEU;MONTPELLIER;112;245;88;;90;14.73462963;8.793028322;;26;48.17371795;8.722331155;;19;60.98947368;10;9;16.0;32.0;28.000000000000004;20.0;4.0;0.0
2023-03;National;PARIS LYON;SAINT ETIENNE CHATEAUCREUX;174;114;60;;13;46.43974359;8.229320988;;11;58.933333333333294;13.74722222;;8;76.52916667;4;3;45.454545454545496;18.18181818;9.090909091;0.0;9.090909091;18.18181818
2023-03;National;PARIS MONTPARNASSE;ST MALO;156;98;47;;9;15.146296296296304;1.903921569;;6;41.25;4.904248366;;4;54.875;3;2;33.33333333;0.0;16.66666667;16.66666667;16.66666667;16.66666667
2023-03;National;PARIS MONTPARNASSE;TOURS;77;198;39;;17;14.10784314;1.195702306;;15;20.16777778;2.131132075;;4;43.0375;4;0;33.33333333;0.0;20.0;40.0;0.0;6.666666667
2023-03;National;STRASBOURG;PARIS EST;114;574;65;;207;10.99589372;4.601140174;;74;30.74144144;5.000134138;;49;39.80952381;19;10;10.81081081;1.351351351;52.702702702702695;16.21621622;6.756756757;12.16216216
2023-03;National;PARIS LYON;MARSEILLE ST CHARLES;202;572;113;;68;23.91813725;3.317501816;;56;61.714880952380994;8.317283951;;56;61.71488095;42;21;39.28571429;37.5;5.357142857;3.571428571;8.928571429;5.357142857
2023-03;National;STRASBOURG;NANTES;335;58;9;;4;7.016666667;0.629591837;;7;70.73095238;10.59863946;;7;70.73095238;3;3;0.0;71.42857143;14.28571429;14.28571429;0.0;0.0
2023-03;National;MULHOUSE VILLE;PARIS LYON;175;296;50;;102;6.870588235294119;2.861653117;;29;62.62816092;8.324119241;;24;72.90138889;16;12;33.33333333;44.44444444;3.703703704;18.51851852;0.0;0.0
2023-03;International;PARIS EST;FRANCFORT;257;37;6;;6;7.219444444444439;1.44516129;;4;22.60416667;0.954301075;;4;22.60416667;0;0;0.0;0.0;100.0;0.0;0.0;0.0
2023-03;National;DOUAI;PARIS NORD;74;192;37;;47;6.156028369;1.79688172;;31;13.817741935483898;4.452795699;;10;25.12;2;0;9.677419355;19.35483871;45.16129032;12.903225806451598;0.0;12.903225806451598
2023-03;National;BELLEGARDE (AIN);PARIS LYON;169;271;65;;101;6.735808581;3.390210356;;32;47.333854166666704;8.336650485;;28;52.206547619047605;14;9;25.80645161;25.80645161;22.58064516;19.35483871;3.2258064516128995;3.2258064516128995
2023-03;National;PARIS MONTPARNASSE;LE MANS;57;443;65;;44;19.69886364;1.786816578;;40;29.63833333;2.911287478;;20;49.11166667;12;3;20.51282051;10.25641026;12.82051282;33.33333333;15.38461538;7.692307692
2023-03;National;QUIMPER;PARIS MONTPARNASSE;235;271;52;;13;89.61538462;6.657142857;;17;81.29019608;8.338952381;;17;81.29019608;12;6;52.94117647;5.882352941;0.0;17.64705882;23.52941176;0.0
2023-03;National;ST MALO;PARIS MONTPARNASSE;152;97;17;;2;8.95;0.186011905;;3;13.25555556;1.188095238;;0;0.0;0;0;0.0;0.0;0.0;100.0;0.0;0.0
2023-03;National;TOURCOING;BORDEAUX ST JEAN;300;31;10;;1;76.0;3.619047619;;2;157.1333333;16.03253968;;2;157.1333333;2;1;50.0;50.0;0.0;0.0;0.0;0.0
2023-03;National;MARSEILLE ST CHARLES;PARIS LYON;201;511;76;;122;14.9818306;4.052337165;;61;69.59016393;10.68180077;;61;69.59016393;45;31;37.70491803;36.06557377;11.47540984;4.918032787;3.278688525;6.557377049
2023-03;National;PARIS EST;METZ;90;287;32;;34;11.82745098;1.594836601;;16;19.78958333;0.285751634;;6;37.45833333;1;1;6.25;12.5;12.5;37.5;6.25;25.0
2023-03;National;LILLE;LYON PART DIEU;184;375;143;;91;13.956959706959706;5.180818966;;38;56.51876212023266;12.15150862068966;;34;66.42990196078429;21;12;13.157894736842128;23.684210526315805;15.789473684210517;18.421052631578902;21.052631578947388;7.894736842105268
2023-03;National;LYON PART DIEU;LILLE;187;320;108;;131;11.407506361323184;7.195281363786823;;40;53.40442614169013;12.378881578947368;;33;61.70757575757571;18;14;10.000000000000016;29.99999999999997;17.499999999999954;20.000000000000032;9.999999999999996;12.499999999999991
2023-03;National;PARIS LYON;VALENCE ALIXAN TGV;135;394;75;;43;31.717441860465104;4.003657262;;50;49.40266667;8.325182863;;44;54.4780303;30;11;26.53061224;34.69387755;6.12244898;18.36734694;12.24489796;2.040816327
2023-03;National;NANCY;PARIS EST;95;292;38;;44;6.178030303;1.137795276;;19;21.51140351;1.638254593;;12;27.54861111;2;0;10.52631579;36.84210526;21.05263158;15.78947368;10.52631579;5.263157895
2023-03;National;PARIS LYON;GRENOBLE;186;230;115;;16;25.978125;3.38884058;;21;49.5952381;10.39130435;;21;49.59523809523811;15;7;38.095238095238095;19.04761905;23.80952381;19.04761905;0.0;0.0
2023-03;International;ITALIE;PARIS LYON;433;94;26;;64;74.54947917;70.2004902;;19;49.71929825;16.6247549;;19;49.71929825;9;4;36.84210526;31.57894737;15.78947368;0.0;10.52631579;5.263157895
2023-03;International;PARIS LYON;BARCELONA;406;62;26;;7;31.61904762;5.99537037;;5;86.0;11.44444444;;5;86.0;5;3;40.0;20.0;20.0;20.0;0.0;0.0
2023-03;National;DUNKERQUE;PARIS NORD;131;173;46;;5;5.5;0.226190476;;17;26.895098039215704;5.695767196;;11;34.78787879;2;2;5.882352941;35.29411765;35.29411765;17.64705882;0.0;5.882352941
2023-03;National;PARIS LYON;BELLEGARDE (AIN);168;278;69;;33;26.78939394;4.011244019;;41;46.84349593;10.16937799;;33;54.96414141;21;10;26.82926829;24.3902439;14.63414634;12.19512195;17.07317073;4.878048780487811
2023-03;National;PARIS MONTPARNASSE;NANTES;137;596;162;;46;15.131521739130402;1.228609831;;49;36.3744898;4.639938556;;39;42.42136752;26;5;46.93877551;14.28571429;18.36734694;8.163265306;6.12244898;6.12244898
2023-03;National;VANNES;PARIS MONTPARNASSE;167;294;58;;116;15.60201149;9.848207885;;26;57.80320513;8.701164875;;17;81.29019608;12;6;38.46153846;7.692307692;11.53846154;19.23076923;15.38461538;7.692307692
2023-03;International;PARIS LYON;ZURICH;248;130;21;;20;36.29666667;6.526911315;;16;48.890625;9.328746177;;16;48.890625;9;3;53.84615385;7.692307692;0.0;15.38461538;15.38461538;7.692307692
2023-03;National;DIJON VILLE;PARIS LYON;102;398;65;;143;7.072261072;3.107807808;;45;58.93814815;8.827377377;;36;70.5;27;17;20.93023256;51.1627907;13.95348837;11.627906976744198;0.0;2.325581395
2023-03;International;PARIS EST;STUTTGART;189;151;34;;15;17.29777778;1.810541311;;15;28.86222222;8.242450142;;15;28.86222222;5;1;6.666666667;13.33333333;53.33333333;0.0;13.33333333;13.33333333
2023-03;National;PARIS MONTPARNASSE;QUIMPER;230;252;84;;39;14.83888889;2.303075397;;13;29.0;2.800595238;;13;29.0;5;1;15.38461538;7.692307692;15.38461538;15.38461538;46.15384615;0.0
2023-03;National;PARIS LYON;TOULON;247;286;71;;29;11.19712644;1.256666667;;21;57.27380952;7.967364341;;21;57.273809523809504;17;8;47.61904762;23.80952381;14.28571429;9.523809524;0.0;4.761904762
2023-03;National;BESANCON FRANCHE COMTE TGV;PARIS LYON;136;174;31;;27;9.492592593;1.529020979;;15;72.35111111;8.146153846;;14;76.65;11;6;21.42857143;57.142857142857096;0.0;21.42857143;0.0;0.0
2023-03;National;PARIS LYON;AIX EN PROVENCE TGV;188;454;89;;57;27.59795322;4.074383562;;53;57.99496855345911;9.266803653;;51;59.80130718954249;35;18;33.962264150943405;33.962264150943405;5.660377358;13.20754717;9.433962264;3.773584906
2023-03;National;PARIS LYON;MONTPELLIER;216;213;45;;27;35.76111111;4.660615079;;22;62.74848485;8.902281746;;22;62.74848485;18;8;40.90909091;36.36363636;4.545454545454549;18.18181818;0.0;0.0
2023-03;National;PARIS MONTPARNASSE;ANGOULEME;128;307;127;;23;12.34855072;1.213333333;;19;29.29210526;4.608055556;;12;38.84722222;8;1;42.105263157894704;15.78947368;10.52631579;26.31578947;5.263157895;0.0
2023-03;National;PARIS MONTPARNASSE;BREST;231;283;97;;34;8.056862745;0.866666667;;13;35.42307692;2.637096774;;13;35.42307692;6;2;23.07692308;0.0;23.07692308;23.07692308;15.38461538;15.38461538
2023-03;National;PARIS MONTPARNASSE;RENNES;101;750;159;;94;11.72411348;1.49534687;;47;33.08404255;2.142921602;;40;36.51;12;4;17.0212766;2.127659574;23.404255319148906;25.531914893617003;25.531914893617003;6.382978723404251
2023-03;National;PARIS MONTPARNASSE;VANNES;160;279;97;;42;14.33531746;2.760622711;;27;35.57407407;5.818681319;;21;42.14285714;8;4;25.925925925925903;11.11111111;25.925925925925903;14.81481481;22.22222222;0.0
2023-03;National;BORDEAUX ST JEAN;PARIS MONTPARNASSE;140;1066;297;;215;11.42325581;3.074131944;;111;32.40600601;5.552625868;;92;36.35507246;29;19;38.73873874;27.927927927927897;9.009009009;15.31531532;4.504504504504501;4.504504504504501
2023-03;National;LILLE;PARIS NORD;68;681;113;;102;6.751143791;0.9214374385577596;;79;15.54118512110729;3.4026153294376966;;28;26.55892857;7;1;5.433775856745913;19.604816301327585;29.20654523000925;22.753936400123457;15.03550478542759;7.9654214263661665
2023-03;National;BORDEAUX ST JEAN;TOURCOING;333;31;10;;5;4.983333333;1.043650794;;2;59.5;6.0;;2;59.5;2;0;0.0;0.0;0.0;50.0;50.0;0.0
2023-03;National;TOURS;PARIS MONTPARNASSE;79;199;43;;14;4.53452381;0.342857143;;16;16.56875;2.201190476;;5;33.39;2;0;18.75;6.25;50.0;18.75;0.0;6.25
2023-03;National;ANGOULEME;PARIS MONTPARNASSE;126;319;90;;119;6.840336134;3.6887387387387394;;24;32.76388889;4.409684685;;22;34.51212121;7;3;37.5;25.0;8.333333333;20.83333333;0.0;8.333333333
2023-03;National;REIMS;PARIS EST;46;250;33;;25;12.53733333;1.533870968;;11;40.07121212;2.357757296;;8;51.35833333;5;2;18.18181818;27.27272727;9.090909091;27.27272727;0.0;18.18181818
2023-03;National;TOULOUSE MATABIAU;PARIS MONTPARNASSE;276;182;41;;8;31.12291667;2.189880952;;23;34.99347826;8.630505952;;23;34.99347826;7;3;30.43478261;34.78260869565219;4.347826086956521;17.391304347826097;13.043478260869602;0.0
2023-03;National;PARIS LYON;PERPIGNAN;310;198;44;;20;34.91916667;4.324350649;;24;53.63611111;9.086688312;;24;53.63611111;15;7;25.0;33.33333333;25.0;8.333333333;4.166666666666671;4.166666666666671
2023-03;National;LILLE;MARSEILLE ST CHARLES;298;243;64;;49;20.26836734693873;4.215484688599213;;33;59.47509718172979;11.908427736395629;;33;60.02424242424237;20;12;27.27272727272729;21.21212121212124;9.090909090909062;12.121212121212132;15.151515151515127;15.151515151515166
2023-03;National;GRENOBLE;PARIS LYON;188;224;107;;13;12.46153846;1.404741379;;19;43.29473684;8.327298851;;19;43.29473684;10;4;21.05263158;21.05263158;26.31578947;26.31578947;0.0;5.263157895
2023-03;National;ANGERS SAINT LAUD;PARIS MONTPARNASSE;95;551;114;;130;9.275641026;2.845652174;;41;42.31463415;4.156903127;;29;55.68218391;20;12;32.5;32.5;2.5000000000000004;12.5;2.5000000000000004;17.5
2023-03;National;CHAMBERY CHALLES LES EAUX;PARIS LYON;181;352;66;;153;11.04084967;5.794230769;;61;44.12622951;10.93519814;;54;48.10864198;28;14;31.14754098;31.14754098;24.59016393;1.639344262;9.836065574;1.639344262
2023-03;National;MACON LOCHE;PARIS LYON;98;266;67;;157;14.59692144;11.87789292;;62;39.51693548;14.42892919;;51;45.12189542;24;9;25.80645161;25.80645161;24.19354839;8.064516129;9.677419355;6.4516129032258105
2023-03;National;MARSEILLE ST CHARLES;LILLE;281;201;51;;18;20.90740741;1.9779999999999964;;24;66.09543859649119;13.687555555555528;;24;70.04583333;16;12;24.99999999999998;33.33333333333333;16.666666666666647;12.49999999999998;4.166666666666665;8.333333333333346
2023-03;National;MARSEILLE ST CHARLES;LYON PART DIEU;103;443;171;;59;14.20621469;3.022222222;;33;40.7;6.076666667;;28;45.67678571;17;8;18.75;21.875;25.0;12.5;0.0;21.875
2023-03;National;NANTES;STRASBOURG;310;58;16;;5;58.44;6.8892857142857205;;7;70.79047619;12.34960317;;7;70.79047619;6;4;28.57142857;14.28571429;14.28571429;0.0;14.28571429;28.57142857
2023-03;National;PARIS LYON;LE CREUSOT MONTCEAU MONTCHANIN;85;218;50;;24;45.5875;6.216865079;;22;63.70227272727269;8.341765873;;18;75.94907407;11;6;25.0;30.0;5.0;5.0;25.0;10.0
2023-03;National;PARIS MONTPARNASSE;LA ROCHELLE VILLE;179;231;106;;18;8.931481481;0.813466667;;14;42.25;5.76;;13;44.42307692;6;3;35.71428571;14.28571429;14.28571429;28.57142857;0.0;7.142857143
2023-03;National;PARIS LYON;AVIGNON TGV;165;407;77;;52;28.40769231;4.256565657;;51;54.69444444444439;9.499343434;;45;60.11481481;31;14;27.45098039;39.21568627;3.921568627;11.76470588;9.803921569;7.843137255
2023-03;National;PARIS LYON;DIJON VILLE;101;377;48;;47;39.0677305;5.424518744;;44;61.30681818;8.751925025;;38;68.89824561;27;15;27.27272727;40.90909091;2.272727273;9.090909091;18.18181818;2.272727273
2023-03;National;PARIS MONTPARNASSE;LAVAL;80;316;36;;48;13.363194444444398;1.903392857;;33;27.544444444444405;3.193869048;;17;45.04411765;6;4;12.5;6.25;9.375;28.125;21.875;21.875
2023-03;National;SAINT ETIENNE CHATEAUCREUX;PARIS LYON;173;114;30;;5;2.36;0.54537037;;10;67.78166667;12.21388889;;8;81.39166667;5;4;30.0;30.0;10.0;30.0;0.0;0.0
2023-03;National;LE CREUSOT MONTCEAU MONTCHANIN;PARIS LYON;84;232;50;;91;11.902380952380902;5.966851852;;50;34.432;9.626574074;;29;51.87068966;14;10;12.5;25.0;25.0;14.58333333;10.41666667;12.5
2023-03;National;PERPIGNAN;PARIS LYON;312;194;35;;30;13.56222222;2.167465753;;25;45.66866667;8.047260274;;25;45.66866667;13;5;24.0;16.0;20.0;20.0;12.0;8.0
2023-03;National;NANTES;PARIS MONTPARNASSE;133;616;150;;72;13.08032407;1.683726753;;36;47.46944444;3.996602289;;29;55.68218391;20;12;40.0;28.57142857;0.0;17.14285714;0.0;14.28571429
2023-03;National;PARIS MONTPARNASSE;BORDEAUX ST JEAN;140;1035;277;;89;13.60842697;1.20740985;;93;28.170430107526904;4.061301671;;67;33.89427861;30;4;35.48387097;21.50537634;13.978494623655898;20.430107526881702;5.376344086;3.2258064516128995
2023-03;National;LE MANS;PARIS MONTPARNASSE;59;472;88;;127;12.14055118;3.945225694;;52;32.00929487;4.772699653;;28;50.09226190476189;19;10;26.92307692;30.76923077;5.769230769;13.46153846;13.46153846;9.615384615
2023-03;National;MARSEILLE ST CHARLES;MARNE LA VALLEE;210;281;71;;29;17.87356322;2.193062201;;32;76.58697917;12.951116427432202;;32;76.58697917;21;17;21.875;28.125;18.75;9.375;12.5;9.375
2023-03;National;ANNECY;PARIS LYON;227;158;39;;3;26.872222222222195;0.683333333;;24;47.42222222;12.38179272;;24;47.42222222;13;6;29.166666666666703;33.33333333;16.66666667;4.166666666666671;16.66666667;0.0
2023-03;National;POITIERS;PARIS MONTPARNASSE;100;495;154;;119;8.21092437;2.769528112;;48;22.98368056;3.615261044;;25;34.382;7;4;19.14893617;34.04255319;19.14893617;17.0212766;0.0;10.63829787
2023-03;National;LYON PART DIEU;MARSEILLE ST CHARLES;105;463;153;;172;13.90406977;8.083665559;;71;39.46197183;10.40520487;;60;44.15833333;28;12;28.16901408;18.30985915;22.53521127;9.85915493;7.042253521126759;14.08450704
2023-03;National;NIMES;PARIS LYON;182;243;26;;72;11.80972222;3.892242704;;43;46.8751938;10.27565284;;42;47.64087302;26;9;16.27906977;20.93023256;30.23255814;25.58139535;4.651162791;2.325581395
2023-03;National;RENNES;LYON PART DIEU;237;86;38;;6;34.15833333;4.262152778;;8;103.2729167;17.134375;;8;103.2729167;7;4;12.5;50.0;0.0;25.0;12.5;0.0
2023-03;National;PARIS LYON;NIMES;186;209;43;;26;33.59294872;4.164959839;;23;59.50652174;8.676506024;;23;59.50652174;17;7;30.43478261;39.130434782608695;4.347826086956521;17.391304347826097;8.695652173913041;0.0
2023-03;National;PARIS NORD;ARRAS;48;528;113;;49;7.029931973;0.592449799;;30;18.70777778;2.201927711;;12;33.50833333;7;0;37.03703704;14.81481481;7.407407407;14.81481481;14.81481481;11.11111111
2023-03;National;ARRAS;PARIS NORD;50;513;109;;141;9.672695035;3.431467662;;74;16.37094595;4.497885572;;26;29.71217949;5;3;6.849315068493151;24.65753425;42.46575342;15.06849315;1.3698630136986305;9.589041096
2023-03;National;BREST;PARIS MONTPARNASSE;226;282;65;;9;15.888888888888902;0.772939068;;17;42.77156863;4.596146953;;17;42.77156863;9;2;41.17647059;11.76470588;0.0;35.29411765;5.882352941;5.882352941
2023-03;National;PARIS LYON;ANNECY;228;155;42;;23;23.78115942;4.679351032;;22;56.43181818;12.87168142;;22;56.43181818;13;9;22.72727272727269;22.72727272727269;22.72727272727269;27.27272727;4.545454545454549;0.0
2023-03;National;PARIS LYON;CHAMBERY CHALLES LES EAUX;179;339;68;;46;19.78007246;3.170541205;;66;44.08787879;11.80621156;;53;51.46540881;26;15;20.0;21.53846154;33.84615385;21.53846154;1.538461538;1.538461538
2023-03;National;PARIS MONTPARNASSE;ANGERS SAINT LAUD;98;509;121;;44;15.62651515;1.18621134;;41;29.471138211382097;2.470962199;;27;38.42407407;13;3;37.5;15.0;17.5;20.000000000000004;7.5;2.5000000000000004
2023-03;National;PARIS MONTPARNASSE;TOULOUSE MATABIAU;270;199;81;;18;11.10555556;1.115677966;;14;41.11309524;3.278107345;;14;41.11309524;8;2;35.71428571;42.85714286;7.142857143;14.28571429;0.0;0.0
2023-03;National;PARIS MONTPARNASSE;POITIERS;98;599;204;;43;14.45775194;1.208860759;;34;29.05539216;2.819620253;;23;37.45289855;13;2;30.303030303030297;9.090909091;12.12121212;27.27272727;15.151515151515198;6.0606060606060606
2023-03;National;ST PIERRE DES CORPS;PARIS MONTPARNASSE;65;543;127;;149;6.055480984;2.320105178;;57;17.20935673;2.502386731391589;;19;33.74473684;6;1;12.727272727272702;16.36363636;34.545454545454504;18.18181818;3.636363636;14.545454545454495
2023-04;International;FRANCFORT;PARIS EST;232;166;4;;92;3.640398551;2.114389234;;20;39.40583333;7.365320911000001;;20;39.40583333;7;1;10.0;5.0;75.0;10.0;0.0;0.0
2023-04;National;MARNE LA VALLEE;MARSEILLE ST CHARLES;215;270;7;;163;10.37546012;6.535107731;;55;60.87424242;15.23415716;;55;60.87424242;35;20;21.81818182;23.63636364;9.09090909;12.72727273;12.72727273;20.0
2023-04;National;NANTES;PARIS MONTPARNASSE;133;605;28;;99;19.72188552;2.768370884;;61;45.74043716;5.48044483;;49;53.60714286;25;14;21.31147541;47.54098361;13.1147541;6.55737705;6.55737705;4.91803279
2023-04;National;TOULOUSE MATABIAU;PARIS MONTPARNASSE;273;204;11;;26;18.05961539;2.519398907;;37;75.20450451;17.27486339;;37;75.20450451;21;13;29.72972973;32.432432430000006;8.10810811;8.10810811;2.7027027;18.91891892
2023-04;International;LAUSANNE;PARIS LYON;235;145;3;;77;2.321861472;1.583096927;;9;43.01481482;4.454137116;;9;43.01481482;4;2;55.55555556;33.333333329999995;0.0;0.0;0.0;11.11111111
2023-04;National;MARSEILLE ST CHARLES;TOURCOING;284;30;0;;5;22.25333333;3.419444444;;5;44.9;9.316666667;;5;44.9;3;1;60.0;20.0;0.0;0.0;20.0;0.0
2023-04;National;PARIS EST;REIMS;46;236;4;;28;14.93690476;1.892313218;;22;29.78939394;3.257471264;;9;55.71481482;7;2;18.18181818;13.63636364;4.5454545500000005;13.63636364;22.72727273;27.27272727
2023-04;International;ITALIE;PARIS LYON;432;92;2;;79;58.1035865;51.05833333;;22;61.69469697;17.83240741;;22;61.69469697;15;5;22.72727273;18.18181818;22.72727273;36.36363636;0.0;0.0
2023-04;National;LA ROCHELLE VILLE;PARIS MONTPARNASSE;173;214;23;;15;22.26666667;1.7902852050000002;;17;38.70294118;4.745008913;;12;48.96944444;7;3;23.52941176;17.64705882;11.76470588;5.88235294;11.76470588;29.41176471
2023-04;National;LAVAL;PARIS MONTPARNASSE;81;283;3;;85;13.72686275;4.104796163;;46;40.65471015;6.281294964;;30;56.40611111;17;7;22.222222220000003;24.44444444;11.11111111;15.55555556;13.33333333;13.33333333
2023-04;National;MARSEILLE ST CHARLES;LYON PART DIEU;103;428;24;;103;12.60841424;3.150577558;;59;36.52062147;7.714521452;;44;44.46666667;23;12;36.84210526;14.03508772;22.80701754;8.77192982;8.77192982;8.77192982
2023-04;National;MARSEILLE ST CHARLES;MARNE LA VALLEE;210;278;1;;44;22.37234849;3.300421179;;50;48.933;10.9444645;;50;48.933;29;13;28.000000000000004;14.000000000000002;18.0;10.0;14.000000000000002;16.0
2023-04;National;PARIS MONTPARNASSE;RENNES;101;699;14;;115;16.2584058;2.359878346;;88;28.61325758;3.4236496350000003;;74;32.04864865;28;8;9.09090909;29.54545455;14.77272727;21.59090909;18.18181818;6.81818182
2023-04;National;STRASBOURG;NANTES;334;55;5;;9;6.111111111;0.728666667;;3;84.02222222;6.427;;3;84.02222222;2;2;100.0;0.0;0.0;0.0;0.0;0.0
2023-04;National;PARIS MONTPARNASSE;ST PIERRE DES CORPS;66;491;25;;71;7.746948357;0.829613734;;46;16.64130435;1.836659514;;20;25.8525;6;0;4.54545455;29.54545455;29.54545455;18.18181818;6.81818182;11.36363636
2023-04;National;PARIS EST;METZ;88;278;0;;37;15.40135135;2.046103118;;29;27.95689655;1.005815348;;17;40.59117647;11;3;20.68965517;10.34482759;17.24137931;31.03448276;13.79310345;6.896551720000001
2023-04;National;DUNKERQUE;PARIS NORD;130;163;0;;3;18.66666667;0.346625767;;21;17.7515873;4.686298569;;9;24.06296296;2;0;5.0;20.0;45.00000000000001;20.0;10.0;0.0
2023-04;National;MARNE LA VALLEE;LYON PART DIEU;110;371;22;;254;9.567519685;7.011509074;;60;37.42111111;8.60434575;;31;59.69193548;18;10;8.33333333;16.666666669999998;18.33333333;26.66666667;18.33333333;11.66666667
2023-04;National;BORDEAUX ST JEAN;PARIS MONTPARNASSE;141;1034;60;;339;15.9340708;5.443930041;;140;47.69892857;7.724142661;;116;55.02054598;55;24;20.14388489;33.09352518;12.23021583;13.66906475;5.75539568;15.10791367
2023-04;National;MARSEILLE ST CHARLES;PARIS LYON;201;557;4;;176;13.880113636000004;4.2930732;;80;45.34604167;7.834936479;;80;45.34604167;42;19;26.25;17.5;7.5;23.75;13.750000000000002;11.25
2023-04;National;PARIS LYON;MONTPELLIER;219;218;9;;40;15.25;2.17400319;;32;57.4703125;9.846730463;;32;57.4703125;18;12;31.25;28.125;6.25;15.625;6.25;12.5
2023-04;National;PARIS MONTPARNASSE;QUIMPER;231;239;29;;42;19.31468254;2.805;;26;41.13461539;6.192857143;;26;41.13461539;14;4;23.07692308;30.76923077;3.84615385;15.38461538;19.23076923;7.69230769
2023-04;National;PARIS NORD;DUNKERQUE;128;187;1;;17;12.58431373;0.894354839;;13;29.30769231;1.827956989;;11;32.54545455;5;2;7.69230769;23.07692308;15.38461538;38.46153846;7.69230769;7.69230769
2023-04;International;PARIS EST;STUTTGART;190;133;4;;16;18.85208333;2.357881137;;28;32.98809524;11.89534884;;28;32.98809524;8;2;7.14285714;3.57142857;50.0;25.0;0.0;14.28571429
2023-04;National;LILLE;PARIS NORD;69;646;1;;126;8.711772487;1.4599363068978295;;111;17.28229747318254;4.471590238810077;;36;33.480555555833334;14;3;16.512510985585585;22.534195780540543;29.70535321765766;17.959308393153155;11.458676663963963;1.829954954954955
2023-04;National;LYON PART DIEU;MARSEILLE ST CHARLES;105;447;21;;246;12.16090786;7.212628662;;104;41.78012821;11.39734759;;80;50.21604167;40;21;21.15384615;22.11538462;22.11538462;9.61538462;10.57692308;14.42307692
2023-04;National;LYON PART DIEU;PARIS LYON;123;703;40;;290;8.336206897;3.776979324300001;;81;36.48868313;5.75297529;;55;47.36969697;30;16;17.28395062;37.03703704;12.34567901;9.87654321;8.64197531;14.814814809999998
2023-04;National;PARIS LYON;ANNECY;229;142;4;;19;10.07982456;0.625966184;;13;30.61538462;4.902173913;;13;30.61538462;3;1;15.38461538;30.76923077;30.76923077;7.69230769;15.38461538;0.0
2023-04;National;PARIS MONTPARNASSE;POITIERS;96;580;39;;73;13.3109589;1.240110906;;50;22.696;2.416050524;;30;30.18111111;9;2;4.0;32.0;22.0;16.0;10.0;16.0
2023-04;National;PARIS NORD;DOUAI;69;114;9;;14;12.78214286;1.444603175;;17;20.26176471;3.967619048;;7;34.44761905;3;1;13.33333333;6.666666670000001;20.0;40.0;6.666666670000001;13.33333333
2023-04;National;ST PIERRE DES CORPS;PARIS MONTPARNASSE;65;512;21;;195;10.02273504;3.765512559;;62;28.3844086;4.002783435;;26;55.01474359;14;5;11.66666667;23.33333333;25.0;21.66666667;5.0;13.33333333
2023-04;National;TOURS;PARIS MONTPARNASSE;78;180;6;;15;6.237777778;0.480938697;;19;14.25964912;2.176819923;;4;35.81666667;2;0;0.0;27.77777778;38.88888889;16.666666669999998;5.555555560000001;11.11111111
2023-04;National;PARIS LYON;DIJON VILLE;101;346;3;;59;20.91327684;3.412439261;;36;38.17407407;4.490281827;;28;45.08630952;17;7;8.33333333;11.11111111;13.88888889;38.88888889;27.77777778;0.0
2023-04;National;PARIS LYON;TOULON;245;311;3;;48;23.54583333;3.081222944;;39;59.89786325;10.55822511;;39;59.89786324800001;27;14;23.07692308;20.51282051;7.69230769;33.333333329999995;10.25641026;5.12820513
2023-04;National;PARIS LYON;AIX EN PROVENCE TGV;187;458;3;;68;22.8375;3.087619048;;74;53.10765766;9.623406593;;72;54.20532407;44;21;14.86486486;17.56756757;13.51351351;33.78378378;12.16216216;8.10810811
2023-04;International;STUTTGART;PARIS EST;196;134;1;;103;7.697249191;4.455338542;;28;38.93690476;11.90039063;;28;38.93690476;13;3;3.57142857;3.57142857;67.85714286;14.28571429;7.14285714;3.57142857
2023-04;National;GRENOBLE;PARIS LYON;185;182;14;;14;14.28571429;1.19484127;;16;32.73333333;4.953373016;;16;32.73333333;5;1;31.25;25.0;6.25;6.25;18.75;12.5
2023-04;National;PARIS MONTPARNASSE;TOULOUSE MATABIAU;271;199;24;;34;15.84558824;2.676;;27;49.93333333;8.100857143;;27;49.93333333;14;8;29.62962963;11.11111111;14.814814809999998;22.22222222;0.0;22.22222222
2023-04;National;NANTES;STRASBOURG;311;54;2;;7;19.87142857;2.567307692;;6;52.09166666699999;7.448397436;;6;52.09166667;4;1;16.666666669999998;33.333333329999995;16.666666669999998;0.0;0.0;33.333333329999995
2023-04;National;PARIS LYON;GRENOBLE;188;210;25;;15;32.70333333;2.497927928;;23;54.04347826;7.586486487;;23;54.04347826;16;6;17.39130435;30.43478261;13.04347826;13.04347826;26.08695652;0.0
2023-04;National;PARIS LYON;NICE VILLE;353;241;2;;34;21.0872549;2.7112273361000003;;43;46.73643411;10.09449093;;43;46.73643411;24;10;20.93023256;25.58139535;11.62790698;25.58139535;6.976744190000001;9.30232558
2023-04;National;NIMES;PARIS LYON;182;259;4;;125;12.12466667;6.027470356;;49;49.89727891;11.15915679;;45;53.16814815;22;13;56.25;27.08333333;8.33333333;6.25;0.0;2.08333333
2023-04;National;PARIS LYON;AVIGNON TGV;164;445;5;;61;22.24535519;2.829810606100001;;70;46.2652381;8.551666667;;60;51.74444444;34;18;13.23529412;19.11764706;14.70588235;33.82352941;13.23529412;5.8823529400000005
2023-04;National;PARIS LYON;VALENCE ALIXAN TGV;136;410;4;;63;17.50238095;2.453776683;;68;37.61078431;7.472824302;;51;45.60686275;30;12;12.12121212;19.6969697;22.72727273;36.36363636;7.57575758;1.51515152
2023-04;National;ARRAS;PARIS NORD;50;490;7;;216;8.317361111;3.697342995;;139;15.338968825000002;5.823809524;;37;30.167117117000004;11;2;5.26315789;29.32330827;36.84210526;15.03759398;12.03007519;1.5037594
2023-04;National;AVIGNON TGV;PARIS LYON;166;473;6;;254;10.79087927;5.833297645;;73;46.01278539;8.352284083;;64;50.56666667;34;17;20.54794521;23.28767123;8.21917808;21.91780822;13.69863014;12.32876712
2023-04;National;LILLE;LYON PART DIEU;184;343;22;;116;8.519540229855172;2.995171339596885;;35;45.48992200365517;8.118743509913395;;29;53.71724138;16;8;8.57142857;14.28571429;20.0;17.14285714;22.857142860000003;17.14285714
2023-04;International;PARIS EST;FRANCFORT;229;166;6;;25;8.700666667;1.383854167;;31;28.03870968;9.594895833;;31;28.03870968;10;1;6.451612900000001;0.0;61.29032258;19.35483871;12.90322581;0.0
2023-04;International;PARIS LYON;BARCELONA;403;60;6;;10;12.85166667;2.175308642;;6;51.5;5.944444444;;6;51.5;5;3;33.333333329999995;33.333333329999995;0.0;33.333333329999995;0.0;0.0
2023-04;National;BREST;PARIS MONTPARNASSE;228;258;3;;14;19.12261905;1.140960452;;17;41.42352941;3.935522599;;17;41.42352941;8;3;52.94117647;29.41176471;5.88235294;5.88235294;5.88235294;0.0
2023-04;National;PARIS LYON;PERPIGNAN;309;225;7;;30;16.67;1.981651376;;37;46.55675676;8.953593272;;37;46.55675676;18;11;21.62162162;35.13513514;18.91891892;18.91891892;2.7027027;2.7027027
2023-04;International;ZURICH;PARIS LYON;251;138;2;;38;1.869298246;1.011519608;;8;37.18333333;4.274509804;;8;37.18333333;2;2;12.5;37.5;37.5;12.5;0.0;0.0
2023-04;National;PARIS LYON;NIMES;187;202;9;;39;15.60470086;2.226165803;;27;55.09876543;8.311053541;;27;55.09876543;14;10;22.22222222;29.62962963;11.11111111;22.22222222;7.407407409999999;7.407407409999999
2023-04;National;PARIS MONTPARNASSE;ANGOULEME;127;292;23;;37;20.83378378;2.126765799;;34;28.24852941;4.73110285;;26;32.81602564;11;1;5.88235294;20.58823529;17.64705882;23.52941176;11.76470588;20.58823529
2023-04;National;PARIS NORD;LILLE;66;629;6;;51;11.97189542490196;0.4736490101504013;;51;17.411929755294118;1.8381754949032103;;16;33.54479167;7;2;6.932773106470588;6.697973304705883;17.782995551764706;24.246169058235296;11.085022240588236;33.25506673
2023-04;National;AIX EN PROVENCE TGV;PARIS LYON;189;455;3;;314;8.444798302;5.94439528;;60;43.65166667;7.083702065;;60;43.65166667;33;13;18.33333333;23.33333333;8.33333333;18.33333333;16.666666669999998;15.0
2023-04;National;NICE VILLE;PARIS LYON;355;257;1;;24;20.1625;1.692122396;;47;49.9;10.45585938;;47;49.89999999999999;23;8;29.78723404;19.14893617;19.14893617;19.14893617;8.5106383;4.25531915
2023-04;National;PARIS MONTPARNASSE;LAVAL;79;303;3;;50;16.94;2.459222222;;46;31.65507246;4.871166667;;29;44.45057471;18;8;10.86956522;19.56521739;19.56521739;17.39130435;23.91304348;8.695652169999999
2023-04;National;MONTPELLIER;PARIS LYON;212;263;4;;128;11.76705729;5.900972763;;45;53.16814815;10.99396887;;45;53.16814815;22;13;52.27272727;29.54545455;9.09090909;6.81818182;0.0;2.27272727
2023-04;National;MULHOUSE VILLE;PARIS LYON;174;296;5;;108;5.238734568;1.968613975;;24;29.71666667;3.6395189;;15;39.39333333;6;4;8.33333333;33.333333329999995;33.333333329999995;20.83333333;0.0;4.16666667
2023-04;National;PARIS LYON;SAINT ETIENNE CHATEAUCREUX;174;114;10;;15;21.25;2.642307692;;17;37.51078431;7.775801282;;12;47.6625;7;3;17.64705882;23.52941176;23.52941176;0.0;29.41176471;5.88235294
2023-04;National;TOURCOING;BORDEAUX ST JEAN;300;30;2;;4;80.0;11.44702381;;1;299.6;11.611309523999996;;1;299.6;1;1;0.0;100.0;0.0;0.0;0.0;0.0
2023-04;National;MACON LOCHE;PARIS LYON;99;244;6;;177;13.67711864;10.28305085;;61;37.45765027;11.3545904;;44;46.78484849;30;9;22.95081967;24.59016393;24.59016393;22.95081967;0.0;4.91803279
2023-04;National;PERPIGNAN;PARIS LYON;312;229;2;;59;11.14350283;2.736696562;;38;60.94210526;12.17346786;;38;60.94210526300001;18;11;60.52631579;26.31578947;7.894736839999999;2.63157895;2.63157895;0.0
2023-04;National;RENNES;PARIS MONTPARNASSE;100;733;8;;317;10.08270242;4.433494475;;99;36.57373737;5.690953039;;61;51.27978142;31;10;30.3030303;21.21212121;12.12121212;22.22222222;10.1010101;4.04040404
2023-04;National;SAINT ETIENNE CHATEAUCREUX;PARIS LYON;173;114;6;;14;8.657142857;0.737179487;;13;33.01410256;6.119070513;;6;56.31388889;3;3;15.38461538;53.84615385;15.38461538;7.69230769;0.0;7.69230769
2023-04;National;LYON PART DIEU;MONTPELLIER;113;213;9;;108;8.266820988;4.564273927;;28;32.24107143;5.465511551;;26;33.66217949;9;4;35.71428571;10.71428571;14.28571429;14.28571429;0.0;25.0
2023-04;National;QUIMPER;PARIS MONTPARNASSE;236;258;4;;24;27.87291667;3.033182504;;23;65.01304348;7.612669683;;23;65.01304348;14;5;43.47826087;13.04347826;4.34782609;17.39130435;17.39130435;4.34782609
2023-04;National;PARIS LYON;LE CREUSOT MONTCEAU MONTCHANIN;85;200;12;;30;17.25888889;1.440425532;;19;28.56754386;2.84822695;;10;43.29666667;7;1;10.52631579;31.57894737;26.31578947;10.52631579;5.26315789;15.78947368
2023-04;National;PARIS MONTPARNASSE;ANGERS SAINT LAUD;97;493;24;;76;17.92346491;2.565529495;;65;30.16230769;3.608813078;;43;39.39651163;18;4;9.52380952;20.63492063;19.04761905;17.46031746;12.6984127;20.63492063
2023-04;National;PARIS MONTPARNASSE;NANTES;136;577;34;;83;17.59839357;2.371178637;;67;39.84552239;5.117127072;;51;48.07254901999999;23;8;19.40298507;19.40298507;13.43283582;17.91044776;11.94029851;17.91044776
2023-04;National;CHAMBERY CHALLES LES EAUX;PARIS LYON;177;268;4;;147;12.84047619;7.039267677;;61;41.19344262;11.30309343;;46;50.33152174;29;9;29.50819672;22.95081967;24.59016393;21.31147541;0.0;1.63934426
2023-04;National;PARIS MONTPARNASSE;ST MALO;156;89;10;;14;11.87380952;1.651476793;;9;25.37037037;2.940295359;;6;31.58888889;3;0;33.333333329999995;22.222222220000003;22.222222220000003;11.11111111;11.11111111;0.0
2023-04;National;BELLEGARDE (AIN);PARIS LYON;166;240;3;;99;5.614983165;2.384317862;;32;26.672395833000003;4.916877637;;21;33.81269841;7;2;13.79310345;34.48275862;34.48275862;6.896551720000001;3.4482758600000003;6.896551720000001
2023-04;National;BESANCON FRANCHE COMTE TGV;PARIS LYON;135;167;3;;45;6.034074074;1.394580777;;10;31.37666667;2.855010225;;6;43.53611111;4;2;0.0;40.0;20.0;40.0;0.0;0.0
2023-04;National;LYON PART DIEU;RENNES;238;84;2;;52;9.351282051;6.046341463;;9;64.88333333;8.164837398;;9;64.88333333;7;4;22.222222220000003;55.55555556;11.11111111;0.0;11.11111111;0.0
2023-04;National;MARSEILLE ST CHARLES;LILLE;283;201;2;;34;19.71029411802941;3.159882747049246;;51;43.52109133129412;13.360887772286434;;51;42.10718954252941;24;10;23.52941176078432;13.725490197254905;17.64705882627451;11.764705881568627;11.764705881568627;21.56862745254902
2023-04;National;PARIS EST;NANCY;97;288;2;;39;12.85470086;1.831351981;;21;27.07936508;2.368356643;;13;36.32307692;5;2;14.28571429;9.52380952;14.28571429;42.85714286;4.76190476;14.28571429
2023-04;National;PARIS LYON;BESANCON FRANCHE COMTE TGV;133;146;1;;22;20.19318182;2.899770115;;21;44.08015873;7.563908046;;17;51.5245098;11;4;4.76190476;28.57142857;19.04761905;28.57142857;19.04761905;0.0
2023-04;National;PARIS LYON;MACON LOCHE;100;266;8;;32;8.605729167;0.577842377;;20;30.39666667;3.560206718;;17;33.45784314;4;1;15.0;35.0;20.0;15.0;15.0;0.0
2023-04;National;PARIS LYON;MULHOUSE VILLE;174;277;1;;56;17.48452381;3.405193237;;32;49.84479167;6.368900966;;28;55.14345238100001;19;8;6.25;21.875;12.5;28.125;28.125;3.125
2023-04;National;PARIS MONTPARNASSE;BREST;230;261;33;;43;16.1120155;2.051681287;;23;38.36956522;4.370614035;;23;38.36956522;11;4;21.73913043;26.08695652;17.39130435;13.04347826;13.04347826;8.695652169999999
2023-04;National;PARIS NORD;ARRAS;48;491;8;;46;11.59456522;0.869496204;;36;19.14861111;2.648309179;;16;30.58125;6;2;8.82352941;0.0;20.58823529;29.41176471;11.764705879999998;29.41176471
2023-04;National;REIMS;PARIS EST;46;236;3;;45;4.027777778;0.824177396;;12;14.71388889;0.974821173;;3;30.55;1;0;27.27272727;18.18181818;18.18181818;27.27272727;9.09090909;0.0
2023-04;National;ST MALO;PARIS MONTPARNASSE;154;90;1;;5;3.296666667;0.12125;;9;29.55740741;4.610625;;7;34.63095238;3;0;22.222222220000003;22.222222220000003;11.11111111;33.333333329999995;11.11111111;0.0
2023-04;National;TOULON;PARIS LYON;247;306;3;;133;11.16741855;4.951650165;;56;49.79226191;10.54136414;;56;49.79226191;29;11;28.57142857;21.42857143;16.07142857;17.85714286;8.92857143;7.14285714
2023-04;International;PARIS LYON;GENEVE;195;229;6;;50;18.779;4.058893871;;35;45.21142857;7.259865471;;35;45.21142857;20;5;2.8571428600000006;42.85714286;11.428571430000002;34.28571429;8.57142857;0.0
2023-04;National;NANCY;PARIS EST;95;281;2;;60;9.866944444;2.18411271;;26;25.07628205;1.745443645;;11;43.48939394;8;1;15.38461538;23.07692308;23.07692308;15.38461538;11.53846154;11.53846154
2023-04;International;GENEVE;PARIS LYON;197;230;3;;145;3.785977012;2.622760646;;21;33.81269841;5.0853891336000006;;21;33.81269841;7;2;19.04761905;42.85714286;19.04761905;9.52380952;4.76190476;4.76190476
2023-04;National;PARIS MONTPARNASSE;LA ROCHELLE VILLE;179;224;31;;19;9.136842105;0.524093264;;11;29.27272727;2.538860104;;6;43.0;2;1;18.18181818;9.09090909;27.27272727;36.36363636;0.0;9.09090909
2023-04;National;STRASBOURG;PARIS EST;116;555;2;;290;11.41850575;6.065145985;;102;29.22745098;6.012317518;;65;38.35435897;26;6;7.92079208;7.92079208;66.33663366;7.92079208;2.97029703;6.93069307
2023-04;International;PARIS LYON;LAUSANNE;237;158;4;;23;16.87753623;1.918831169;;18;42.30925926;5.250865801;;18;42.30925926;9;3;16.666666669999998;44.444444440000005;16.666666669999998;16.666666669999998;5.55555556;0.0
2023-04;National;MONTPELLIER;LYON PART DIEU;114;208;11;;52;8.090064103;2.146531303;;32;38.58697917;8.281725888;;23;48.22391304;12;3;15.625;28.125;28.125;6.25;9.375;12.5
2023-04;International;PARIS LYON;ZURICH;255;127;0;;33;16.95454546;4.298425197;;14;58.15595238;7.695538058;;14;58.15595238;7;5;7.14285714;14.28571429;21.42857143;28.57142857;28.57142857;0.0
2023-04;National;PARIS MONTPARNASSE;LE MANS;58;426;1;;47;18.77553192;1.7330196077999998;;46;24.37898551;2.546352941;;23;37.98623188;9;4;8.888888890000002;26.66666667;13.33333333;22.222222220000003;22.222222220000003;6.666666670000001
2023-04;National;VANNES;PARIS MONTPARNASSE;169;279;4;;147;9.979251701;6.135322359;;37;47.35990991;7.979903978;;27;59.73209877;15;5;37.83783784;16.21621622;8.10810811;21.62162162;10.81081081;5.40540541
2023-04;International;BARCELONA;PARIS LYON;408;60;0;;25;6.534;2.97;;14;45.04166667;12.34606061;;14;45.04166667;5;3;64.28571429;28.57142857;7.14285714;0.0;0.0;0.0
2023-04;International;PARIS LYON;ITALIE;427;93;2;;16;17.340625;2.982234432;;14;55.96428571;8.258241758;;14;55.964285714000006;9;5;38.46153846;15.38461538;15.38461538;30.76923077;0.0;0.0
2023-04;National;ANNECY;PARIS LYON;227;142;2;;1;20.0;0.147002398;;20;39.01166667;7.843285371700001;;20;39.01166667;13;3;15.0;30.0;25.0;25.0;0.0;5.0
2023-04;National;DOUAI;PARIS NORD;74;159;6;;73;6.367351598;3.410211268;;61;16.12513661;6.408685446;;14;36.26547619;4;2;5.17241379;32.75862069;41.37931034;10.34482759;10.34482759;0.0
2023-04;National;LILLE;MARSEILLE ST CHARLES;297;240;7;;62;14.061827957087097;3.7024013460828327;;48;58.27812384145161;14.705364721708156;;48;57.81111111;29;16;22.916666667083334;20.833333332291662;8.333333334;12.5;14.583333332708332;20.83333334
2023-04;National;METZ;PARIS EST;90;298;1;;67;8.291044776;1.833501684;;26;26.22307692;1.839113356;;14;39.95595238100001;8;2;19.23076923;11.53846154;34.61538462;19.23076923;11.53846154;3.84615385
2023-04;National;PARIS MONTPARNASSE;TOURS;77;181;2;;26;7.007051282;0.683705773;;17;14.49607843;1.623463687;;6;25.65833333;2;0;5.88235294;35.294117650000004;23.52941176;11.76470588;11.76470588;11.76470588
2023-04;National;RENNES;LYON PART DIEU;238;84;6;;8;4.54375;0.4980769230999999;;4;49.2875;3.106837607;;4;49.2875;2;1;0.0;50.0;50.0;0.0;0.0;0.0
2023-04;National;LYON PART DIEU;MARNE LA VALLEE;110;337;1;;230;11.28050725;7.838888889;;89;29.0576779;9.307557558;;49;42.23911565;23;9;16.85393258;16.85393258;29.21348315;14.60674157;7.865168540000001;14.60674157
2023-04;National;PARIS LYON;MARSEILLE ST CHARLES;201;576;4;;79;23.31054852;2.908479021;;82;59.92804878;9.870250583;;82;59.92804878;50;28;24.3902439;19.51219512;13.41463415;23.17073171;10.97560976;8.53658537
2023-04;National;ANGOULEME;PARIS MONTPARNASSE;126;310;13;;169;12.387278106999998;7.124402730399999;;54;53.15617284;8.21894198;;34;76.94754902;20;8;16.666666669999998;31.48148148;9.25925926;12.96296296;12.96296296;16.666666669999998
2023-04;National;BORDEAUX ST JEAN;TOURCOING;333;30;2;;7;33.69047619;8.205952381;;7;45.42857143;11.78571429;;7;45.42857143;4;2;14.28571429;0.0;28.57142857;28.57142857;28.57142857;0.0
2023-04;National;DIJON VILLE;PARIS LYON;102;367;7;;142;7.662676056;3.0828240741000004;;30;30.39611111;3.677731482;;19;40.09035088;8;5;13.33333333;36.66666667;30.0;16.666666669999998;0.0;3.33333333
2023-04;National;LYON PART DIEU;LILLE;188;316;2;;225;11.339407407824888;8.222724596;;82;31.286081481186667;10.617665860514649;;61;37.30054644786885;21;9;20.73170731707317;15.853658536585366;20.73170731707317;12.195121951219512;13.414634146341465;17.073170731707318
2023-04;National;PARIS LYON;CHAMBERY CHALLES LES EAUX;176;266;4;;36;13.06666667;1.663549618;;47;27.63794326;6.859605598;;27;38.91296296299999;10;4;8.695652169999999;32.60869565;39.13043478000001;10.869565219999998;8.695652169999999;0.0
2023-04;National;ANGERS SAINT LAUD;PARIS MONTPARNASSE;95;525;15;;170;13.45558824;4.26312336;;70;35.6552381;5.038713911;;44;50.72689394;23;12;13.23529412;45.58823529;22.05882353;5.8823529400000005;7.35294118;5.8823529400000005
2023-04;National;LE CREUSOT MONTCEAU MONTCHANIN;PARIS LYON;85;212;12;;94;10.40815603;4.826465662;;35;28.77;5.754271357;;16;51.903125;10;6;11.76470588;20.58823529;26.47058824;11.76470588;8.82352941;20.58823529
2023-04;National;LE MANS;PARIS MONTPARNASSE;59;446;12;;160;13.30239583;4.877867591;;85;27.38666667;5.778560431;;47;41.71950355;24;7;16.867469879999998;37.34939759;20.48192771;9.638554219999998;8.433734939999999;7.22891566
2023-04;National;PARIS EST;STRASBOURG;113;603;9;;92;12.9201087;1.929040404;;54;27.03240741;2.585409652;;37;33.47297297;11;4;11.11111111;7.407407409999999;3.7037037;53.703703700000005;12.96296296;11.11111111
2023-04;National;PARIS MONTPARNASSE;BORDEAUX ST JEAN;142;1007;61;;149;16.79541387;2.264235377;;93;37.25519713;4.467371388;;75;43.08066667;38;11;9.67741935;19.35483871;10.75268817;26.88172043;15.05376344;18.27956989
2023-04;National;PARIS MONTPARNASSE;VANNES;161;247;26;;42;19.96706349;3.1346907994000004;;34;32.88235294;6.20361991;;28;37.089285714000006;15;3;8.82352941;29.41176471;11.76470588;23.52941176;20.58823529;5.88235294
2023-04;National;POITIERS;PARIS MONTPARNASSE;98;470;23;;188;10.02881206;4.067078652;;81;25.81234568;5.46505618;;37;44.26891892;21;5;12.5;35.0;18.75;8.75;7.5;17.5
2023-04;National;VALENCE ALIXAN TGV;PARIS LYON;135;442;6;;275;11.0890303;7.00288162;;80;51.68041667;8.456931464;;62;62.84892473;32;20;46.83544304;29.11392405;13.924050630000002;8.86075949;1.26582278;0.0
2023-04;National;PARIS LYON;LYON PART DIEU;123;699;51;;98;21.819897958999995;3.094521605;;86;42.65968992;6.366692387;;65;52.20564103;37;14;11.9047619;27.38095238;17.85714286;14.28571429;25.0;3.57142857
2023-04;National;PARIS LYON;BELLEGARDE (AIN);166;234;6;;50;18.779;3.962426901;;43;43.59031008;9.582236842;;41;45.00813008;22;8;4.65116279;44.18604650999999;13.95348837;27.90697674;9.30232558;0.0
2023-05;International;FRANCFORT;PARIS EST;231;160;8;;74;6.273198198;3.012222222;;28;32.47976191;9.743222222;;28;32.47976191;11;2;3.57142857;3.57142857;75.0;10.71428571;3.57142857;3.57142857
2023-05;International;GENEVE;PARIS LYON;198;233;6;;157;4.474416136;3.269236417;;12;51.94444444;4.34082232;;12;51.94444444;7;4;16.666666669999998;41.666666670000005;33.333333329999995;8.33333333;0.0;0.0
2023-05;National;PARIS LYON;NIMES;187;206;3;;30;18.795;1.992939245;;19;39.36140351;5.216912972;;19;39.36140351;9;3;15.78947368;26.31578947;0.0;42.10526316;0.0;15.78947368
2023-05;National;MARSEILLE ST CHARLES;LYON PART DIEU;103;462;5;;93;9.11827957;1.817179487;;58;29.79971264;5.621135531;;42;35.81111111;23;4;8.77192982;31.57894737;33.333333329999995;14.03508772;8.77192982;3.50877193
2023-05;National;METZ;PARIS EST;89;284;0;;91;11.78076923;3.865957447;;45;28.87222222;5.152245863;;23;44.97536232;12;5;15.909090910000002;2.27272727;29.54545455;25.0;13.63636364;13.63636364
2023-05;National;MULHOUSE VILLE;PARIS LYON;173;329;26;;139;8.108273381;3.776600442;;28;32.55119048;4.226545254;;20;40.0375;9;4;35.71428571;17.85714286;21.42857143;17.85714286;7.14285714;0.0
2023-05;National;PARIS LYON;MULHOUSE VILLE;173;331;29;;40;22.17291667;2.831236203;;28;36.625;4.19205298;;19;47.5745614;11;4;28.57142857;7.14285714;25.0;28.57142857;3.57142857;7.14285714
2023-05;National;PARIS MONTPARNASSE;BORDEAUX ST JEAN;142;918;1;;145;12.85034483;1.652362777;;88;29.47121212;3.620592512;;68;34.21323529;24;12;17.04545455;14.77272727;11.36363636;26.13636364;19.31818182;11.36363636
2023-05;National;LA ROCHELLE VILLE;PARIS MONTPARNASSE;172;190;0;;14;11.07142857;0.8246913579999999;;25;36.11933333;5.576014109;;21;40.54126984;8;3;20.0;40.0;8.0;20.0;8.0;4.0
2023-05;National;ST MALO;PARIS MONTPARNASSE;159;97;0;;9;11.45;0.943127148;;15;30.48;6.524226804;;10;38.80166667;5;1;26.66666667;33.333333329999995;6.666666670000001;26.66666667;0.0;6.666666670000001
2023-05;National;LE CREUSOT MONTCEAU MONTCHANIN;PARIS LYON;84;218;5;;95;7.15631579;3.1994470774000003;;27;16.38209877;2.74399684;;9;30.50185185;2;1;7.69230769;11.53846154;26.92307692;19.23076923;7.69230769;26.92307692
2023-05;National;LYON PART DIEU;MARNE LA VALLEE;110;359;8;;232;11.5454023;7.349097816;;81;31.14711934;8.628252612;;54;40.46203703700001;29;8;7.407407409999999;25.92592593;35.80246914;16.04938272;9.87654321;4.9382716
2023-05;National;PARIS EST;REIMS;46;225;0;;31;9.318817204;1.3634814814999998;;16;17.77916667;1.584148148;;9;22.81851852;1;0;12.5;0.0;18.75;25.0;25.0;18.75
2023-05;National;PARIS LYON;LYON PART DIEU;123;708;8;;88;13.35700758;1.476452381;;52;36.73301282;3.074976191;;42;42.19761905;25;9;17.30769231;13.46153846;5.76923077;28.84615385;19.23076923;15.38461538
2023-05;National;PARIS MONTPARNASSE;ANGOULEME;126;266;1;;37;10.96846847;1.14;;21;26.11507937;3.236100629;;11;37.21212121;5;2;19.04761905;9.52380952;14.28571429;23.80952381;19.04761905;14.28571429
2023-05;National;TOULOUSE MATABIAU;PARIS MONTPARNASSE;273;192;0;;20;16.43583333;1.690625;;26;56.16346154;9.493836806;;26;56.16346153799999;15;5;26.92307692;46.15384615;19.23076923;0.0;3.84615385;3.84615385
2023-05;National;PARIS LYON;SAINT ETIENNE CHATEAUCREUX;173;117;0;;18;11.23981482;1.617236467;;12;36.75694444;5.57991453;;10;41.51833333;4;2;25.0;8.33333333;16.666666669999998;16.666666669999998;16.666666669999998;16.666666669999998
2023-05;National;PARIS MONTPARNASSE;VANNES;163;238;0;;54;18.35092593;3.827521008;;53;30.10377359;7.617647059;;37;37.32432432;16;9;13.20754717;22.64150943;13.20754717;33.96226415;7.54716981;9.43396226
2023-05;National;PARIS EST;NANCY;97;276;0;;48;10.23402778;1.839673913;;41;30.88739837;5.478321256;;30;37.295;15;3;36.58536585;4.87804878;12.19512195;29.26829268;9.75609756;7.31707317
2023-05;International;PARIS LYON;BARCELONA;403;62;7;;9;13.80555556;1.846666667;;9;58.77777778;10.43636364;;9;58.77777778;6;3;37.5;12.5;12.5;37.5;0.0;0.0
2023-05;International;PARIS LYON;GENEVE;196;234;5;;39;17.00683761;2.737409025;;17;42.34411765;3.547307133;;17;42.34411765;8;2;5.88235294;11.76470588;23.52941176;23.52941176;29.41176471;5.88235294
2023-05;International;PARIS LYON;ZURICH;248;142;10;;22;26.03560606;3.774873737;;13;35.88974359;6.135732323;;13;35.88974359;6;2;0.0;7.69230769;53.84615385;23.07692308;0.0;15.38461538
2023-05;National;LYON PART DIEU;MONTPELLIER;114;216;5;;123;12.48279133;7.365797788;;45;36.46888889;8.894312796;;32;45.69791667;16;10;22.727272730000003;25.0;9.09090909;22.727272730000003;15.909090910000002;4.54545455
2023-05;National;MONTPELLIER;LYON PART DIEU;114;218;6;;65;13.50974359;4.179795598;;72;27.94675926;11.00621069;;47;35.45283688;19;6;5.63380282;29.57746479;38.02816901;14.08450704;7.04225352;5.63380282
2023-05;National;PARIS LYON;MARSEILLE ST CHARLES;200;609;6;;79;16.14113924;1.902045329;;34;43.07303922;3.908678828;;34;43.07303922;18;5;23.52941176;14.70588235;8.82352941;35.294117650000004;2.94117647;14.70588235
2023-05;National;PARIS MONTPARNASSE;ST PIERRE DES CORPS;65;445;0;;62;7.96639785;0.765131086;;43;14.79341085;1.710074906;;19;21.1622807;1;0;7.31707317;7.31707317;31.70731707;29.26829268;7.31707317;17.07317073
2023-05;National;POITIERS;PARIS MONTPARNASSE;98;424;0;;174;10.80871648;4.314105595;;80;23.840416667000003;5.07998424;;41;37.13536585;12;4;12.82051282;44.87179487;15.38461538;20.51282051;2.56410256;3.84615385
2023-05;International;LAUSANNE;PARIS LYON;233;156;6;;86;3.2350775193999994;2.149776286;;5;50.62666667;2.263422819;;5;50.62666667;3;2;20.0;40.0;20.0;20.0;0.0;0.0
2023-05;International;STUTTGART;PARIS EST;194;135;2;;105;7.972222222200001;5.91870229;;33;41.72121212;14.54147583;;33;41.72121212;16;6;9.09090909;0.0;66.66666667;9.09090909;6.06060606;9.09090909
2023-05;National;LYON PART DIEU;RENNES;238;93;0;;49;4.443197279;2.466487455;;7;41.25476191;4.073297491;;7;41.25476191;5;1;14.28571429;14.28571429;57.14285714;0.0;0.0;14.28571429
2023-05;National;DUNKERQUE;PARIS NORD;130;167;0;;7;14.14285714;0.602409639;;14;20.44047619;3.360441767;;8;26.67916667;3;0;7.14285714;28.57142857;21.42857143;28.57142857;14.28571429;0.0
2023-05;National;PARIS MONTPARNASSE;LAVAL;87;314;1;;51;15.6496732;2.099787008;;50;25.99233333;4.305910543;;33;34.56565657;15;4;14.000000000000002;12.0;30.0;26.0;4.0;14.000000000000002
2023-05;National;CHAMBERY CHALLES LES EAUX;PARIS LYON;176;235;1;;133;13.80551378;7.762589413;;69;37.93405797;12.65829757;;55;43.98939394;20;9;27.53623188;15.94202899;39.13043478;17.39130435;0.0;0.0
2023-05;National;MARSEILLE ST CHARLES;TOURCOING;284;31;0;;7;22.79285714;4.94139785;;8;49.8125;15.59677419;;8;49.8125;6;2;25.0;25.0;12.5;12.5;12.5;12.5
2023-05;National;PARIS EST;METZ;86;261;0;;37;11.37747748;1.633716475;;21;22.1952381;1.432694764;;8;43.04791667;4;2;15.0;0.0;30.0;30.0;15.0;10.0
2023-05;National;PARIS LYON;NICE VILLE;351;250;0;;33;26.95909091;3.302333333;;33;51.23838384;7.6766;;33;51.23838384;20;9;18.18181818;42.42424242;12.12121212;15.15151515;6.06060606;6.06060606
2023-05;National;PARIS MONTPARNASSE;POITIERS;96;521;0;;69;9.979951691;0.919993602;;46;16.7557971;1.598112604;;13;28.73846154;3;1;4.54545455;20.45454545;18.18181818;27.27272727;18.18181818;11.36363636
2023-05;National;TOULON;PARIS LYON;247;323;0;;164;12.13607724;6.191795666;;37;49.82882883;7.156088751;;37;49.82882883;23;12;24.32432432;27.02702703;13.51351351;16.21621622;13.51351351;5.40540541
2023-05;International;PARIS LYON;ITALIE;426;77;0;;8;28.55208333;2.799350649;;17;53.79411765;11.03896104;;17;53.79411765;9;5;25.0;18.75;25.0;31.25;0.0;0.0
2023-05;National;LILLE;PARIS NORD;69;676;1;;129;7.9950904392565905;1.332644209;;79;21.358486068496127;3.347360255;;36;33.81111111108333;17;2;15.338793742911392;14.221891288481013;24.646314220379743;15.487714070379749;18.46612062658228;11.83916604670886
2023-05;National;MARNE LA VALLEE;MARSEILLE ST CHARLES;214;282;2;;159;11.16194969;6.419107143;;47;44.57730497;9.856547619;;47;44.57730497;22;11;12.765957450000002;12.765957450000002;21.27659574;31.91489362;6.3829787200000005;14.89361702
2023-05;National;NANCY;PARIS EST;95;266;0;;68;15.12401961;3.936528822;;31;54.4983871;6.41754386;;24;67.25208333;19;10;35.48387097;3.2258064500000003;29.03225806;16.129032260000002;9.67741935;6.451612900000001
2023-05;National;NICE VILLE;PARIS LYON;354;272;0;;27;22.055555556000005;1.994301471;;31;51.8655914;7.307169118;;31;51.8655914;20;11;19.35483871;29.03225806;16.129032260000002;12.90322581;16.129032260000002;6.451612900000001
2023-05;National;PARIS NORD;DUNKERQUE;127;189;2;;20;16.07916667;1.4614082;;15;27.56666667;1.762032086;;10;35.1;3;3;0.0;46.66666667;20.0;13.33333333;6.666666670000001;13.33333333
2023-05;International;ITALIE;PARIS LYON;432;78;0;;69;40.98985507;36.30598291;;26;49.71089744;19.08311966;;26;49.71089744;10;5;30.76923077;11.53846154;38.46153846;19.23076923;0.0;0.0
2023-05;National;LAVAL;PARIS MONTPARNASSE;86;283;0;;81;11.64794239;3.26678487;;44;28.75492424;5.127068558;;21;47.36984127;10;3;30.95238095;23.80952381;11.9047619;16.666666669999998;9.52380952;7.14285714
2023-05;National;LYON PART DIEU;LILLE;188;338;6;;225;11.296888888846665;7.7262048192996975;;78;31.14042735066667;10.21174698795241;;57;40.92134503;30;8;12.82051282;19.23076923;32.051282050000005;21.79487179;11.53846154;2.56410256
2023-05;National;MARSEILLE ST CHARLES;PARIS LYON;200;575;6;;127;12.92112861;2.695246479;;44;46.62765152;4.989055164;;44;46.62765152;22;9;18.18181818;25.0;18.18181818;25.0;6.81818182;6.81818182
2023-05;National;PARIS MONTPARNASSE;LE MANS;69;501;6;;65;17.50897436;1.776969697;;63;26.85687831;3.401077441;;41;36.13414634;24;5;11.290322580000002;24.19354839;16.129032260000002;38.70967742;4.83870968;4.83870968
2023-05;National;QUIMPER;PARIS MONTPARNASSE;236;242;0;;20;15.11083333;1.258921162;;30;30.67944444;5.701175657;;30;30.67944444;13;0;26.66666667;30.0;6.666666670000001;13.33333333;16.666666669999998;6.666666670000001
2023-05;International;BARCELONA;PARIS LYON;407;62;0;;32;7.857291667;4.571515152;;12;68.10694444;15.73060606;;12;68.10694444;6;5;25.0;33.333333329999995;16.666666669999998;16.666666669999998;0.0;8.33333333
2023-05;International;PARIS EST;FRANCFORT;227;165;7;;21;23.47301587;2.632489452;;35;40.98047619;13.19198312;;35;40.98047619;16;8;3.03030303;0.0;57.57575758;18.18181818;15.15151515;6.0606060600000005
2023-05;National;PARIS EST;STRASBOURG;114;552;5;;89;17.56985019;2.847836685;;42;39.1468254;3.468007313;;30;49.705;18;7;2.38095238;4.76190476;11.9047619;42.85714286;16.666666669999998;21.42857143
2023-05;National;PARIS MONTPARNASSE;TOURS;77;166;0;;26;8.248717949;0.96746988;;17;15.40098039;1.953212851;;8;19.25416667;0;0;6.666666670000001;6.666666670000001;26.66666667;33.333333329999995;6.666666670000001;20.0
2023-05;International;PARIS EST;STUTTGART;189;138;7;;20;12.59583333;1.940585242;;32;38.31927083;13.82239186;;32;38.31927083;18;5;6.451612900000001;3.2258064500000003;45.161290320000006;29.03225806;6.451612900000001;9.67741935
2023-05;International;ZURICH;PARIS LYON;248;166;9;;56;1.469642857;0.970806794;;14;37.88452381;5.301910828;;14;37.88452381;5;2;50.0;21.42857143;14.28571429;14.28571429;0.0;0.0
2023-05;National;ANGERS SAINT LAUD;PARIS MONTPARNASSE;99;520;0;;198;10.72516835;4.253059896;;86;33.59573643;5.056998698;;59;44.26892655;31;12;13.0952381;41.66666667;19.04761905;10.71428571;7.14285714;8.33333333
2023-05;National;PARIS LYON;MACON LOCHE;99;259;3;;25;19.57066667;1.710026042;;20;26.58166667;2.937174479;;16;29.453125;5;1;10.0;0.0;15.0;65.0;5.0;5.0
2023-05;National;PARIS MONTPARNASSE;NANTES;136;571;0;;82;13.47520325;1.604757735;;65;33.71025641;4.106158786;;56;36.93333333;26;6;7.69230769;40.0;21.53846154;20.0;3.07692308;7.69230769
2023-05;National;VALENCE ALIXAN TGV;PARIS LYON;135;455;5;;345;12.35792271;9.524148148;;87;43.8605364;9.765814815;;54;62.1712963;28;18;19.54022989;33.333333329999995;20.68965517;16.09195402;0.0;10.34482759
2023-05;National;ANNECY;PARIS LYON;227;149;1;;4;30.0;0.819387755;;27;38.36728395;9.159070295;;27;38.36728395;9;4;29.62962963;22.22222222;33.333333329999995;14.814814809999998;0.0;0.0
2023-05;National;PARIS LYON;BESANCON FRANCHE COMTE TGV;133;165;16;;13;18.89358974;1.554697987;;12;29.12777778;3.372483222;;10;32.38166667;6;0;25.0;8.33333333;41.666666670000005;25.0;0.0;0.0
2023-05;National;LILLE;MARSEILLE ST CHARLES;297;247;2;;69;12.056763285347824;3.333449924583674;;45;40.29785369260869;9.480836184793878;;45;40.09962963;21;8;13.333333332222224;13.333333334444443;22.222222224444444;28.88888889222222;6.666666663333333;15.555555553333331
2023-05;National;PARIS MONTPARNASSE;BREST;238;279;1;;38;13.80263158;1.469544365;;29;42.4137931;5.014388489;;29;42.4137931;18;5;31.03448276;17.24137931;20.68965517;13.79310345;6.896551720000001;10.34482759
2023-05;National;BORDEAUX ST JEAN;TOURCOING;328;28;0;;3;17.21111111;1.586904762;;1;19.0;0.964285714;;1;19.0;0;0;100.0;0.0;0.0;0.0;0.0;0.0
2023-05;National;LYON PART DIEU;PARIS LYON;122;715;9;;310;7.272043011;3.3126004728000003;;59;37.33757062;3.8514184397000006;;41;47.84593496;16;7;17.543859649999998;12.280701750000002;21.05263158;21.05263158;12.280701750000002;15.78947368
2023-05;National;PARIS LYON;AIX EN PROVENCE TGV;187;490;6;;58;22.6158046;2.480371901;;37;48.62162162;4.611398072;;36;49.62824074;19;7;13.51351351;13.51351351;13.51351351;43.24324324;5.40540541;10.81081081
2023-05;National;STRASBOURG;NANTES;334;57;0;;7;5.790476191;0.803508772;;2;18.0;1.4257309941999998;;2;18.0;0;0;0.0;0.0;100.0;0.0;0.0;0.0
2023-05;National;PARIS LYON;CHAMBERY CHALLES LES EAUX;174;229;1;;22;18.61212121;1.609795322;;38;28.648245614000004;5.957017544;;21;41.10476191;12;3;5.40540541;24.32432432;35.13513514;29.72972973;0.0;5.40540541
2023-05;National;PARIS LYON;PERPIGNAN;309;232;7;;33;20.15808081;2.72237037;;31;48.36344086;7.781037036999999;;31;48.36344086;18;6;19.35483871;12.90322581;16.129032260000002;51.61290322999999;0.0;0.0
2023-05;National;PARIS MONTPARNASSE;LA ROCHELLE VILLE;178;196;0;;22;11.27121212;0.838180272;;11;28.09090909;2.655612245;;7;36.28571429;3;1;9.09090909;27.27272727;0.0;27.27272727;9.09090909;27.27272727
2023-05;National;TOURS;PARIS MONTPARNASSE;78;167;0;;14;4.50952381;0.360878244;;25;14.17533333;2.675948104;;8;26.52916667;3;0;9.09090909;31.818181820000003;36.36363636;18.18181818;4.54545455;0.0
2023-05;National;VANNES;PARIS MONTPARNASSE;168;260;0;;178;5.332677903;3.733397933;;45;27.49518519;6.089664083;;32;33.44375;15;1;24.44444444;35.55555556;6.666666670000001;13.33333333;13.33333333;6.666666670000001
2023-05;National;LE MANS;PARIS MONTPARNASSE;68;508;0;;204;12.32026144;5.040389785;;106;27.99827044;6.493077957;;58;43.00747126;24;9;15.53398058;33.00970874;22.33009709;11.65048544;8.73786408;8.73786408
2023-05;National;MARSEILLE ST CHARLES;MARNE LA VALLEE;210;292;3;;40;12.00958333;1.063020833;;43;37.86976744;7.72662037;;43;37.86976744;20;6;0.0;23.25581395;46.51162791;11.62790698;13.95348837;4.65116279
2023-05;National;TOURCOING;BORDEAUX ST JEAN;305;27;0;;0;0.0;0.02037037;;0;0.0;-0.875925926;;0;0.0;0;0;0.0;0.0;0.0;0.0;0.0;0.0
2023-05;National;PARIS LYON;LE CREUSOT MONTCEAU MONTCHANIN;84;205;4;;22;12.81666667;1.168988391;;17;27.93627451;2.124875622;;13;34.12307692;8;0;11.76470588;29.41176471;0.0;41.17647059;5.88235294;11.76470588
2023-05;National;PARIS MONTPARNASSE;ANGERS SAINT LAUD;97;503;0;;76;13.14517544;1.602352551;;59;24.1480226;3.344035785;;34;34.74656863;17;1;12.280701750000002;12.280701750000002;28.07017544;24.56140351;7.01754386;15.78947368
2023-05;National;ST PIERRE DES CORPS;PARIS MONTPARNASSE;65;468;0;;171;6.086647173500001;2.365164521;;62;19.1655914;2.66741774;;28;31.51130952;11;3;13.55932203;30.50847458;27.11864407;22.03389831;3.38983051;3.38983051
2023-05;National;BREST;PARIS MONTPARNASSE;234;276;0;;18;7.333333333;0.488625304;;19;26.43596491;3.398053528;;19;26.43596491;6;0;31.57894737;36.84210526;5.26315789;15.78947368;5.26315789;5.26315789
2023-05;National;DOUAI;PARIS NORD;75;176;1;;80;3.110833333;1.662164751;;32;16.40208333;4.192241379;;9;34.27777778;4;1;12.90322581;22.580645160000003;41.93548387;16.129032260000002;3.2258064500000003;3.2258064500000003
2023-05;National;PARIS MONTPARNASSE;RENNES;107;741;0;;116;15.76882184;2.063495277;;95;28.85614035;3.610503824;;70;35.13976191;28;10;17.20430108;17.20430108;15.05376344;26.88172043;17.20430108;6.451612900000001
2023-05;National;LYON PART DIEU;MARSEILLE ST CHARLES;104;477;3;;268;11.35808458;6.550775194;;97;37.73608247;9.34478506;;82;42.24634146;36;19;10.30927835;18.556701030000003;32.98969072;22.68041237;5.15463918;10.30927835
2023-05;National;MACON LOCHE;PARIS LYON;98;240;2;;163;15.87392638;11.0732906;;71;32.6657277;10.49024217;;55;38.11757576;19;8;25.35211268;16.901408449999998;39.43661972;16.901408449999998;1.4084507;0.0
2023-05;National;PERPIGNAN;PARIS LYON;313;240;1;;45;18.62888889;3.345531915;;34;70.35588235;11.71021277;;34;70.35588235;18;13;23.52941176;47.05882353;14.70588235;8.82352941;0.0;5.88235294
2023-05;National;AIX EN PROVENCE TGV;PARIS LYON;188;469;5;;302;7.664735099;5.08908046;;35;45.37571429;4.824102012;;35;45.37571429;18;6;14.28571429;20.0;20.0;22.857142860000003;8.57142857;14.28571429
2023-05;National;BELLEGARDE (AIN);PARIS LYON;167;245;7;;95;6.528070175;2.660994398;;21;40.54603175;4.72219888;;13;57.31666667;8;5;14.28571429;33.333333329999995;38.0952381;14.28571429;0.0;0.0
2023-05;National;PARIS LYON;ANNECY;228;146;3;;14;12.93214286;1.066083916;;12;41.5;5.010489511;;12;41.5;7;2;16.666666669999998;25.0;25.0;33.333333329999995;0.0;0.0
2023-05;National;PARIS LYON;BELLEGARDE (AIN);167;239;6;;39;17.00683761;2.687124464;;28;34.98690476;5.429327611;;21;41.74444444;10;2;3.57142857;21.42857143;17.85714286;14.28571429;39.28571429;3.57142857
2023-05;National;PARIS LYON;VALENCE ALIXAN TGV;135;421;5;;61;19.03114754;2.535376603;;50;37.54633333;5.549559294900001;;33;50.27777778;23;7;20.0;6.0;14.000000000000002;48.0;8.0;4.0
2023-05;National;SAINT ETIENNE CHATEAUCREUX;PARIS LYON;173;116;0;;21;6.232539683;1.423132184;;12;35.47777778;5.391091954;;9;42.57407407;3;2;45.45454545;0.0;27.27272727;27.27272727;0.0;0.0
2023-05;National;GRENOBLE;PARIS LYON;184;189;2;;7;11.0;0.411764706;;18;32.62314815;5.004188948;;18;32.62314815;5;2;27.77777778;16.666666669999998;33.333333329999995;11.11111111;11.11111111;0.0
2023-05;National;REIMS;PARIS EST;46;224;0;;36;9.290277778;1.594122024;;22;20.28787879;2.244940476;;9;36.9537037;4;1;15.0;25.0;35.0;15.0;0.0;10.0
2023-05;National;NANTES;PARIS MONTPARNASSE;137;603;0;;148;10.3268018;2.236428966;;81;39.79691358;6.05392482;;70;43.83214286;36;15;17.28395062;38.27160494;19.75308642;7.407407409999999;8.64197531;8.64197531
2023-05;National;ANGOULEME;PARIS MONTPARNASSE;126;282;0;;166;8.314056225;4.977757794;;43;36.8131783;5.443645084;;31;45.77903226;10;3;13.95348837;51.1627907;4.65116279;18.60465116;0.0;11.62790698
2023-05;National;MARNE LA VALLEE;LYON PART DIEU;110;410;5;;276;10.08315217;6.94037037;;71;33.3629108;7.670452674900001;;55;38.9569697;25;11;8.45070423;9.85915493;11.267605629999998;53.52112676;11.267605629999998;5.63380282
2023-05;National;PARIS LYON;AVIGNON TGV;164;475;6;;47;16.90106383;1.470326937;;43;35.65697674;4.184470505;;30;45.30166667;16;7;9.52380952;19.04761905;21.42857143;30.95238095;7.14285714;11.9047619
2023-05;National;PARIS MONTPARNASSE;ST MALO;163;95;0;;8;9.685416667;0.422807018;;12;29.73888889;4.248421053;;10;32.995;4;1;25.0;33.333333329999995;16.666666669999998;16.666666669999998;8.33333333;0.0
2023-05;International;PARIS LYON;LAUSANNE;235;173;8;;28;21.59583333;3.5807070706999995;;15;35.69777778;3.924545455;;15;35.69777778;5;2;6.666666670000001;20.0;13.33333333;40.0;13.33333333;6.666666670000001
2023-05;National;BORDEAUX ST JEAN;PARIS MONTPARNASSE;141;933;0;;327;9.2872579;3.105001786;;113;35.61253687;5.464683816;;88;41.93996212;39;11;18.5840708;35.39823009;19.46902655;9.73451327;1.7699115;15.044247790000002
2023-05;National;LILLE;LYON PART DIEU;184;376;4;;175;9.497333333350856;4.542363167522581;;58;37.42006802674286;7.987337634079837;;53;39.64528301879245;24;11;10.344827582068964;10.344827587586208;8.620689656551725;50.00000000413792;13.79310344827586;6.896551721
2023-05;National;PARIS LYON;GRENOBLE;185;216;2;;19;8.75877193;0.487071651;;18;40.0;3.808411215;;18;40.0;7;3;27.77777778;33.333333329999995;5.55555556;33.333333329999995;0.0;0.0
2023-05;National;PARIS NORD;LILLE;66;649;0;;63;17.028306878142857;1.0301232665745763;;60;20.12539328228572;2.1095531587394456;;28;33.59821428553572;11;4;12.489660877333336;8.751033908666667;17.650951202666665;26.10421836133333;17.27874276;17.725392882666664
2023-05;National;RENNES;PARIS MONTPARNASSE;106;772;0;;355;7.602910798;3.540203728;;114;26.78245614;4.890290421;;70;35.90595238;30;5;26.31578947;31.57894737;14.9122807;12.28070175;7.01754386;7.894736839999999
2023-05;National;ARRAS;PARIS NORD;50;509;2;;183;8.077322404;2.896146245;;87;19.09214559;4.362417655;;32;35.57552083;18;2;16.47058824;20.0;32.94117647;20.0;5.8823529400000005;4.70588235
2023-05;National;RENNES;LYON PART DIEU;239;94;0;;10;14.080000000000002;1.5017921146999995;;12;52.02222222;5.334946237;;12;52.02222222;6;3;33.333333329999995;25.0;33.333333329999995;8.33333333;0.0;0.0
2023-05;National;PARIS LYON;MONTPELLIER;218;221;3;;31;18.63333333;1.884480122;;21;38.50396825;5.186009174;;21;38.50396825;9;2;14.28571429;23.80952381;4.76190476;38.0952381;0.0;19.04761905
2023-05;National;PARIS NORD;ARRAS;48;503;0;;58;19.03793103;1.970410868;;50;25.25666667;3.545526839;;26;40.17051282;16;6;4.0;4.0;22.0;24.0;30.0;16.0
2023-05;National;PARIS NORD;DOUAI;70;130;1;;14;18.93333333;1.253488372;;16;20.28645833;4.07881137;;7;34.14047619;3;1;6.25;6.25;37.5;18.75;12.5;18.75
2023-05;National;AVIGNON TGV;PARIS LYON;166;494;6;;303;7.6440044;4.780903490800001;;54;34.95277778;4.827994524;;39;43.40598291;19;8;11.11111111;20.37037037;31.48148148;18.51851852;11.11111111;7.407407409999999
2023-05;National;BESANCON FRANCHE COMTE TGV;PARIS LYON;136;177;14;;45;8.718518519;2.236145833;;12;44.3125;3.191666667;;8;59.93125;6;3;50.0;25.0;8.33333333;16.666666669999998;0.0;0.0
2023-05;National;MONTPELLIER;PARIS LYON;212;271;3;;131;14.38167939;7.06971393;;37;53.23558559;10.13619403;;37;53.23558559;17;11;16.21621622;37.83783784;18.91891892;16.21621622;0.0;10.81081081
2023-05;National;NANTES;STRASBOURG;312;57;0;;5;27.27666667;2.404678363;;4;43.65833333;5.217836257;;4;43.65833333;1;1;50.0;25.0;0.0;0.0;0.0;25.0
2023-05;National;PARIS MONTPARNASSE;QUIMPER;232;230;1;;52;18.81442308;3.932314411;;30;40.13333333;6.139737991;;30;40.13333333;16;7;16.666666669999998;23.33333333;6.666666670000001;40.0;3.33333333;10.0
2023-05;National;DIJON VILLE;PARIS LYON;102;395;28;;149;7.833780761;3.3015068492999995;;26;34.15512821;3.4843379;;17;45.11372549;9;4;38.46153846;26.92307692;15.38461538;15.38461538;3.84615385;0.0
2023-05;National;MARSEILLE ST CHARLES;LILLE;282;211;3;;22;8.509848484763637;0.7104922486086539;;35;35.476352813909095;8.978631342333653;;35;35.523333333400004;17;3;11.42857143;17.14285715;34.28571429;14.28571429;17.14285714;5.714285714000001
2023-05;National;NIMES;PARIS LYON;182;267;3;;133;13.73132832;6.968623737;;43;47.73565892;10.21963384;;37;53.23558559;17;11;18.60465116;32.558139530000005;18.60465116;18.60465116;0.0;11.62790698
2023-05;National;PARIS LYON;DIJON VILLE;100;404;33;;49;15.281292517000002;1.952695418;;28;30.29226191;2.95345912;;23;34.16956522;12;1;17.85714286;17.85714286;17.85714286;32.14285714;7.14285714;7.14285714
2023-05;National;PARIS LYON;TOULON;244;319;0;;48;23.92916667;3.343678161;;21;52.36269841;3.620950888;;21;52.36269841299999;13;4;40.0;5.0;15.0;25.0;15.0;0.0
2023-05;National;PARIS MONTPARNASSE;TOULOUSE MATABIAU;271;186;0;;24;14.35208333;1.446684588;;23;48.06376812;6.01218638;;23;48.06376812;13;6;17.39130435;43.47826087;8.695652169999999;13.04347826;4.34782609;13.04347826
2023-05;National;STRASBOURG;PARIS EST;116;503;4;;299;12.453233;7.523380094;;115;32.2026087;8.799632599;;74;42.89504505;37;14;13.04347826;4.34782609;53.91304348;12.17391304;8.695652169999999;7.82608696
2023-06;National;ANNECY;PARIS LYON;230;150;0;;6;20.03611111;0.808836689;;39;48.44102564;15.077628635000002;;39;48.44102564;23;8;53.84615385;20.51282051;23.07692308;2.56410256;0.0;0.0
2023-06;National;DOUAI;PARIS NORD;74;185;0;;86;4.94379845;2.610036832;;41;27.40203252;7.114732964999999;;18;49.12777778;8;7;9.75609756;24.3902439;34.14634146;9.75609756;9.75609756;12.19512195
2023-06;National;PARIS LYON;LE CREUSOT MONTCEAU MONTCHANIN;78;201;2;;31;15.60752688;2.184087102;;22;31.08409091;4.080904523;;12;49.36527778;7;3;14.28571429;14.28571429;19.04761905;28.57142857;14.28571429;9.52380952
2023-06;National;BORDEAUX ST JEAN;TOURCOING;322;29;0;;1;1.316666667;-0.23908046;;4;60.25;6.379310345;;4;60.25;1;1;0.0;25.0;25.0;25.0;0.0;25.0
2023-06;National;NANTES;STRASBOURG;312;56;0;;9;10.87777778;1.755952381;;3;38.06111111;3.463392857;;3;38.06111111;1;1;0.0;0.0;0.0;33.333333329999995;0.0;66.66666667
2023-06;National;PARIS EST;NANCY;96;299;0;;63;13.7494709;3.022185061;;38;30.40921053;4.683890747;;30;35.22277778;9;5;13.15789474;10.52631579;26.31578947;39.47368421;7.894736839999999;2.63157895
2023-06;National;PARIS MONTPARNASSE;TOURS;77;191;2;;36;27.20231482;4.875044092;;34;38.76813726;7.300176367;;17;67.04803922;7;5;12.12121212;6.0606060600000005;21.21212121;27.27272727;27.27272727;6.0606060600000005
2023-06;National;SAINT ETIENNE CHATEAUCREUX;PARIS LYON;169;112;2;;20;6.480000000000001;1.518654434;;15;33.79111111;6.322018349;;9;46.74444444;4;2;7.14285714;14.28571429;28.57142857;21.42857143;7.14285714;21.42857143
2023-06;National;PARIS LYON;MONTPELLIER;216;216;2;;67;20.38631841;5.875856698;;47;40.56985816;11.0805296;;47;40.56985816;27;8;8.695652169999999;4.34782609;19.565217390000004;47.82608696;8.695652169999999;10.869565219999998
2023-06;National;MARNE LA VALLEE;MARSEILLE ST CHARLES;213;271;1;;143;9.798368298;5.272962963;;48;36.57291667;8.301481482;;48;36.57291667;20;5;10.41666667;22.91666667;20.83333333;18.75;6.25;20.83333333
2023-06;National;MONTPELLIER;PARIS LYON;211;261;1;;125;10.40026667;5.035192308;;64;42.82630208;12.74730769;;64;42.82630208;36;11;31.25;21.875;18.75;7.8125;3.125;17.1875
2023-06;National;PARIS LYON;VALENCE ALIXAN TGV;132;417;1;;135;22.58111111;7.206827309;;103;42.71391586;12.28317269;;81;50.52078189;48;17;4.90196078;12.74509804;13.7254902;49.01960784;13.7254902;5.88235294
2023-06;National;PARIS MONTPARNASSE;BREST;230;277;1;;56;24.72678571;4.659057971;;27;66.37037037;7.467391304;;27;66.37037037;15;7;14.814814809999998;25.92592593;0.0;44.44444444;11.11111111;3.7037037
2023-06;National;MARSEILLE ST CHARLES;TOURCOING;288;30;0;;9;7.490740740700001;2.039444444;;6;40.66666667;8.483333333;;6;40.66666667;5;1;0.0;16.666666669999998;33.333333329999995;16.666666669999998;33.333333329999995;0.0
2023-06;National;NIMES;PARIS LYON;181;257;1;;149;11.84373602;6.951041667;;63;42.17751323;12.50527344;;63;42.17751323;35;10;31.74603175;20.63492063;19.04761905;7.936507939999999;3.17460317;17.46031746
2023-06;National;TOURS;PARIS MONTPARNASSE;78;192;1;;20;31.281666667000003;3.276352531;;32;45.84114583;8.65034904;;13;97.3948718;7;5;14.28571429;21.42857143;28.57142857;21.42857143;3.57142857;10.71428571
2023-06;National;LILLE;MARSEILLE ST CHARLES;297;240;1;;61;10.04890710385246;2.447768479793724;;44;36.608196720967214;8.431589958246862;;44;37.14242424206818;19;5;11.363636367045457;22.72727272409091;20.45454545409091;18.181818184090908;6.818181814545454;20.45454545409091
2023-06;National;LYON PART DIEU;MONTPELLIER;117;206;1;;129;10.19211886;6.495853659;;39;26.33760684;6.283658537;;26;33.15448718;7;2;2.63157895;23.68421053;23.68421053;39.47368421;7.894736839999999;2.63157895
2023-06;National;PARIS MONTPARNASSE;ANGERS SAINT LAUD;92;527;0;;84;31.553373015999995;4.675521822;;71;49.429342723000005;7.145888678;;35;88.84095238;20;12;11.42857143;18.57142857;12.857142860000002;27.14285714;24.28571429;5.71428571
2023-06;National;RENNES;LYON PART DIEU;239;90;1;;11;14.35454546;1.785580524;;6;113.1055556;7.129962546799999;;6;113.1055556;6;3;0.0;33.333333329999995;50.0;16.666666669999998;0.0;0.0
2023-06;National;STRASBOURG;NANTES;334;56;0;;12;12.9625;2.891666667;;11;51.70757576;11.43065476;;11;51.70757575799999;5;3;36.36363636;18.18181818;9.09090909;27.27272727;0.0;9.09090909
2023-06;International;PARIS LYON;ITALIE;430;90;3;;24;26.21527778;7.138888889;;14;76.85714286;12.99425287;;14;76.85714286;10;6;7.69230769;15.38461538;38.46153846;38.46153846;0.0;0.0
2023-06;National;LE CREUSOT MONTCEAU MONTCHANIN;PARIS LYON;78;210;2;;100;12.20183333;5.821073718;;37;33.43918919;6.881490385;;21;51.13333333;11;5;16.666666669999998;8.33333333;33.333333329999995;19.44444444;2.77777778;19.44444444
2023-06;National;PARIS MONTPARNASSE;RENNES;100;764;1;;152;29.38892544;5.512494539;;94;53.74787234;6.354390564;;73;65.65981735;44;20;12.765957450000002;12.765957450000002;7.446808509999999;44.68085106;17.0212766;5.31914894
2023-06;National;VANNES;PARIS MONTPARNASSE;167;284;0;;154;6.480627706;3.619894366200001;;43;42.00775194;7.251701878;;34;49.74068628;17;7;11.62790698;39.53488372;11.62790698;18.60465116;11.62790698;6.976744190000001
2023-06;National;CHAMBERY CHALLES LES EAUX;PARIS LYON;178;241;3;;160;11.9921875;7.976863572;;84;49.59186508;18.41413502;;72;55.60925926;47;18;46.42857143;20.23809524;28.57142857;3.57142857;0.0;1.19047619
2023-06;National;MULHOUSE VILLE;PARIS LYON;169;310;2;;129;5.396640827;2.314772727;;30;33.78222222;4.476515152;;22;41.07045455;8;4;22.222222220000003;14.81481481;29.629629630000004;33.333333329999995;0.0;0.0
2023-06;National;PARIS LYON;MARSEILLE ST CHARLES;196;591;0;;129;20.5373385;4.313902989;;97;43.31013746;9.459024253;;97;43.31013746;39;20;12.37113402;21.64948454;13.40206186;25.77319588;20.6185567;6.185567010000001
2023-06;National;PARIS MONTPARNASSE;BORDEAUX ST JEAN;142;1035;1;;198;25.66010101;4.557962605;;123;49.46422764;7.042504836;;98;58.75102041;64;22;9.75609756;13.82113821;6.50406504;49.59349593;14.63414634;5.69105691
2023-06;National;PARIS MONTPARNASSE;QUIMPER;229;255;1;;66;29.3989899;6.891994751;;40;62.60000000000001;10.32874016;;40;62.6;26;11;25.0;22.5;2.5;25.0;20.0;5.0
2023-06;National;DUNKERQUE;PARIS NORD;131;168;2;;8;28.375;1.375757576;;25;34.37133333;7.367676768;;14;50.96190476;7;6;16.0;28.000000000000004;32.0;8.0;8.0;8.0
2023-06;National;LILLE;PARIS NORD;68;660;6;;159;13.236897274679244;3.087820096;;133;30.179099412283023;7.124269985812997;;63;53.03148148136509;31;23;16.479278692781953;17.40768329421053;35.43029400278196;8.684249322330826;14.164280672030074;7.834214020000001
2023-06;National;LYON PART DIEU;LILLE;186;329;3;;260;12.932628205015384;10.095807770736196;;103;32.750166534353845;12.192689161349692;;89;34.33614232207865;32;5;12.621359227378642;14.56310679553398;26.213592231941742;21.359223304854368;8.737864077475727;16.504854372815533
2023-06;National;LYON PART DIEU;PARIS LYON;119;709;9;;340;8.812990196;4.119309524;;98;40.0909864;6.963904762;;77;47.25476191;41;15;15.463917529999998;11.34020619;22.68041237;24.74226804;7.216494850000001;18.55670103
2023-06;National;PARIS MONTPARNASSE;LAVAL;80;308;2;;60;35.335;6.568082789;;54;46.45216049399999;8.054411765;;32;71.34947917;20;9;12.96296296;9.25925926;11.11111111;44.44444444;16.666666669999998;5.55555556
2023-06;National;PARIS MONTPARNASSE;ST MALO;157;95;3;;14;38.43571429;4.038224638;;8;57.6625;5.26576087;;5;84.26333333;4;2;25.0;12.5;0.0;62.5;0.0;0.0
2023-06;National;PARIS MONTPARNASSE;TOULOUSE MATABIAU;271;215;0;;33;30.30454546;4.266046512;;28;114.4083333;13.71077519;;28;114.4083333;24;13;25.0;17.85714286;0.0;39.28571429;0.0;17.85714286
2023-06;National;VALENCE ALIXAN TGV;PARIS LYON;133;440;2;;347;13.51705091;10.27149924;;116;41.48721264;12.76575343;;96;47.42447917;62;22;26.72413793;19.82758621;27.5862069;7.75862069;7.75862069;10.34482759
2023-06;National;PARIS LYON;DIJON VILLE;98;370;1;;70;19.445;3.640243902;;34;38.6872549;4.382565492;;24;49.202777778000005;10;5;20.58823529;5.88235294;2.94117647;29.41176471;29.41176471;11.76470588
2023-06;National;PARIS LYON;MACON LOCHE;93;267;2;;62;24.32768817;5.557044025;;47;39.60070922;9.158238994;;34;50.225;20;7;8.695652169999999;8.695652169999999;19.565217390000004;45.65217391;15.2173913;2.1739130399999995
2023-06;International;PARIS EST;STUTTGART;189;118;0;;17;17.79803922;2.629378531;;29;29.54712644;11.51285311;;29;29.54712644;12;1;3.4482758600000003;3.4482758600000003;48.27586207;24.13793103;13.79310345;6.896551720000001
2023-06;International;STUTTGART;PARIS EST;194;118;1;;94;9.871453901;6.075641026;;33;41.37626263;14.78860399;;33;41.37626263;16;6;3.03030303;0.0;78.78787879;12.12121212;0.0;6.06060606
2023-06;National;ARRAS;PARIS NORD;50;497;4;;258;10.28901809;5.408807588;;118;26.55932203;7.696443089;;50;48.492;22;19;12.280701750000002;22.80701754;34.21052632;9.64912281;13.15789474;7.894736839999999
2023-06;National;PARIS EST;METZ;85;264;0;;60;14.575277778000002;3.359659091;;51;25.40686275;5.599558081;;29;37.2045977;15;2;10.0;14.000000000000002;22.0;44.0;6.0;4.0
2023-06;National;PARIS LYON;GRENOBLE;184;215;7;;47;23.38014184;5.222035256;;76;43.80263158;16.92548077;;73;45.02739726;46;16;42.10526316;5.26315789;21.05263158;21.05263158;9.21052632;1.31578947
2023-06;International;BARCELONA;PARIS LYON;405;59;0;;31;5.75;3.004237288;;21;34.43174603;13.95451977;;21;34.43174603;10;2;38.0952381;4.76190476;19.04761905;9.52380952;4.76190476;23.80952381
2023-06;National;PARIS LYON;AIX EN PROVENCE TGV;184;477;0;;106;27.38333333;5.922292103;;96;44.76163194;10.99475891;;92;46.16050725;37;21;9.375;20.83333333;13.54166667;35.416666670000005;15.625;5.20833333
2023-06;National;NICE VILLE;PARIS LYON;347;252;0;;36;16.44768519;2.223466667;;70;44.81071429;14.31566667;;70;44.81071429;33;13;22.857142860000003;28.57142857;27.14285714;10.0;5.71428571;5.71428571
2023-06;National;PARIS LYON;LYON PART DIEU;121;710;10;;118;15.22951977;2.383857892;;71;39.50117371;3.992560801;;48;52.08854167;29;14;14.28571429;11.42857143;34.28571429;10.0;15.71428571;14.28571429
2023-06;National;STRASBOURG;PARIS EST;114;492;2;;273;11.98992674;6.742040816;;105;30.15730159;7.689897959;;80;35.44666667;31;10;7.61904762;5.71428571;55.23809523999999;18.0952381;7.61904762;5.71428571
2023-06;National;LYON PART DIEU;MARSEILLE ST CHARLES;108;458;2;;267;10.76111111;6.437134503;;99;34.65117845;9.381140351;;79;40.01666667;38;11;16.16161616;20.2020202;36.36363636;11.11111111;2.02020202;14.14141414
2023-06;National;GRENOBLE;PARIS LYON;183;185;3;;19;20.15789474;2.106776557;;66;53.44671717;21.1489011;;61;56.77295082;46;19;61.53846154;6.153846150000001;23.07692308;3.07692308;6.153846150000001;0.0
2023-06;National;MACON LOCHE;PARIS LYON;93;243;1;;167;21.13872256;14.70583333;;90;47.2637037;18.31208333;;74;54.83063063;47;19;43.33333333;18.88888889;28.88888889;5.55555556;0.0;3.33333333
2023-06;International;LAUSANNE;PARIS LYON;228;121;1;;80;3.14125;2.343277311;;13;70.98974359;8.963865546;;13;70.98974359;6;5;23.07692308;38.46153846;30.76923077;7.69230769;0.0;0.0
2023-06;National;DIJON VILLE;PARIS LYON;98;366;1;;145;7.942758621;3.231872146;;31;49.78225807;5.461552511;;21;67.07539683;11;9;26.66666667;23.33333333;26.66666667;20.0;3.33333333;0.0
2023-06;National;MARSEILLE ST CHARLES;PARIS LYON;195;557;0;;140;13.95416667;3.352214243;;110;43.25863636;11.31798324;;110;43.25863636;50;17;18.18181818;21.81818182;30.0;16.36363636;2.72727273;10.90909091
2023-06;National;PARIS MONTPARNASSE;LE MANS;58;454;0;;69;39.70917874;5.692143906;;63;52.78888889;7.1219163;;38;80.21666667;24;12;8.064516130000001;14.51612903;11.290322580000002;48.38709677;12.90322581;4.83870968
2023-06;National;PERPIGNAN;PARIS LYON;310;221;0;;22;24.581818182000003;2.212651515;;56;50.501488095000006;14.49090909;;56;50.5014881;35;16;33.92857143;14.28571429;23.21428571;5.357142860000001;10.71428571;12.5
2023-06;International;ITALIE;PARIS LYON;436;90;3;;76;28.54057018;24.99195402;;32;58.01875;24.0618774;;32;58.01875;23;9;40.625;18.75;34.375;6.25;0.0;0.0
2023-06;National;PARIS LYON;AVIGNON TGV;162;461;1;;93;24.69695341;4.842355073;;93;36.83709677;8.984855073;;73;43.28310502;25;15;12.08791209;14.28571429;18.68131868;29.67032967;19.78021978;5.49450549
2023-06;National;PARIS MONTPARNASSE;ST PIERRE DES CORPS;66;513;2;;85;29.017647059000005;4.502511416;;86;41.26046512;7.198662753;;49;64.93741497;17;13;8.33333333;8.33333333;25.0;29.76190476;23.80952381;4.76190476
2023-06;International;PARIS LYON;BARCELONA;402;60;0;;19;17.75964912;5.518611111;;11;59.81818182;12.13333333;;11;59.81818182;9;4;27.27272727;9.09090909;36.36363636;27.27272727;0.0;0.0
2023-06;National;LYON PART DIEU;RENNES;237;90;1;;58;6.783908046;4.56011236;;7;66.45;6.658801498;;7;66.45;4;3;14.28571429;42.85714286;28.57142857;14.28571429;0.0;0.0
2023-06;National;MARSEILLE ST CHARLES;LYON PART DIEU;106;443;3;;96;10.78055556;2.305428135;;106;30.58301887;8.620259939;;72;38.87314815;29;6;18.62745098;22.54901961;33.333333329999995;12.74509804;3.92156863;8.82352941
2023-06;National;MARSEILLE ST CHARLES;MARNE LA VALLEE;210;283;0;;44;16.79848485;2.361542992;;60;38.21694444;11.03333333;;60;38.21694444;29;5;15.0;15.0;28.33333333;13.33333333;15.0;13.33333333
2023-06;National;PARIS LYON;PERPIGNAN;307;224;2;;72;21.05856482;5.849099099;;39;56.57820513;11.04872372;;39;56.57820512799999;26;12;10.25641026;12.82051282;25.64102564;46.15384615000001;0.0;5.12820513
2023-06;National;POITIERS;PARIS MONTPARNASSE;99;480;2;;194;11.1943299;4.37557652;;102;31.43104575;7.356813417;;50;54.153;20;12;7.92079208;42.57425743;21.78217822;15.84158416;4.950495050000001;6.93069307
2023-06;International;PARIS LYON;GENEVE;196;232;2;;55;21.78818182;5.086811594;;28;47.51845238;6.400072464;;28;47.51845238100001;15;6;18.51851852;18.51851852;18.51851852;29.62962963;11.11111111;3.7037037
2023-06;National;LAVAL;PARIS MONTPARNASSE;82;288;0;;100;16.71216667;5.705497685;;61;32.91612022;6.792766204;;30;55.72277778;14;7;16.94915254;33.89830508;16.94915254;20.33898305;5.08474576;6.77966102
2023-06;National;METZ;PARIS EST;87;287;1;;95;9.625964912;3.243123543;;64;24.04348958;6.395629371;;34;36.5;17;4;7.936507939999999;7.936507939999999;49.20634921;22.222222220000003;6.34920635;6.34920635
2023-06;National;ST MALO;PARIS MONTPARNASSE;153;94;0;;4;6.9375;0.1882246376999999;;8;52.02083333;5.921376811599999;;7;57.59761905;2;1;12.5;75.0;12.5;0.0;0.0;0.0
2023-06;National;REIMS;PARIS EST;46;242;0;;53;8.068553459;1.846831956;;31;19.72204301;3.056267218;;12;34.35277778;6;1;26.92307692;19.23076923;11.53846154;19.23076923;19.23076923;3.84615385
2023-06;International;GENEVE;PARIS LYON;193;229;2;;163;4.183742331;3.177606461;;30;37.90277778;7.731424376;;30;37.90277778;10;5;23.33333333;23.33333333;33.333333329999995;13.33333333;6.666666670000001;0.0
2023-06;International;PARIS LYON;LAUSANNE;233;122;1;;21;19.88492064;3.373829201;;15;41.02333333;6.024380165;;15;41.02333333;7;2;13.33333333;20.0;13.33333333;13.33333333;26.66666667;13.33333333
2023-06;National;BELLEGARDE (AIN);PARIS LYON;161;237;2;;136;6.348651961;3.710070922;;48;30.367708333000003;8.164893617;;33;38.53686869;11;6;18.75;18.75;50.0;8.33333333;4.16666667;0.0
2023-06;National;BORDEAUX ST JEAN;PARIS MONTPARNASSE;141;1052;0;;421;14.37011085;5.664670469;;176;49.21297349;9.589559569;;136;59.94215686;78;36;18.75;31.818181820000003;15.340909089999998;17.61363636;6.25;10.22727273
2023-06;National;PARIS EST;STRASBOURG;111;541;1;;105;13.41015873;2.640061728;;68;23.4375;3.413580247;;48;27.91006944;13;1;8.82352941;11.76470588;14.70588235;38.23529412;14.70588235;11.76470588
2023-06;International;PARIS LYON;ZURICH;245;142;2;;33;10.79747475;2.431428571;;19;30.95;5.968214286;;19;30.95;8;1;5.555555560000001;16.666666669999998;16.666666669999998;33.333333329999995;16.666666669999998;11.11111111
2023-06;National;BREST;PARIS MONTPARNASSE;228;280;0;;13;27.09615385;1.262544803;;26;61.85320513;7.220310633;;26;61.85320513;12;8;7.69230769;34.61538462;3.84615385;30.76923077;15.38461538;7.69230769
2023-06;National;PARIS LYON;NICE VILLE;346;254;2;;59;18.56299435;2.965674603;;56;36.50178571;8.883134921;;56;36.50178571;21;9;16.07142857;25.0;33.92857143;17.85714286;5.357142860000001;1.78571429
2023-06;National;PARIS MONTPARNASSE;ANGOULEME;126;297;1;;44;38.68106061;5.362894144;;37;53.33828829;8.277759009;;29;64.30574713;18;8;11.11111111;16.666666669999998;8.33333333;36.11111111;16.666666669999998;11.11111111
2023-06;National;TOULOUSE MATABIAU;PARIS MONTPARNASSE;273;215;0;;24;28.73055556;3.1812403101000006;;36;76.68888889;14.82426357;;36;76.68888889;24;10;13.88888889;33.333333329999995;8.33333333;19.44444444;8.33333333;16.666666669999998
2023-06;National;ANGOULEME;PARIS MONTPARNASSE;126;312;0;;170;7.228823529;4.040186404;;54;47.23641975;6.406359649;;43;55.96899225;19;7;9.25925926;33.333333329999995;25.92592593;14.814814809999998;0.0;16.666666669999998
2023-06;National;PARIS EST;REIMS;45;242;0;;41;9.479268293;1.650688705;;28;24.725;3.420247934;;17;33.13823529;6;1;21.42857143;14.28571429;17.85714286;25.0;17.85714286;3.57142857
2023-06;International;ZURICH;PARIS LYON;244;172;1;;60;1.475277778;0.998333333;;14;33.79404762;4.645784314;;14;33.79404762;4;1;23.07692308;15.38461538;30.76923077;30.76923077;0.0;0.0
2023-06;National;LE MANS;PARIS MONTPARNASSE;59;460;0;;178;12.55599251;4.875615942;;92;27.65380435;5.647463768;;45;46.07037037;21;8;20.93023256;24.41860465;17.44186047;9.302325580000002;10.46511628;17.44186047
2023-06;National;TOURCOING;BORDEAUX ST JEAN;305;30;0;;0;0.0;-0.004597701;;2;0.0;1.1178160920000002;;2;100.025;2;2;0.0;0.0;0.0;100.0;0.0;0.0
2023-06;National;PARIS NORD;DOUAI;70;136;0;;18;20.31759259;2.378308824;;30;34.29722222;8.969730392;;14;61.84047619;10;5;17.85714286;21.42857143;17.85714286;28.57142857;10.71428571;3.57142857
2023-06;National;LILLE;LYON PART DIEU;181;371;2;;161;9.212008282;3.7778482402758806;;64;33.60584552213044;6.824824625618428;;41;45.09430894353658;26;4;4.764344265;15.85553279;20.645491803437498;34.938524589687496;12.704918034375002;11.091188520937498
2023-06;National;NANTES;PARIS MONTPARNASSE;133;622;2;;142;12.82946009;2.628333333;;78;41.10299145;5.91844086;;62;48.19892473;30;12;21.79487179;19.23076923;23.07692308;14.1025641;12.82051282;8.97435897
2023-06;National;PARIS MONTPARNASSE;LA ROCHELLE VILLE;178;224;3;;38;34.52587719;5.602036199;;22;71.70454546;7.963800904999999;;19;80.92105263;13;8;4.5454545500000005;13.63636364;22.72727273;31.818181820000003;18.18181818;9.09090909
2023-06;National;LYON PART DIEU;MARNE LA VALLEE;107;352;0;;269;12.71301115;9.78030303;;114;29.66871345;11.5125947;;79;37.03924051;35;8;12.28070175;14.9122807;35.96491228;17.543859649999998;7.894736839999999;11.40350877
2023-06;International;FRANCFORT;PARIS EST;231;150;1;;82;4.095934959;2.332438479;;19;29.304385965000005;7.434004474299999;;19;29.304385965000005;7;0;10.52631579;0.0;84.21052632;5.26315789;0.0;0.0
2023-06;National;MARNE LA VALLEE;LYON PART DIEU;106;400;2;;225;11.44562963;6.304690117299999;;66;33.14520202;6.47139866;;42;44.53055556;26;4;4.61538462;15.38461538;21.53846154;33.84615385;13.84615385;10.76923077
2023-06;National;PARIS MONTPARNASSE;NANTES;131;602;1;;89;30.00861423;4.114337216;;65;60.66641026;7.326844148599999;;49;76.26972789;23;11;13.84615385;24.61538462;16.92307692;20.0;21.53846154;3.07692308
2023-06;National;PARIS NORD;ARRAS;48;509;8;;60;30.86888889;3.451397206;;64;38.6640625;6.202927478;;37;59.15675676;21;16;10.16949153;16.94915254;25.42372881;25.42372881;18.6440678;3.38983051
2023-06;National;PARIS LYON;ANNECY;233;150;1;;38;25.94517544;6.375055928;;34;52.51470588;13.70469799;;34;52.51470588;19;13;23.52941176;20.58823529;17.64705882;26.47058824;11.76470588;0.0
2023-06;National;PARIS LYON;TOULON;238;310;0;;70;17.7202381;3.848225807;;47;45.78297872;7.508010752699999;;47;45.78297872;25;9;14.89361702;19.14893617;23.40425532;23.40425532;10.63829787;8.5106383
2023-06;International;PARIS EST;FRANCFORT;228;162;1;;37;16.73378378;3.473602485;;27;38.78827161;10.79699793;;27;38.78827161;13;3;11.11111111;3.7037037;55.55555556;14.814814809999998;14.814814809999998;0.0
2023-06;National;ANGERS SAINT LAUD;PARIS MONTPARNASSE;95;543;1;;253;9.528326746;4.5482748;;83;33.64196787;5.768422674;;51;47.99444444;24;9;24.09638554;19.27710843;26.5060241;12.04819277;8.433734939999999;9.63855422
2023-06;National;PARIS LYON;NIMES;183;198;3;;63;20.71772487;5.844957265;;47;37.77375887;11.83230769;;47;37.77375887;23;6;10.63829787;10.63829787;8.5106383;51.06382979000001;12.765957450000002;6.3829787200000005
2023-06;National;PARIS LYON;SAINT ETIENNE CHATEAUCREUX;173;112;3;;30;14.00166667;3.763608563;;20;34.21416667;8.39648318;;11;51.56515152;5;3;20.0;20.0;30.0;10.0;10.0;10.0
2023-06;National;PARIS MONTPARNASSE;VANNES;159;265;1;;69;31.671739129999995;7.140530303;;46;55.54347826;10.62121212;;38;64.42105263;25;10;13.04347826;15.2173913;6.521739129999999;39.13043478;21.73913043;4.34782609
2023-06;National;PARIS NORD;DUNKERQUE;128;193;4;;21;25.2952381;2.55282187;;27;40.62962963;5.693121693;;21;48.52380952;10;7;18.51851852;18.51851852;14.814814809999998;29.62962963;14.814814809999998;3.7037037
2023-06;National;RENNES;PARIS MONTPARNASSE;101;798;1;;365;10.23237443;4.725953878;;120;41.55694444;6.92067086;;78;57.18333333300001;36;20;12.06896552;37.06896552;18.10344828;16.37931034;10.34482759;6.03448276
2023-06;National;AIX EN PROVENCE TGV;PARIS LYON;185;459;0;;347;7.101200769;5.439288308;;75;46.49422222;10.08736383;;75;46.49422222;34;15;12.0;22.66666667;30.66666667;18.66666667;6.666666670000001;9.33333333
2023-06;National;BESANCON FRANCHE COMTE TGV;PARIS LYON;131;167;1;;39;6.623931624;1.359839357;;13;42.33205128;4.210943775;;9;54.87777778;5;4;30.76923077;7.69230769;23.07692308;38.46153846;0.0;0.0
2023-06;National;MONTPELLIER;LYON PART DIEU;116;209;2;;89;7.623408239700001;3.306521739;;78;29.22200855;12.704750402999998;;59;34.13502825;19;4;11.53846154;26.92307692;38.46153846;5.12820513;8.97435897;8.97435897
2023-06;National;PARIS NORD;LILLE;66;642;9;;79;32.15021097054431;3.5902843601726704;;82;40.57669061474683;5.742575039;;45;69.03148148133333;32;18;12.473867594634145;21.289198607560976;21.080139376585365;18.98954703707317;12.543554008292684;13.623693380365854
2023-06;National;QUIMPER;PARIS MONTPARNASSE;234;262;0;;19;12.30614035;0.899294872;;32;51.62395833;7.506730769;;32;51.62395833;17;7;12.5;37.5;6.25;21.875;12.5;9.375
2023-06;National;TOULON;PARIS LYON;240;304;0;;164;12.500914634000004;6.797039474;;77;44.69090909;13.59555921;;77;44.69090909;35;14;22.07792208;25.97402597;29.87012987;11.68831169;5.19480519;5.19480519
2023-06;National;MARSEILLE ST CHARLES;LILLE;284;201;0;;28;12.28690476207143;1.4923714759701492;;49;35.18929264;10.222968491202986;;49;33.18809523785714;20;2;12.244897957346938;12.244897957551022;24.489795919795924;20.40816326224489;8.16326531;22.448979593061225
2023-06;National;NANCY;PARIS EST;95;272;0;;58;6.120402299;1.397916667;;29;30.35747126;3.490379902;;19;39.95087719;10;4;10.714285710000002;21.428571430000005;10.714285710000002;25.0;10.714285710000002;21.428571430000005
2023-06;National;PARIS LYON;BELLEGARDE (AIN);164;236;2;;57;21.81081871;5.195726496;;50;36.51633333;9.426495727;;36;45.3875;19;9;12.0;16.0;16.0;30.0;16.0;10.0
2023-06;National;PARIS LYON;BESANCON FRANCHE COMTE TGV;131;160;1;;27;21.32345679;3.582809224;;13;39.25384615;4.512578616;;9;50.96111111;3;2;23.07692308;0.0;7.69230769;38.46153846;23.07692308;7.69230769
2023-06;National;PARIS MONTPARNASSE;POITIERS;96;585;3;;94;28.78297872;3.932588774;;77;45.18982684;6.451804124;;49;64.17517007;26;12;5.26315789;14.473684210000002;21.05263158;43.42105263;10.52631579;5.26315789
2023-06;National;ST PIERRE DES CORPS;PARIS MONTPARNASSE;65;530;3;;233;11.34778255;5.174366286;;99;37.75336700300001;7.431495564;;45;71.10407407;25;15;8.42105263;25.26315789;23.15789474;18.947368420000004;6.31578947;17.89473684
2023-06;National;AVIGNON TGV;PARIS LYON;163;471;0;;333;8.684684685;6.171196037;;108;36.72484568;10.43209483;;79;45.25337553;39;14;13.88888889;20.37037037;33.333333329999995;17.59259259;5.55555556;9.25925926
2023-06;National;LA ROCHELLE VILLE;PARIS MONTPARNASSE;172;215;2;;23;34.34782609;3.728066038;;34;52.95098039;9.828852201;;25;67.05733333;14;8;8.82352941;41.17647059;14.70588235;23.52941176;2.94117647;8.82352941
2023-06;National;PARIS LYON;CHAMBERY CHALLES LES EAUX;176;265;25;;69;25.88792271;6.649652778;;81;40.99670782;15.66458333;;58;52.06752874;30;15;31.16883117;7.79220779;32.46753247;22.07792208;6.493506490000001;0.0
2023-06;National;PARIS LYON;MULHOUSE VILLE;172;310;0;;71;16.56197183;3.733548387;;35;29.94714286;4.202741936;;25;36.75333333;7;3;8.57142857;11.428571430000002;2.8571428600000006;31.42857143;31.42857143;14.28571429
2023-07;International;BARCELONA;PARIS LYON;408;86;0;;49;7.357142857;4.156976744;;19;49.81929825;13.592635659000004;;19;49.81929825;9;4;31.57894737;10.52631579;26.31578947;10.52631579;5.26315789;15.78947368
2023-07;National;MARSEILLE ST CHARLES;PARIS LYON;195;572;0;;158;13.8228903;3.656414763;;86;45.02945736;8.318863503;;86;45.02945736;37;13;13.95348837;17.44186047;22.09302326;13.95348837;20.93023256;11.62790698
2023-07;International;ZURICH;PARIS LYON;248;154;1;;33;1.688383838;0.8429359823000001;;12;53.41388889;4.807836645;;12;53.41388889;7;2;33.333333329999995;16.666666669999998;50.0;0.0;0.0;0.0
2023-07;National;PARIS MONTPARNASSE;TOULOUSE MATABIAU;268;213;0;;44;25.37462121;4.327777778;;31;81.97688172;11.89671362;;31;81.97688172;20;10;22.58064516;32.258064520000005;6.451612900000001;22.58064516;6.451612900000001;9.67741935
2023-07;National;BORDEAUX ST JEAN;PARIS MONTPARNASSE;141;1006;0;;414;13.769524960000002;5.573144467;;164;48.78648374;9.041070245;;124;60.36142473;78;34;19.51219512;29.87804878;11.58536585;21.34146341;6.70731707;10.97560976
2023-07;National;PARIS LYON;CHAMBERY CHALLES LES EAUX;170;235;2;;41;23.54186992;3.876537911;;46;40.87644928;9.07360515;;41;44.29674797;24;8;8.695652169999999;19.56521739;17.39130435;36.95652174;13.04347826;4.34782609
2023-07;National;PARIS NORD;DUNKERQUE;128;171;2;;19;28.79035088;2.962130178;;19;32.15789474;3.1479289941000004;;16;35.6875;8;2;31.57894737;5.26315789;15.78947368;26.31578947;5.26315789;15.78947368
2023-07;International;FRANCFORT;PARIS EST;232;175;3;;94;4.068085106;2.311598441;;31;39.04032258;10.1754386;;31;39.04032258;11;5;3.2258064500000003;3.2258064500000003;61.29032258;22.58064516;0.0;9.67741935
2023-07;National;PARIS MONTPARNASSE;POITIERS;95;577;0;;119;26.77661064;4.925823224;;90;52.76222222;8.438214905;;54;80.02962963;38;21;7.77777778;22.22222222;5.55555556;33.333333329999995;23.33333333;7.77777778
2023-07;National;QUIMPER;PARIS MONTPARNASSE;240;283;0;;23;19.7826087;1.621767497;;32;55.41822916699999;6.533689205;;32;55.41822917;21;12;31.25;34.375;3.125;9.375;12.5;9.375
2023-07;National;MONTPELLIER;LYON PART DIEU;116;221;0;;68;11.29485294;3.504318182;;66;30.91742424;10.96007576;;44;39.83901515;17;5;7.8125;12.5;45.3125;14.0625;9.375;10.9375
2023-07;National;PARIS LYON;LE CREUSOT MONTCEAU MONTCHANIN;77;201;0;;28;11.558333332999998;1.110779436;;30;17.24555556;3.143781095;;14;25.26428571;2;0;3.33333333;23.33333333;16.666666669999998;40.0;10.0;6.666666670000001
2023-07;National;PARIS LYON;MARSEILLE ST CHARLES;196;556;0;;103;18.81343042;3.070953237;;84;38.96170635;8.169064748;;84;38.96170635;39;12;7.14285714;21.42857143;16.666666669999998;29.76190476;11.9047619;13.0952381
2023-07;National;PARIS LYON;GRENOBLE;179;171;0;;19;29.56403509;3.1370370370000003;;23;39.26086957;5.538011696;;21;41.85714286;14;3;8.695652169999999;26.08695652;4.34782609;52.17391304;8.695652169999999;0.0
2023-07;National;PARIS LYON;PERPIGNAN;307;322;0;;79;17.67974684;4.174171843;;60;43.45805556;10.22593168;;60;43.45805556;37;14;18.33333333;20.0;20.0;31.66666667;6.666666670000001;3.33333333
2023-07;National;MULHOUSE VILLE;PARIS LYON;169;324;3;;145;7.324137931;3.3434579439000003;;34;40.55686275;5.301973001;;25;50.57933333;13;6;32.35294118;17.64705882;26.47058824;14.70588235;5.88235294;2.94117647
2023-07;International;PARIS LYON;LAUSANNE;231;139;2;;11;23.83939394;0.839902676;;9;29.83888889;2.785644769;;9;29.83888889;5;0;33.333333329999995;22.222222220000003;11.11111111;22.222222220000003;11.11111111;0.0
2023-07;National;STRASBOURG;PARIS EST;116;553;2;;326;13.4006135;7.999241044299999;;149;30.24720358;10.14772313;;104;37.49294872;49;13;5.40540541;8.10810811;45.270270270000005;18.24324324;10.81081081;12.16216216
2023-07;National;STRASBOURG;NANTES;335;62;0;;16;8.15625;2.111827957;;9;57.49444444;9.080376344;;9;57.49444444;5;2;44.444444440000005;22.222222220000003;22.222222220000003;11.11111111;0.0;0.0
2023-07;National;TOULOUSE MATABIAU;PARIS MONTPARNASSE;270;206;0;;24;29.93958333;3.457154472;;35;71.94285714;13.824146341000002;;35;71.94285714;26;14;31.42857143;28.57142857;8.57142857;17.14285714;5.71428571;8.57142857
2023-07;National;PARIS MONTPARNASSE;LA ROCHELLE VILLE;181;223;0;;45;28.11148148;5.270179372;;31;67.25806452;10.230941703999996;;28;73.28571429;15;10;6.451612900000001;12.90322581;19.35483871;38.70967742;12.90322581;9.67741935
2023-07;National;PARIS MONTPARNASSE;LAVAL;85;336;1;;49;32.66292517;4.371741294;;50;41.71833333;6.138109453;;30;62.72333333;18;10;15.2173913;10.86956522;10.86956522;36.95652174;15.2173913;10.86956522
2023-07;National;PARIS MONTPARNASSE;NANTES;136;569;2;;116;27.63218391;5.33744856;;100;71.953;12.78171664;;80;86.56270833;57;35;24.0;27.0;13.0;23.0;7.000000000000001;6.0
2023-07;National;POITIERS;PARIS MONTPARNASSE;98;455;0;;208;8.305288462;3.602527473;;82;25.98536585;4.817728938;;35;47.72380952;15;9;9.75609756;25.6097561;21.95121951;8.53658537;6.097560979999999;28.04878049
2023-07;National;TOURS;PARIS MONTPARNASSE;78;136;1;;13;20.78205128;1.985308642;;13;43.62948718;4.639012346;;7;73.54523809499999;4;3;0.0;53.84615385;30.76923077;0.0;0.0;15.38461538
2023-07;National;VANNES;PARIS MONTPARNASSE;170;298;0;;153;8.683660131;4.5848434;;43;45.35348837;6.663478747;;34;53.91127451;22;12;25.58139535;25.58139535;13.95348837;11.62790698;11.62790698;11.62790698
2023-07;International;PARIS EST;STUTTGART;189;141;5;;28;30.97142857;4.097181373;;24;40.49791666699999;11.41801471;;24;40.49791667;13;4;8.33333333;8.33333333;41.666666670000005;33.333333329999995;8.33333333;0.0
2023-07;National;DUNKERQUE;PARIS NORD;130;157;0;;5;11.0;0.35483871;;15;30.614444444000004;4.193870968;;12;34.83472222;4;2;0.0;33.333333329999995;6.666666670000001;46.66666667;0.0;13.33333333
2023-07;National;PARIS LYON;DIJON VILLE;96;412;3;;51;17.44183007;2.036878566;;39;32.00683761;3.192379788;;31;36.68709677399999;13;4;10.25641026;20.51282051;10.25641026;46.15384615000001;12.82051282;0.0
2023-07;National;PARIS MONTPARNASSE;BORDEAUX ST JEAN;143;961;0;;207;23.2752818;4.629205689;;147;56.94795918;9.477055151;;119;67.32829132;65;38;7.4829932;23.80952381;8.84353741;27.21088435;21.08843537;11.564625850000002
2023-07;National;PARIS NORD;LILLE;66;590;2;;52;16.099999999923078;1.0096371882163266;;64;21.53059793;2.6441326530775515;;30;34.64111111;15;3;14.0625;14.0625;20.31249999703125;15.625;20.3125;15.624999999843752
2023-07;National;RENNES;PARIS MONTPARNASSE;105;795;0;;335;8.99278607;3.814312736;;90;47.93277778;5.510949979;;70;57.77071429;47;25;20.0;28.88888889;11.11111111;18.88888889;10.0;11.11111111
2023-07;International;PARIS LYON;BARCELONA;397;86;0;;28;14.20833333;4.457751938;;23;52.91304348;17.73255814;;23;52.913043478000006;14;5;26.08695652;8.695652169999999;30.43478261;26.08695652;4.34782609;4.34782609
2023-07;National;BORDEAUX ST JEAN;TOURCOING;337;29;0;;11;25.14242424;9.317241379;;4;38.75;2.724137931;;4;38.75;2;0;0.0;25.0;0.0;0.0;75.0;0.0
2023-07;National;PARIS EST;NANCY;97;279;0;;50;22.147;4.02353644;;32;40.42864583;5.28213859;;25;47.98066666700001;13;7;0.0;9.375;34.375;37.5;9.375;9.375
2023-07;National;PARIS LYON;BESANCON FRANCHE COMTE TGV;130;157;2;;21;22.1952381;2.862580645;;19;30.19385965;4.385698925;;15;34.56222222200001;6;2;0.0;15.78947368;15.78947368;52.631578950000005;15.78947368;0.0
2023-07;National;PARIS MONTPARNASSE;ST PIERRE DES CORPS;65;431;0;;75;31.10888889;5.057308585;;64;57.0515625;8.561407579;;44;78.22007576;27;14;8.064516130000001;25.80645161;4.83870968;35.48387097;14.51612903;11.290322580000002
2023-07;National;LAVAL;PARIS MONTPARNASSE;87;307;0;;87;13.030268199000002;3.561147541;;31;52.11612903200001;4.655191257;;21;72.53968254;15;11;13.33333333;26.66666667;13.33333333;26.66666667;13.33333333;6.666666670000001
2023-07;National;TOULON;PARIS LYON;239;360;0;;205;12.623170731999998;7.223657407400001;;66;52.13636364;11.54550926;;66;52.13636364;27;11;18.18181818;16.666666669999998;24.24242424;12.12121212;22.72727273;6.06060606
2023-07;National;ANGERS SAINT LAUD;PARIS MONTPARNASSE;97;527;1;;261;14.47241379;7.308509277;;108;44.50740741;8.662987844;;77;58.08484849;53;22;20.95238095;27.61904762;23.80952381;12.38095238;10.47619048;4.761904759999999
2023-07;National;ANNECY;PARIS LYON;224;130;0;;8;36.0;2.215384615;;20;45.42083333;9.178846154;;20;45.42083333;10;3;25.0;35.0;20.0;10.0;10.0;0.0
2023-07;National;BREST;PARIS MONTPARNASSE;238;273;0;;19;22.58947368;1.577941177;;22;64.39924242;5.439705882;;22;64.39924242;14;7;18.18181818;45.45454545;0.0;27.27272727;4.5454545500000005;4.5454545500000005
2023-07;National;PARIS LYON;NICE VILLE;343;306;0;;58;21.32270115;3.777178649200001;;69;45.42681159;11.22401961;;69;45.42681159;39;13;21.73913043;17.39130435;18.84057971;21.73913043;11.5942029;8.695652169999999
2023-07;National;PARIS NORD;ARRAS;48;475;1;;44;20.36439394;1.621589311;;40;24.292500000000004;3.148206751;;20;38.67833333;9;5;0.0;7.5;35.0;15.0;17.5;25.0
2023-07;International;PARIS LYON;GENEVE;197;225;2;;36;22.09722222;3.404783259;;19;46.14210526;5.429970105;;19;46.14210526;11;5;5.26315789;21.05263158;0.0;31.57894737;31.57894737;10.52631579
2023-07;International;PARIS LYON;ZURICH;248;133;2;;25;13.356666667000002;2.461832061;;32;35.99114583;10.70788804;;32;35.99114583;15;3;12.90322581;19.35483871;29.03225806;19.35483871;12.90322581;6.451612900000001
2023-07;National;LA ROCHELLE VILLE;PARIS MONTPARNASSE;173;215;0;;19;13.36842105;1.183178295;;25;36.616;4.949844961;;19;44.24122807;8;4;20.0;28.000000000000004;20.0;12.0;8.0;12.0
2023-07;International;GENEVE;PARIS LYON;193;226;4;;158;4.918565401;3.687012012;;18;42.54907407;5.337537538;;18;42.54907407;9;4;0.0;22.222222220000003;27.77777778;22.222222220000003;22.222222220000003;5.55555556
2023-07;National;LYON PART DIEU;LILLE;186;360;1;;300;13.968333333071666;11.719684307986071;;128;32.02755509673334;13.38240483;;111;35.06741742;41;11;10.15625;14.062499995546876;26.562499997656253;28.906249995468748;7.031250001015625;13.28125000296875
2023-07;National;LYON PART DIEU;MARSEILLE ST CHARLES;108;543;0;;343;12.20884354;7.840221402199999;;137;33.2729927;9.811900369;;109;38.44602447;54;14;17.03703704;16.296296299999998;23.7037037;25.18518519;8.88888889;8.88888889
2023-07;National;LYON PART DIEU;MONTPELLIER;117;247;1;;160;13.713645832999998;8.933197832;;58;47.89942529;11.86781843;;52;51.90512821;24;14;22.4137931;36.20689655;27.5862069;6.896551720000001;1.7241379300000002;5.172413790000001
2023-07;National;MARNE LA VALLEE;MARSEILLE ST CHARLES;213;282;0;;155;12.21935484;6.810165485;;59;40.31327684;9.885992908;;59;40.31327684;34;8;8.47457627;20.33898305;20.33898305;30.50847458;10.16949153;10.16949153
2023-07;National;MARSEILLE ST CHARLES;TOURCOING;288;31;0;;11;23.17424242;8.037096774;;5;41.4;6.838709677;;5;41.4;3;1;0.0;0.0;0.0;0.0;80.0;20.0
2023-07;National;PARIS MONTPARNASSE;ANGERS SAINT LAUD;96;526;2;;106;26.99764151;5.076717557;;103;53.61213592200001;11.00919211;;65;78.37512821;43;25;14.43298969;19.58762887;17.5257732;27.83505155;11.340206189999998;9.278350519999998
2023-07;National;ANGOULEME;PARIS MONTPARNASSE;126;299;0;;184;9.565942029;5.980887372;;51;47.92973856;7.704493743;;36;62.66851852;22;10;23.52941176;19.60784314;13.7254902;17.64705882;5.88235294;19.60784314
2023-07;National;PARIS LYON;LYON PART DIEU;119;617;0;;84;13.48452381;1.638627769;;53;28.33113208;2.187520259;;35;35.79285714;16;5;5.66037736;26.41509434;15.09433962;28.30188679;18.86792453;5.66037736
2023-07;National;PARIS LYON;MONTPELLIER;214;250;2;;59;16.99858757;3.839112903;;50;40.42233333;9.716061828;;50;40.42233333;31;7;20.0;38.0;12.0;26.0;4.0;0.0
2023-07;National;PARIS MONTPARNASSE;LE MANS;69;496;25;;83;28.17349398;4.224097665;;60;49.16333333;6.093382873;;36;75.21527778;22;17;8.77192982;21.05263158;7.01754386;52.631578950000005;7.01754386;3.50877193
2023-07;National;VALENCE ALIXAN TGV;PARIS LYON;133;475;0;;342;13.57651072;9.822890295;;113;35.67787611;9.655590717;;85;42.94470588;38;14;17.69911504;16.814159289999996;21.23893805;26.54867257;6.19469027;11.50442478
2023-07;International;PARIS EST;FRANCFORT;229;176;4;;25;16.784;2.452810078;;34;43.21421568600001;12.142829456999998;;34;43.21421569;17;7;12.90322581;6.451612900000001;48.38709677000001;16.129032260000002;12.90322581;3.2258064500000003
2023-07;National;AVIGNON TGV;PARIS LYON;162;529;0;;359;11.00803157;7.487114052;;109;34.17431193;8.740800252;;75;43.99933333;34;10;9.25925926;11.11111111;36.11111111;15.74074074;17.59259259;10.18518519
2023-07;National;CHAMBERY CHALLES LES EAUX;PARIS LYON;174;233;0;;156;14.855448718000002;9.85286123;;60;41.56027778;12.65128755;;48;48.65034722;29;9;30.0;23.33333333;20.0;16.666666669999998;8.33333333;1.66666667
2023-07;National;LE CREUSOT MONTCEAU MONTCHANIN;PARIS LYON;78;215;0;;100;6.976333333;3.22751938;;36;13.95046296;3.116434109;;8;27.23958333;3;0;2.77777778;8.33333333;25.0;16.666666669999998;19.44444444;27.77777778
2023-07;National;SAINT ETIENNE CHATEAUCREUX;PARIS LYON;169;119;0;;20;6.339166667;1.336494253;;12;27.548611111000003;3.535201149;;5;47.5;2;2;8.33333333;16.666666669999998;33.333333329999995;41.666666670000005;0.0;0.0
2023-07;International;PARIS LYON;ITALIE;423;95;0;;17;24.82058824;4.26122807;;24;68.5625;16.44210526;;24;68.5625;17;9;4.34782609;17.39130435;8.695652169999999;56.52173913;8.695652169999999;4.34782609
2023-07;National;NIMES;PARIS LYON;181;251;0;;148;10.52477478;6.326680108;;57;43.72309942;10.81317204;;55;44.7530303;25;11;21.05263158;19.29824561;28.07017544;17.543859649999998;3.50877193;10.52631579
2023-07;National;PARIS MONTPARNASSE;TOURS;77;138;0;;23;37.11231884;5.865942029;;23;61.87101449;10.69541063;;15;89.05333333;12;5;4.34782609;30.43478261;8.695652169999999;30.43478261;17.39130435;8.695652169999999
2023-07;National;PARIS EST;METZ;85;262;0;;44;25.4375;4.306997456;;42;36.99365079;6.863867685;;25;55.61666667;14;8;0.0;4.76190476;28.57142857;38.0952381;16.666666669999998;11.9047619
2023-07;National;PARIS LYON;TOULON;233;362;0;;71;22.51197183;4.162062615;;66;44.40883838;8.524631676;;66;44.40883838;36;17;7.69230769;21.53846154;18.46153846;23.07692308;20.0;9.23076923
2023-07;National;PERPIGNAN;PARIS LYON;309;310;0;;49;12.11666667;1.702956989;;53;38.74748428;8.621827957;;53;38.74748428;21;6;28.30188679;13.20754717;24.52830189;16.98113208;5.66037736;11.32075472
2023-07;National;REIMS;PARIS EST;46;208;0;;35;11.68809524;2.041746795;;12;39.76388889;3.447996795;;8;54.275;6;3;33.333333329999995;16.666666669999998;33.333333329999995;16.666666669999998;0.0;0.0
2023-07;National;PARIS LYON;MACON LOCHE;92;250;1;;41;21.73130081;3.112382865;;42;32.59960318;7.271619813;;34;37.54117647;16;4;4.76190476;23.80952381;7.14285714;35.71428571;19.04761905;9.52380952
2023-07;National;PARIS MONTPARNASSE;BREST;240;280;1;;46;28.80507246;4.363381123;;27;66.55555556;6.840501792;;27;66.55555556;15;10;18.51851852;22.22222222;3.7037037;37.03703704;11.11111111;7.407407409999999
2023-07;National;LILLE;MARSEILLE ST CHARLES;296;250;0;;74;13.165540540243242;3.8298;;53;37.85962989997298;9.283933334;;53;37.76352201235849;29;6;9.433962263584906;18.867924529056605;20.754716978679244;28.301886793962268;11.320754716415095;11.320754718301886
2023-07;National;PARIS EST;REIMS;46;204;0;;25;23.28933333;2.9423202614000004;;25;27.036000000000005;4.152696078;;10;54.62833333;6;3;4.54545455;0.0;40.90909091;36.36363636;18.18181818;0.0
2023-07;National;MARSEILLE ST CHARLES;LILLE;285;227;1;;51;17.755555555313723;3.855014749266372;;75;37.74578431339216;14.350737463216817;;75;37.62733333;29;9;12.0;16.0;18.66666667;20.0;12.0;21.33333333
2023-07;National;PARIS MONTPARNASSE;RENNES;106;804;0;;137;29.49781022;4.646932007;;85;61.02019608;6.219092039799999;;69;72.2294686;45;26;14.11764706;17.64705882;8.23529412;34.11764706;18.82352941;7.05882353
2023-07;National;LE MANS;PARIS MONTPARNASSE;69;470;1;;194;15.06778351;6.494962963;;95;37.58684211;7.55662963;;54;58.15308642;42;17;17.20430108;23.65591398;22.580645160000003;11.82795699;9.67741935;15.05376344
2023-07;International;ITALIE;PARIS LYON;431;95;0;;83;20.98293173;18.40614035;;28;50.95714286;18.18666667;;28;50.95714286;19;6;25.0;25.0;28.57142857;17.85714286;3.57142857;0.0
2023-07;National;AIX EN PROVENCE TGV;PARIS LYON;185;468;0;;340;9.270833333;6.818981482;;69;38.44927536;7.664280627;;69;38.44927536;30;10;11.5942029;11.5942029;28.98550725;15.94202899;20.28985507;11.5942029
2023-07;National;DIJON VILLE;PARIS LYON;98;406;4;;164;9.523678862;3.982541667;;36;41.45648148;4.703916667;;29;48.56321839100001;14;9;25.0;22.222222220000003;33.333333329999995;11.11111111;8.33333333;0.0
2023-07;National;LYON PART DIEU;PARIS LYON;119;624;0;;309;6.599029126;3.3878739316000006;;57;26.57807018;3.730288462;;32;36.8828125;14;5;3.50877193;15.78947368;26.31578947;29.8245614;8.771929819999999;15.78947368
2023-07;National;MARSEILLE ST CHARLES;MARNE LA VALLEE;210;302;0;;71;18.86995305;4.264735099;;77;42.46341991;12.99216336;;77;42.46341991;28;11;10.38961039;12.987012989999998;22.07792208;15.58441558;19.48051948;19.48051948
2023-07;National;NANTES;STRASBOURG;314;62;0;;11;12.00757576;1.950268817;;5;82.88666667;7.761021505;;5;82.88666667;5;5;50.0;25.0;0.0;25.0;0.0;0.0
2023-07;National;PARIS EST;STRASBOURG;114;586;1;;91;24.03315018;3.744586895;;67;42.59228856;5.35988604;;54;49.62222222;28;16;11.94029851;14.92537313;22.3880597;32.8358209;5.97014925;11.94029851
2023-07;National;ST MALO;PARIS MONTPARNASSE;159;120;0;;10;4.401666667;0.250833333;;8;59.05;4.736527778;;8;59.05;5;3;37.5;37.5;0.0;25.0;0.0;0.0
2023-07;National;MONTPELLIER;PARIS LYON;210;252;0;;109;9.376146789;4.091866667;;56;44.92559524;11.34433333;;56;44.92559523799999;26;11;21.42857143;21.42857143;25.0;17.85714286;3.57142857;10.71428571
2023-07;National;PARIS MONTPARNASSE;ST MALO;160;114;0;;20;24.12;3.830555556;;15;44.23888889;6.794298246;;14;46.34761905;6;3;6.666666670000001;26.66666667;0.0;20.0;40.0;6.666666670000001
2023-07;National;PARIS LYON;AIX EN PROVENCE TGV;183;487;0;;86;21.01027132;3.230047912;;75;36.88066667;7.438158795;;74;37.20630631;32;10;8.0;17.333333330000002;16.0;36.0;10.66666667;12.0
2023-07;National;PARIS LYON;AVIGNON TGV;160;562;0;;97;19.89295533;3.246500593;;103;37.46747573;8.335053381;;82;43.65081301;41;20;8.73786408;21.3592233;18.44660194;36.89320388;7.766990290000001;6.7961165
2023-07;National;PARIS LYON;MULHOUSE VILLE;170;322;3;;44;18.22575758;2.368652038;;41;34.33780488;5.152403344;;33;39.48333333;15;6;24.3902439;19.51219512;9.75609756;24.3902439;19.51219512;2.43902439
2023-07;National;PARIS MONTPARNASSE;ANGOULEME;127;279;0;;61;23.11530055;4.661947431;;44;56.21363636;10.33590203;;29;78.17816092;14;10;7.14285714;26.19047619;9.52380952;28.57142857;16.666666669999998;11.9047619
2023-07;National;LYON PART DIEU;MARNE LA VALLEE;107;373;0;;304;14.6154057;11.96300268;;136;29.02659314;12.13230563;;92;36.37844203;24;9;7.35294118;14.70588235;36.76470588;18.38235294;5.88235294;16.91176471
2023-07;National;NICE VILLE;PARIS LYON;347;309;0;;38;26.5504386;3.083764833;;53;53.14937107;11.02831715;;53;53.14937107;20;7;22.64150943;20.75471698;22.64150943;9.43396226;22.64150943;1.88679245
2023-07;National;PARIS NORD;DOUAI;68;128;2;;12;10.23888889;0.73452381;;20;17.6925;3.888359788;;8;29.38541667;2;0;5.555555560000001;11.11111111;22.222222220000003;22.222222220000003;11.11111111;27.77777778
2023-07;National;LYON PART DIEU;RENNES;237;93;0;;67;10.27238806;7.518458781;;14;45.66547619;7.677419355;;14;45.66547619;11;3;21.42857143;28.57142857;21.42857143;21.42857143;0.0;7.14285714
2023-07;National;MARNE LA VALLEE;LYON PART DIEU;106;414;0;;246;13.37669377;8.016666667;;83;34.60963855;7.944122383;;66;40.26363636;42;8;9.63855422;24.09638554;3.61445783;32.53012048;18.07228916;12.04819277
2023-07;National;MARSEILLE ST CHARLES;LYON PART DIEU;106;534;1;;160;15.65291667;4.249437148;;121;36.78677686;10.47889306;;75;51.19422222;44;14;13.2231405;12.39669421;28.09917355;14.87603306;20.661157020000005;10.74380165
2023-07;National;NANTES;PARIS MONTPARNASSE;136;612;2;;223;16.02780269;5.586863711;;105;52.23539683;9.544854954;;92;57.6990942;64;29;25.24271845;30.09708738;11.65048544;12.62135922;14.5631068;5.825242719999999
2023-07;National;PARIS MONTPARNASSE;QUIMPER;236;274;3;;55;36.06545455;5.500369004;;37;70.40540541;10.42066421;;37;70.40540541;27;12;18.91891892;43.24324324;5.40540541;21.62162162;5.40540541;5.40540541
2023-07;International;STUTTGART;PARIS EST;194;142;1;;107;9.021806854;5.613908873;;43;39.17480620199999;16.02613909;;43;39.1748062;25;4;13.95348837;9.30232558;51.1627907;9.30232558;6.976744190000001;9.30232558
2023-07;National;METZ;PARIS EST;87;298;0;;109;10.06987768;3.711353468;;73;21.86050228;6.996196868;;17;60.63137255;9;6;2.77777778;12.5;52.77777778;18.05555556;12.5;1.38888889
2023-07;National;PARIS LYON;BELLEGARDE (AIN);163;244;2;;42;21.1484127;3.504545455;;38;34.77105263;6.49207989;;32;38.51197917;12;4;7.894736839999999;15.78947368;7.894736839999999;28.947368420000004;28.947368420000004;10.52631579
2023-07;National;GRENOBLE;PARIS LYON;179;159;0;;9;12.33333333;0.698113208;;24;24.34444444;5.384067086;;16;30.390625;7;1;8.33333333;12.5;50.0;12.5;12.5;4.16666667
2023-07;National;LILLE;LYON PART DIEU;181;384;0;;171;10.744834307818714;4.874125525661719;;78;35.69726554064912;7.860274495396093;;66;42.30151515190909;43;10;10.256410254615384;24.35897435923077;2.5641025661538466;33.333333329230776;17.948717953076923;11.538461538461538
2023-07;National;LILLE;PARIS NORD;69;638;1;;154;10.780627705571428;2.409593960230612;;90;26.611799964396106;4.419905577781632;;47;40.51950354642553;20;10;10.738791425000002;22.61793372;14.278752435333333;22.736842103666667;15.11111111;14.516569204666668
2023-07;National;PARIS LYON;ANNECY;224;131;0;;22;22.85757576;3.641475827;;26;40.75;9.129770992;;26;40.75;13;5;11.53846154;26.92307692;11.53846154;38.46153846;7.69230769;3.84615385
2023-07;National;PARIS LYON;NIMES;181;237;3;;56;17.32470238;3.952991453;;50;33.51766667;8.997507123;;48;34.30625;19;4;20.0;32.0;18.0;28.000000000000004;2.0;0.0
2023-07;National;PARIS MONTPARNASSE;VANNES;164;287;0;;59;37.85932203;7.440824623;;48;71.0;12.53310105;;40;82.85;33;19;12.5;35.416666670000005;6.25;29.16666667;12.5;4.16666667
2023-07;National;ST PIERRE DES CORPS;PARIS MONTPARNASSE;65;444;1;;171;8.524561404;3.424191121;;51;35.6875817;4.27848006;;25;62.82;14;8;6.12244898;32.65306122;24.48979592;8.16326531;6.12244898;22.44897959
2023-07;International;LAUSANNE;PARIS LYON;226;143;1;;88;3.038636364;2.169047619;;8;31.19583333;2.570119048;;8;31.19583333;1;1;0.0;12.5;62.5;12.5;12.5;0.0
2023-07;National;DOUAI;PARIS NORD;75;163;0;;67;3.119900498;1.543209877;;28;22.19702381;4.738888889;;11;42.79242424;6;3;10.71428571;21.42857143;32.14285714;25.0;3.57142857;7.14285714
2023-07;National;PARIS LYON;VALENCE ALIXAN TGV;131;501;1;;128;19.26809896;4.7508;;94;34.41843972;7.9304;;72;40.6849537;40;12;8.5106383;18.08510638;14.89361702;40.42553191;14.89361702;3.1914893600000003
2023-07;National;TOURCOING;BORDEAUX ST JEAN;304;29;0;;4;2.75;0.393103448;;1;35.78333333;-2.761494253;;1;35.78333333;1;0;100.0;0.0;0.0;0.0;0.0;0.0
2023-07;National;ARRAS;PARIS NORD;50;472;0;;207;9.85136876;4.280431706;;82;25.32317073;5.60403397;;40;42.34208333;17;10;11.392405059999998;26.58227848;21.51898734;30.37974684;1.26582278;8.86075949
2023-07;National;BELLEGARDE (AIN);PARIS LYON;162;248;4;;141;8.121631206;4.744262295;;25;34.21733333;4.97602459;;18;42.54907407;9;4;0.0;20.0;32.0;20.0;16.0;12.0
2023-07;National;BESANCON FRANCHE COMTE TGV;PARIS LYON;132;170;2;;51;7.818954248;2.139221557;;17;54.6745098;5.298902196;;16;57.39375;9;7;41.17647059;23.52941176;5.88235294;17.64705882;11.76470588;0.0
2023-07;National;MACON LOCHE;PARIS LYON;92;224;0;;136;16.76446078;10.16659193;;58;40.66522989;12.18116592;;45;48.61;27;8;29.31034483;25.862068970000003;18.96551724;15.51724138;8.62068966;1.7241379300000002
2023-07;National;NANCY;PARIS EST;96;268;0;;57;12.49181287;2.713495025;;34;29.17303922;4.121579602;;16;47.75104167;14;4;12.12121212;24.24242424;21.21212121;9.09090909;15.15151515;18.18181818
2023-07;National;PARIS LYON;SAINT ETIENNE CHATEAUCREUX;171;119;3;;19;9.022807018;1.2846264367999998;;7;23.93333333;2.8192528735999995;;4;31.35;2;0;14.28571429;28.57142857;14.28571429;28.57142857;0.0;14.28571429
2023-07;National;RENNES;LYON PART DIEU;239;97;0;;21;4.533333333;1.075085911;;8;28.039583333000003;2.179896907;;8;28.03958333;2;0;0.0;37.5;12.5;50.0;0.0;0.0
2023-08;National;BORDEAUX ST JEAN;TOURCOING;337;28;0;;4;9.004166667;1.057142857;;2;65.0;2.785714286;;2;65.0;2;2;0.0;50.0;0.0;0.0;0.0;50.0
2023-08;National;LILLE;MARSEILLE ST CHARLES;296;266;0;;49;11.540816326461224;2.007957393498496;;42;39.08379494663265;8.288972431078948;;42;38.95158730166666;22;6;9.52380952;16.666666669999998;23.80952381;23.80952381;11.904761906666666;14.285714286666668
2023-08;National;LYON PART DIEU;PARIS LYON;119;622;0;;282;6.406560284;3.047145934;;66;33.90833333;4.294022617;;49;40.9159864;24;8;4.54545455;22.72727273;25.75757576;21.21212121;12.12121212;13.63636364
2023-08;National;MONTPELLIER;PARIS LYON;208;246;0;;118;9.483333333;4.526084011;;56;47.38809524;13.07852304;;56;47.38809524;31;12;8.92857143;21.42857143;25.0;32.14285714;7.14285714;5.357142860000001
2023-08;National;TOULOUSE MATABIAU;PARIS MONTPARNASSE;268;209;0;;33;12.16363636;1.894391026;;35;36.35238095;7.691907051300001;;35;36.35238095;16;4;37.14285714;25.71428571;20.0;2.8571428600000006;5.71428571;8.57142857
2023-08;National;BELLEGARDE (AIN);PARIS LYON;163;242;1;;109;5.355810398;2.469087137;;39;28.46965812;5.287828492;;26;35.95512821;10;2;2.56410256;38.46153846;28.20512821;17.948717950000002;5.12820513;7.69230769
2023-08;National;PARIS MONTPARNASSE;POITIERS;94;596;0;;69;10.72898551;0.83011745;;65;20.73384615;2.87200783;;32;31.07708333;13;2;3.125;37.5;17.1875;25.0;12.5;4.6875
2023-08;National;PARIS MONTPARNASSE;TOURS;77;130;1;;15;12.35222222;1.131007752;;14;15.26904762;2.185400517;;5;24.24666667;1;0;0.0;14.28571429;35.71428571;14.28571429;14.28571429;21.42857143
2023-08;National;PARIS MONTPARNASSE;ANGOULEME;128;288;0;;43;12.94689923;1.522222222;;33;25.623737374000005;4.346701389;;24;30.51944444;10;1;15.15151515;36.36363636;12.12121212;12.12121212;18.18181818;6.06060606
2023-08;National;PARIS MONTPARNASSE;LAVAL;84;352;1;;42;15.91428571;1.5011870844999995;;36;24.68472222;2.274074074;;24;32.33958333;8;3;2.77777778;16.666666669999998;16.666666669999998;44.444444440000005;2.77777778;16.666666669999998
2023-08;National;PARIS NORD;LILLE;66;549;1;;22;19.146212120954548;0.4659671532525547;;32;27.40587344031818;2.109184914860584;;17;40.627450980235295;12;3;28.57142857;13.169642857187505;19.64285714;32.14285714375001;0.0;6.473214283750001
2023-08;National;SAINT ETIENNE CHATEAUCREUX;PARIS LYON;169;119;0;;15;7.941111111;1.37658046;;15;27.87222222;4.267241379;;11;32.56969697;5;0;6.666666670000001;20.0;33.333333329999995;33.333333329999995;6.666666670000001;0.0
2023-08;National;TOULON;PARIS LYON;239;384;0;;241;19.52192255;12.35903141;;84;80.67896825;17.97054974;;84;80.67896825;54;28;13.0952381;25.0;33.333333329999995;20.23809524;3.57142857;4.76190476
2023-08;National;MULHOUSE VILLE;PARIS LYON;170;297;1;;137;5.484914842;2.553265766;;34;35.16470588;4.874943694;;25;43.44733333;11;6;35.294117650000004;20.58823529;23.52941176;17.64705882;0.0;2.94117647
2023-08;National;PARIS LYON;CHAMBERY CHALLES LES EAUX;171;228;8;;45;24.551851851999995;4.824318182;;35;43.97952381;8.269545455;;26;54.6724359;16;10;8.57142857;20.0;11.428571430000002;51.428571430000005;5.71428571;2.8571428600000006
2023-08;National;RENNES;PARIS MONTPARNASSE;105;801;0;;320;8.7921875;3.5871231155999994;;98;30.107993196999995;3.5586474037000007;;57;42.29005848;35;9;15.30612245;35.71428570999999;21.42857143;15.30612245;9.18367347;3.0612244900000003
2023-08;National;DOUAI;PARIS NORD;74;157;0;;60;4.585833333;1.9833333333000005;;29;17.48850575;4.427634409;;8;36.19791667;5;1;17.24137931;17.24137931;48.27586207;10.34482759;6.896551720000001;0.0
2023-08;National;PARIS LYON;LE CREUSOT MONTCEAU MONTCHANIN;77;220;0;;33;13.28333333;1.831060606;;29;21.61321839;3.328787879;;13;36.33717949;8;1;3.7037037;14.814814809999998;22.222222220000003;29.62962963;18.51851852;11.11111111
2023-08;National;PARIS LYON;TOULON;233;378;0;;65;19.72025641;3.162169312;;63;45.55899471;9.511419753;;63;45.55899471;36;9;14.28571429;20.63492063;17.46031746;22.222222220000003;9.52380952;15.87301587
2023-08;National;ST MALO;PARIS MONTPARNASSE;159;130;0;;7;13.86190476;0.657564103;;12;23.2625;2.613974359;;6;32.69444444;4;0;16.666666669999998;50.0;8.33333333;16.666666669999998;8.33333333;0.0
2023-08;International;PARIS LYON;ZURICH;245;132;1;;22;15.19318182;2.457124682;;23;41.61014493;9.203816794;;23;41.61014493;15;4;13.04347826;21.73913043;21.73913043;8.695652169999999;21.73913043;13.04347826
2023-08;National;PERPIGNAN;PARIS LYON;308;321;0;;56;7.550892857;1.090677083;;71;44.58802817;12.33328125;;71;44.58802817;38;15;16.901408449999998;26.76056338;28.16901408;18.30985915;5.63380282;4.225352109999999
2023-08;National;BORDEAUX ST JEAN;PARIS MONTPARNASSE;140;1015;0;;389;17.56996572;6.648702792;;190;40.29701754;8.360361248;;156;46.24444444;62;17;33.333333329999995;29.1005291;12.6984127;11.11111111;2.64550265;11.11111111
2023-08;National;PARIS MONTPARNASSE;LE MANS;69;508;50;;57;12.57046784;0.831477438;;55;23.35030303;2.629294032;;23;42.2673913;9;2;7.407407409999999;24.07407407;27.77777778;27.77777778;9.25925926;3.7037037
2023-08;National;LYON PART DIEU;MARNE LA VALLEE;107;381;0;;307;11.45494028;9.310087719;;111;36.10735736;12.02263158;;91;41.12582418;31;7;14.41441441;16.21621622;30.63063063;16.21621622;9.00900901;13.51351351
2023-08;National;MARSEILLE ST CHARLES;LYON PART DIEU;106;542;2;;176;14.53825758;4.670624614;;132;33.94709596;10.5808287;;87;44.55114943;34;17;13.07692308;6.92307692;40.0;16.92307692;11.53846154;11.53846154
2023-08;National;PARIS LYON;MACON LOCHE;92;253;5;;52;21.08621795;4.236290323;;43;34.53875969;7.641599462;;30;44.71555556;14;8;0.0;13.95348837;20.93023256;48.8372093;13.95348837;2.3255814
2023-08;National;PARIS MONTPARNASSE;QUIMPER;236;281;3;;51;11.898692809999998;1.75881295;;26;43.82692308;4.678057554;;26;43.82692308;14;5;19.23076923;23.07692308;19.23076923;19.23076923;11.53846154;7.69230769
2023-08;National;LYON PART DIEU;MARSEILLE ST CHARLES;109;571;0;;330;13.043333332999998;7.649474606;;133;34.99172932;9.88704028;;98;42.76972789;44;18;18.04511278;14.28571429;36.09022556;16.54135338;5.26315789;9.77443609
2023-08;National;MARSEILLE ST CHARLES;LILLE;285;221;0;;40;8.555833333;1.3054092508995474;;63;36.619325;12.70683710385973;;63;36.72751322780953;28;3;17.46031745936508;7.936507936507936;34.92063492031746;7.936507936507936;11.11111111079365;20.634920634444445
2023-08;International;PARIS EST;STUTTGART;189;151;5;;25;32.46866667;3.717579909;;30;37.68277778;11.57694064;;30;37.68277777800001;11;5;3.33333333;10.0;40.0;33.333333329999995;3.33333333;10.0
2023-08;International;PARIS LYON;BARCELONA;396;93;0;;27;20.13333333;5.641577060900001;;24;40.875;14.709677419000002;;24;40.875;15;4;16.666666669999998;12.5;29.16666667;33.333333329999995;4.16666667;4.16666667
2023-08;National;PARIS LYON;LYON PART DIEU;120;602;1;;81;16.2563786;2.01885746;;60;40.95777778;3.80124792;;50;46.55433333;24;13;6.666666670000001;20.0;15.0;23.33333333;25.0;10.0
2023-08;National;PARIS LYON;MARSEILLE ST CHARLES;196;572;0;;95;23.109473684000005;3.648076923100001;;72;48.37175925900001;8.432867133;;72;48.37175926;45;13;8.33333333;29.16666667;16.666666669999998;25.0;18.05555556;2.77777778
2023-08;National;PARIS LYON;PERPIGNAN;306;340;1;;84;26.81329365;6.009636185;;103;40.0328479;13.794985251000002;;103;40.03284789600001;51;17;13.59223301;16.50485437;24.27184466;33.98058252;5.825242719999999;5.825242719999999
2023-08;National;ARRAS;PARIS NORD;50;458;0;;175;7.255904762;2.756040757;;77;19.12012987;4.292139738;;24;38.80763889;13;5;15.58441558;20.77922078;40.25974026;18.18181818;5.19480519;0.0
2023-08;National;MARNE LA VALLEE;MARSEILLE ST CHARLES;213;296;0;;145;9.909770115;4.951077098;;46;39.08405797;8.326927438;;46;39.08405797;25;6;10.86956522;19.56521739;21.73913043;23.91304348;10.86956522;13.04347826
2023-08;International;ZURICH;PARIS LYON;246;135;0;;48;1.535416667;0.995895522;;13;37.68205128;5.519402985;;13;37.68205128;5;3;53.84615385;15.38461538;15.38461538;15.38461538;0.0;0.0
2023-08;National;PARIS MONTPARNASSE;ST PIERRE DES CORPS;65;426;0;;55;11.16969697;1.050978091;;51;17.8624183;2.091001565;;20;30.442500000000003;9;1;2.0;28.000000000000004;32.0;16.0;10.0;12.0
2023-08;National;METZ;PARIS EST;87;288;0;;103;10.16634304;3.693229167;;58;26.52327586;6.723032407;;28;44.24404762;12;6;5.45454545;10.90909091;47.27272726999999;14.54545455;16.36363636;5.45454545
2023-08;National;CHAMBERY CHALLES LES EAUX;PARIS LYON;174;230;11;;147;10.28378685;6.830136986;;56;31.80744048;9.566133942;;42;37.91865079;15;6;37.5;21.42857143;19.64285714;10.71428571;5.357142860000001;5.357142860000001
2023-08;National;PARIS LYON;NIMES;181;245;0;;56;23.35803571;5.136394557800001;;61;35.88797814;10.84129252;;58;37.04511494;33;4;8.196721310000001;19.67213115;21.31147541;45.90163934;4.91803279;0.0
2023-08;National;PARIS MONTPARNASSE;TOULOUSE MATABIAU;266;218;1;;24;12.99583333;0.934101383;;34;33.15147059;6.422580645199999;;34;33.15147059;14;1;32.35294118;35.294117650000004;11.76470588;8.82352941;8.82352941;2.94117647
2023-08;National;MARSEILLE ST CHARLES;TOURCOING;288;31;0;;5;9.076666667;1.1532258064999998;;6;46.91666667;8.290322581;;6;46.91666667;3;2;16.666666669999998;16.666666669999998;33.333333329999995;0.0;16.666666669999998;16.666666669999998
2023-08;National;PARIS MONTPARNASSE;ANGERS SAINT LAUD;96;543;0;;62;12.36424731;1.074800491;;67;23.55547264;3.005003069;;47;29.36134752;22;0;12.121212119999996;30.3030303;24.242424239999995;19.6969697;12.121212119999996;1.51515152
2023-08;National;QUIMPER;PARIS MONTPARNASSE;240;285;0;;28;20.928571429000005;2.070671378;;25;51.638;5.763133098;;25;51.638000000000005;16;7;28.000000000000004;36.0;8.0;16.0;8.0;4.0
2023-08;National;REIMS;PARIS EST;46;195;0;;36;5.228703704;1.044957265;;14;29.43571429;3.266324786;;7;49.192857143000005;3;2;23.07692308;30.76923077;7.69230769;15.38461538;23.07692308;0.0
2023-08;National;PARIS LYON;BELLEGARDE (AIN);163;239;0;;40;16.135;2.5380753138000003;;39;29.706410256000005;5.84553696;;34;31.887745098000003;12;2;7.69230769;43.589743590000005;7.69230769;20.51282051;12.82051282;7.69230769
2023-08;National;LYON PART DIEU;RENNES;237;93;0;;78;6.403418803;5.434767025;;12;33.94444444;5.382795699;;12;33.94444444;4;1;16.666666669999998;41.666666670000005;16.666666669999998;25.0;0.0;0.0
2023-08;National;PARIS LYON;AIX EN PROVENCE TGV;183;513;0;;89;23.52808989;3.895679012;;71;47.61901408500001;8.65662768;;67;49.65870647;44;13;5.63380282;28.16901408;18.30985915;25.35211268;21.12676056;1.4084507
2023-08;National;ANGOULEME;PARIS MONTPARNASSE;126;300;0;;202;8.265429043;5.532055556;;50;26.408;5.599277778;;34;32.40392157;13;3;24.0;14.000000000000002;26.0;8.0;2.0;26.0
2023-08;National;LYON PART DIEU;MONTPELLIER;117;258;0;;167;9.754291417;6.398837209;;48;35.45451389;7.585206718;;29;50.0545977;18;7;15.2173913;32.60869565;30.43478261;8.695652169999999;8.695652169999999;4.34782609
2023-08;National;MONTPELLIER;LYON PART DIEU;115;213;0;;66;11.89217172;3.744679186;;51;31.33660131;9.735602504;;33;40.80050505;18;5;15.68627451;3.92156863;29.41176471;21.56862745;13.7254902;15.68627451
2023-08;National;PARIS LYON;VALENCE ALIXAN TGV;132;524;0;;125;25.09973333;5.767684478;;141;35.51560284;10.60820611;;122;38.90218579;66;15;6.428571430000001;15.71428571;18.57142857;45.0;7.857142860000001;6.428571430000001
2023-08;National;PARIS MONTPARNASSE;BREST;241;281;5;;42;10.29484127;1.183816425;;23;37.23913044;3.143115942;;23;37.23913044;10;4;17.39130435;21.73913043;17.39130435;21.73913043;8.695652169999999;13.04347826
2023-08;National;PARIS MONTPARNASSE;NANTES;137;579;0;;67;12.35074627;1.097985032;;63;31.87566138;3.209211284;;53;35.28176101;29;2;23.80952381;28.57142857;15.87301587;17.46031746;14.28571429;0.0
2023-08;National;ST PIERRE DES CORPS;PARIS MONTPARNASSE;65;439;0;;183;6.365027322399999;2.789231355;;63;17.23068783;2.566704718;;22;31.81742424;6;2;6.451612900000001;29.03225806;29.03225806;11.290322580000002;4.83870968;19.35483871
2023-08;International;STUTTGART;PARIS EST;194;151;2;;121;8.025619835;6.483561644;;41;36.72601626;12.8010274;;41;36.72601626;21;3;7.31707317;9.75609756;63.414634150000005;12.19512195;4.87804878;2.43902439
2023-08;National;DUNKERQUE;PARIS NORD;130;149;0;;4;2.0;0.053691275;;14;24.56309524;3.8663310962000006;;5;45.26333333;4;2;21.42857143;35.71428571;28.57142857;7.14285714;7.14285714;0.0
2023-08;International;LAUSANNE;PARIS LYON;229;183;1;;110;2.551212121;1.826831502;;17;34.18137255;4.296703297;;17;34.18137255;5;1;17.64705882;47.05882353;23.52941176;0.0;5.88235294;5.88235294
2023-08;International;PARIS EST;FRANCFORT;227;177;3;;27;31.505555556000004;4.561398467;;28;56.06964286;12.29894636;;28;56.06964286;17;6;0.0;37.03703704;40.74074074;14.814814809999998;7.407407409999999;0.0
2023-08;National;LAVAL;PARIS MONTPARNASSE;87;325;0;;84;9.289484127;2.217443064;;46;22.10942029;2.245910973;;21;34.34444444;12;2;10.86956522;39.13043478;21.73913043;10.86956522;4.34782609;13.04347826
2023-08;National;VANNES;PARIS MONTPARNASSE;170;296;0;;191;7.541710296699999;4.994293785;;38;39.42763158;5.655706215;;26;51.02179487;17;7;23.68421053;34.21052632;13.15789474;13.15789474;7.894736839999999;7.894736839999999
2023-08;International;ITALIE;PARIS LYON;431;96;11;;78;48.03247863;44.09980392;;19;33.1245614;9.585294118;;19;33.1245614;7;2;42.10526316;15.78947368;21.05263158;10.52631579;5.26315789;5.26315789
2023-08;National;MARSEILLE ST CHARLES;MARNE LA VALLEE;210;307;0;;56;13.03333333;2.095860566;;74;46.58490991;13.34880174;;74;46.58490991;30;9;13.51351351;12.16216216;33.78378378;10.81081081;13.51351351;16.21621622
2023-08;National;PARIS EST;METZ;85;254;0;;42;22.75357143;3.821128609;;36;35.9037037;5.69488189;;22;52.80909091;14;7;2.94117647;29.41176471;17.64705882;20.58823529;17.64705882;11.764705879999998
2023-08;National;PARIS LYON;NICE VILLE;342;319;0;;52;21.02467949;3.190020899;;69;58.63550725;13.72241379;;69;58.63550725;40;17;11.5942029;30.43478261;21.73913043;17.39130435;5.79710145;13.04347826
2023-08;National;PARIS LYON;SAINT ETIENNE CHATEAUCREUX;171;119;2;;17;21.09117647;2.985470086;;19;32.23859649;6.176210826;;12;43.68611111;5;3;15.78947368;15.78947368;15.78947368;21.05263158;26.31578947;5.26315789
2023-08;National;PARIS MONTPARNASSE;VANNES;164;294;1;;52;11.89903846;1.741353811;;37;26.67567568;4.032423208;;26;32.73076923;11;3;5.40540541;29.72972973;24.32432432;24.32432432;8.10810811;8.10810811
2023-08;National;TOURCOING;BORDEAUX ST JEAN;304;28;0;;1;3.0;0.107142857;;1;31.75;-0.491666667;;1;31.75;1;0;0.0;0.0;0.0;100.0;0.0;0.0
2023-08;National;BESANCON FRANCHE COMTE TGV;PARIS LYON;132;171;2;;38;10.11754386;2.099201597;;18;45.78981482;5.041516966;;15;52.58;8;4;33.333333329999995;22.222222220000003;11.11111111;27.77777778;0.0;5.55555556
2023-08;National;MARSEILLE ST CHARLES;PARIS LYON;195;580;0;;144;24.12430556;5.852657424;;106;58.73836478;12.84913345;;106;58.73836478;59;27;11.32075472;24.52830189;29.24528302;21.69811321;7.54716981;5.66037736
2023-08;National;LILLE;LYON PART DIEU;181;403;0;;131;7.297837150159542;2.386021505338461;;59;31.51529671;5.579445823030769;;38;41.05482456121052;20;5;15.254237288305085;11.864406779661016;20.33898305;32.203389831864406;8.474576272542372;11.86440677542373
2023-08;National;PARIS EST;REIMS;46;190;2;;25;21.73266667;2.970567376;;27;30.37469136;4.987943262;;14;48.85357143;9;2;3.84615385;15.38461538;23.07692308;23.07692308;11.53846154;23.07692308
2023-08;National;STRASBOURG;NANTES;335;67;0;;15;8.768888889;2.006965174;;8;51.40416667;6.511442786;;8;51.40416667;6;2;12.5;25.0;25.0;12.5;12.5;12.5
2023-08;National;PARIS EST;STRASBOURG;115;577;3;;103;26.22508091;4.619744483;;81;47.79526749;7.065505227;;65;56.28307692;37;20;4.9382716;28.39506173;12.34567901;34.56790123;8.64197531;11.11111111
2023-08;National;BREST;PARIS MONTPARNASSE;239;270;0;;12;20.58888889;0.930037313;;19;37.03684211;3.297512438;;19;37.03684211;12;2;21.05263158;26.31578947;21.05263158;15.78947368;15.78947368;0.0
2023-08;National;MACON LOCHE;PARIS LYON;92;227;7;;106;15.93301887;7.755324074;;56;29.52678571;8.751697531;;39;36.82991453;13;5;33.92857143;23.21428571;16.07142857;12.5;7.14285714;7.14285714
2023-08;International;BARCELONA;PARIS LYON;408;93;0;;48;5.945138889;3.0577060932000006;;28;48.81011905;17.23763441;;28;48.81011905;16;7;10.71428571;25.0;28.57142857;28.57142857;7.14285714;0.0
2023-08;National;PARIS LYON;MONTPELLIER;212;256;0;;58;23.14482759;5.031966146;;67;37.33109453;11.26933594;;67;37.33109453;41;5;8.95522388;22.3880597;22.3880597;40.29850746;4.47761194;1.49253731
2023-08;International;FRANCFORT;PARIS EST;232;178;9;;107;7.492679128;4.797420635;;27;39.85061728;8.724702381;;27;39.85061728;11;3;0.0;7.69230769;76.92307692;11.53846154;0.0;3.84615385
2023-08;International;PARIS LYON;ITALIE;423;96;9;;20;25.39833333;5.630268199;;17;56.85294118;11.75862069;;17;56.85294118;10;6;13.33333333;13.33333333;6.666666670000001;60.0;0.0;6.666666670000001
2023-08;National;NICE VILLE;PARIS LYON;346;328;0;;40;51.47041666700001;6.089888211;;71;88.86384977;21.04009146;;71;88.86384977;50;27;15.49295775;25.35211268;32.3943662;19.71830986;2.81690141;4.225352109999999
2023-08;National;PARIS LYON;AVIGNON TGV;160;615;0;;127;20.9335958;3.9558807587999993;;102;37.13823529;8.142466125;;72;47.01064815;40;14;7.92079208;25.74257426;13.86138614;30.69306931;18.81188119;2.97029703
2023-08;National;PARIS MONTPARNASSE;BORDEAUX ST JEAN;143;976;0;;137;11.22287105;1.1351605190999998;;96;26.28541667;3.272318989;;66;31.84040404;33;3;10.000000000000002;33.333333329999995;16.666666669999998;12.22222222;20.000000000000004;7.77777778
2023-08;National;TOURS;PARIS MONTPARNASSE;78;129;0;;11;4.65;0.378940569;;16;12.610416667000004;1.731007752;;5;19.89333333;0;0;0.0;33.333333329999995;46.66666667;13.33333333;0.0;6.666666670000001
2023-08;National;NANTES;PARIS MONTPARNASSE;135;607;0;;192;7.421614583300001;2.097885777;;72;33.14814815;4.412273476;;53;40.22232704;23;8;29.41176471;30.88235294;8.82352941;7.35294118;11.764705879999998;11.764705879999998
2023-08;National;PARIS LYON;ANNECY;225;124;0;;25;23.87466667;4.625672043;;17;46.67647059;7.883064516;;17;46.67647059;10;4;0.0;35.294117650000004;5.88235294;41.17647059;11.76470588;5.88235294
2023-08;National;PARIS NORD;DUNKERQUE;128;158;0;;8;18.19166667;0.638607595;;9;37.55555556;1.715189873;;6;49.5;5;3;11.11111111;44.444444440000005;0.0;22.222222220000003;11.11111111;11.11111111
2023-08;National;LE CREUSOT MONTCEAU MONTCHANIN;PARIS LYON;78;250;0;;107;9.754984424;4.156961178;;43;25.3375969;4.94103079;;23;39.42536232;12;5;6.976744190000001;18.60465116;30.23255814;13.95348837;6.976744190000001;23.25581395
2023-08;National;LA ROCHELLE VILLE;PARIS MONTPARNASSE;173;216;0;;28;13.03571429;1.696064815;;24;32.03125;4.260339506;;17;39.89607843;8;2;8.33333333;20.83333333;20.83333333;8.33333333;8.33333333;33.333333329999995
2023-08;National;NANCY;PARIS EST;96;270;0;;54;14.81975309;3.036666667;;31;38.4139785;5.119691358;;20;53.27333333;10;5;9.67741935;35.48387097;19.35483871;16.129032260000002;12.90322581;6.451612900000001
2023-08;International;PARIS LYON;LAUSANNE;230;184;1;;23;20.1;2.345810565;;28;34.51071429;5.375500911;;28;34.51071429;13;1;14.28571429;32.14285714;25.0;10.71428571;10.71428571;7.14285714
2023-08;National;LILLE;PARIS NORD;70;604;0;;113;7.029203539814159;1.1309592825145696;;62;18.14016224174336;2.8938014734771524;;23;32.61014492730435;7;3;14.51612903064516;14.51612903064516;33.870967740322584;22.580645162903227;12.903225806451612;1.6129032241935484
2023-08;National;PARIS MONTPARNASSE;LA ROCHELLE VILLE;181;223;0;;27;13.81234568;1.222421525;;21;40.5;4.769058296;;18;45.13888889;11;2;14.28571429;19.04761905;9.52380952;38.0952381;14.28571429;4.76190476
2023-08;National;PARIS MONTPARNASSE;RENNES;106;829;1;;120;12.15986111;1.374919485;;70;29.84714286;2.125161031;;45;39.97037037;22;5;8.82352941;20.58823529;14.70588235;26.47058824;13.23529412;16.17647059
2023-08;National;PARIS LYON;DIJON VILLE;96;419;1;;47;22.06028369;2.362161085;;43;38.52635659;4.184688995;;34;45.15;22;7;26.19047619;19.04761905;4.76190476;21.42857143;19.04761905;9.52380952
2023-08;National;RENNES;LYON PART DIEU;239;98;0;;18;4.30462963;0.919557823;;9;49.4462963;4.494047619;;9;49.4462963;6;3;33.333333329999995;55.55555556;11.11111111;0.0;0.0;0.0
2023-08;National;VALENCE ALIXAN TGV;PARIS LYON;134;475;0;;351;11.90052232;8.851198027;;132;36.22916667;11.127836504999998;;103;42.60711974;50;19;9.92366412;19.84732824;29.77099237;28.24427481;5.34351145;6.870229009999999
2023-08;International;PARIS LYON;GENEVE;191;224;1;;37;16.70495496;2.607324365;;34;32.21323529;5.205082212;;34;32.21323529;18;2;8.82352941;44.11764706;8.82352941;20.58823529;11.76470588;5.88235294
2023-08;National;AIX EN PROVENCE TGV;PARIS LYON;185;481;0;;375;7.560844444400001;5.974236111;;77;49.70281385;9.892534722;;77;49.70281385;41;17;5.19480519;24.67532468;37.66233766;19.48051948;7.79220779;5.19480519
2023-08;National;LE MANS;PARIS MONTPARNASSE;69;461;0;;149;9.735682327;3.291981132;;68;23.80294118;3.584512579;;34;37.05;11;5;18.46153846;35.38461538;23.07692308;9.23076923;6.153846150000001;7.69230769
2023-08;National;PARIS LYON;GRENOBLE;179;160;0;;28;19.51130952;3.2865625;;27;38.07407407;6.50625;;22;43.54545455;14;4;7.407407409999999;37.03703704;22.22222222;25.92592593;7.407407409999999;0.0
2023-08;National;STRASBOURG;PARIS EST;117;555;6;;292;13.88966895;7.424499089;;125;32.5576;8.825470553;;90;39.84888889;41;11;7.25806452;10.48387097;53.22580645;10.48387097;12.09677419;6.451612900000001
2023-08;National;ANGERS SAINT LAUD;PARIS MONTPARNASSE;97;529;0;;223;7.233781764;3.166634921;;69;28.28357488;3.348190476;;43;38.35;17;7;25.3968254;30.15873016;12.6984127;9.52380952;11.11111111;11.11111111
2023-08;International;GENEVE;PARIS LYON;193;221;1;;152;3.935745614;2.952727273;;25;36.56533333;5.679621212;;25;36.56533333;10;2;4.0;44.0;20.0;20.0;4.0;8.0
2023-08;National;ANNECY;PARIS LYON;224;126;0;;8;16.625;1.067857143;;23;41.87898551;9.721693122;;23;41.87898551;8;4;26.08695652;30.43478261;13.04347826;17.39130435;4.34782609;8.695652169999999
2023-08;National;DIJON VILLE;PARIS LYON;98;381;3;;133;9.456140351;3.430222222;;43;37.62674419;4.662133333;;34;44.37303922;15;7;30.23255814;27.90697674;20.93023256;13.95348837;4.65116279;2.3255814
2023-08;National;PARIS MONTPARNASSE;ST MALO;159;121;0;;15;14.94222222;1.405785124;;13;27.73589744;3.723002755;;8;36.61041667;4;1;0.0;53.84615385;0.0;7.69230769;15.38461538;23.07692308
2023-08;National;NIMES;PARIS LYON;179;246;0;;148;8.819594595;5.373644986;;66;42.24116162;13.07852304;;56;47.38809524;31;12;7.57575758;18.18181818;33.333333329999995;30.3030303;6.06060606;4.54545455
2023-08;National;AVIGNON TGV;PARIS LYON;162;560;0;;382;10.05724258;6.883125;;124;40.54354839;10.56238095;;90;50.87629629600001;47;19;7.25806452;25.0;38.70967742;17.741935480000002;7.25806452;4.03225806
2023-08;National;LYON PART DIEU;LILLE;187;357;0;;298;11.946420581895971;9.172282101224653;;116;34.52737769631209;13.119614947491316;;97;38.14690721664948;44;7;17.241379307931034;14.655172411379311;27.58620689362069;18.103448271551724;4.310344825689656;18.103448271551724
2023-08;National;PARIS LYON;BESANCON FRANCHE COMTE TGV;130;162;0;;22;21.73030303;2.855967078;;21;40.04920635;6.109259259;;17;46.35098039;9;4;28.57142857;9.52380952;14.28571429;14.28571429;19.04761905;14.28571429
2023-08;National;PARIS LYON;MULHOUSE VILLE;171;300;0;;44;18.42727273;2.596222222;;43;39.52713178;6.031;;37;43.77657658;19;9;30.95238095;16.666666669999998;14.28571429;11.9047619;14.28571429;11.9047619
2023-08;National;PARIS NORD;DOUAI;68;121;1;;8;11.3625;0.488888889;;7;17.80476191;2.376944444;;1;74.21666667;1;1;0.0;33.333333329999995;16.666666669999998;50.0;0.0;0.0
2023-08;National;GRENOBLE;PARIS LYON;179;157;1;;13;5.006410256400001;0.417200855;;26;37.16025641;8.062713675;;20;44.045;9;2;12.000000000000002;20.0;44.0;20.0;0.0;4.0
2023-08;National;MARNE LA VALLEE;LYON PART DIEU;106;435;0;;241;8.866528354;4.992109314900001;;67;30.31218906;5.508352579;;40;41.25875;21;6;13.43283582;11.94029851;17.91044776;34.32835821;10.44776119;11.94029851
2023-08;National;PARIS EST;NANCY;96;273;0;;38;16.20921053;2.332478633;;22;44.36363636;4.322588523;;16;56.23645833;11;3;9.09090909;40.90909091;27.27272727;4.5454545500000005;0.0;18.18181818
2023-08;National;PARIS NORD;ARRAS;48;465;0;;25;15.608;0.588207885;;21;27.91349206;2.574014337;;8;57.34583333;7;4;10.52631579;31.57894737;15.78947368;36.84210526;0.0;5.26315789
2023-08;National;POITIERS;PARIS MONTPARNASSE;98;463;0;;227;8.915198238;4.169294456;;88;19.25852273;4.089812815;;39;31.42948718;13;3;9.1954023;18.3908046;21.83908046;9.1954023;5.747126440000001;35.632183909999995
2023-08;National;NANTES;STRASBOURG;315;67;0;;13;21.78974359;4.060199005;;7;51.63571429;7.180348259;;7;51.63571429;5;3;14.28571429;14.28571429;14.28571429;14.28571429;14.28571429;28.57142857
2023-09;International;BARCELONA;PARIS LYON;405;63;0;;32;8.109375;4.103174603;;16;41.89270833;11.28095238;;16;41.89270833;9;3;18.75;25.0;25.0;18.75;0.0;12.5
2023-09;National;PARIS MONTPARNASSE;ANGERS SAINT LAUD;92;541;2;;82;21.14857724;2.912832406;;90;35.43092593;6.920470006;;44;61.21477273;29;15;12.5;37.5;22.727272730000003;12.5;10.22727273;4.54545455
2023-09;National;ANNECY;PARIS LYON;226;152;0;;1;6.0;0.039473684;;13;28.46025641;3.5303728070000004;;13;28.46025641;3;0;15.38461538;46.15384615;7.69230769;30.76923077;0.0;0.0
2023-09;National;PARIS MONTPARNASSE;QUIMPER;227;239;4;;47;27.03900709;3.4156737589000006;;24;51.22916667;5.708510638;;24;51.22916667;18;5;30.43478261;43.47826087;8.695652169999999;13.04347826;0.0;4.34782609
2023-09;National;BORDEAUX ST JEAN;PARIS MONTPARNASSE;140;1061;0;;389;11.016238218000002;3.9631165567000006;;174;47.76695402;9.673625511;;140;56.12190476;69;36;8.04597701;42.52873562999999;17.24137931;17.816091949999997;5.74712644;8.62068966
2023-09;National;METZ;PARIS EST;87;308;0;;141;9.923049645;4.58008658;;88;20.89772727;7.208982684;;40;34.64666667;13;6;5.68181818;10.22727273;50.0;14.77272727;11.36363636;7.95454545
2023-09;National;MULHOUSE VILLE;PARIS LYON;176;296;0;;142;8.074530516;3.929898649;;42;39.71944444;7.459966216199999;;28;52.84880952;14;6;15.38461538;20.51282051;58.97435897;5.12820513;0.0;0.0
2023-09;National;POITIERS;PARIS MONTPARNASSE;96;485;3;;233;8.03397711;3.750414938;;97;32.94810997;7.88395574;;50;53.51266666699999;21;8;6.185567010000001;42.26804124;21.64948454;14.43298969;3.09278351;12.37113402
2023-09;National;TOURS;PARIS MONTPARNASSE;75;189;2;;20;12.1775;1.29688057;;38;19.325;5.019251337;;18;30.96759259;8;0;0.0;18.91891892;45.94594595;21.62162162;5.40540541;8.10810811
2023-09;International;GENEVE;PARIS LYON;192;234;0;;158;4.433544304;3.18511396;;14;47.05119048;4.147720798;;14;47.05119048;9;5;21.42857143;14.28571429;14.28571429;50.0;0.0;0.0
2023-09;National;PARIS MONTPARNASSE;NANTES;132;630;2;;95;19.52578947;2.660164544;;83;48.43554217;7.17903397;;58;63.41034483;36;19;20.481927710000004;37.34939759;16.867469879999998;13.25301205;6.02409639;6.02409639
2023-09;National;PARIS MONTPARNASSE;TOURS;75;185;2;;23;18.01014493;1.929326047;;20;28.22583333;3.29435337;;8;55.7875;6;2;5.0;50.0;15.0;20.0;0.0;10.0
2023-09;International;ZURICH;PARIS LYON;258;146;0;;65;1.847179487;1.199310345;;19;48.12807018;8.901724138;;19;48.12807018;11;3;27.77777778;22.222222220000003;50.0;0.0;0.0;0.0
2023-09;National;MACON LOCHE;PARIS LYON;94;211;7;;73;6.824200913;2.470214522;;21;24.9031746;3.2927392739000005;;18;26.88703704;3;0;10.0;45.00000000000001;10.0;30.0;0.0;5.0
2023-09;National;RENNES;LYON PART DIEU;239;87;0;;14;7.260714286;1.166283525;;9;42.81111111;3.61091954;;9;42.81111111;3;1;11.11111111;22.222222220000003;22.222222220000003;22.222222220000003;0.0;22.222222220000003
2023-09;National;LILLE;LYON PART DIEU;181;384;0;;150;7.951333333341999;3.140234375010938;;53;33.690620181473335;6.366796874984375;;41;42.104878048804885;20;8;5.660377355660377;18.86792453264151;13.20754717056604;37.73584905603774;5.660377355660377;18.867924529433964
2023-09;National;PARIS LYON;SAINT ETIENNE CHATEAUCREUX;171;116;0;;10;11.99333333;0.864798851;;12;23.05555556;3.440517241;;5;37.18666667;1;1;0.0;16.666666669999998;41.666666670000005;33.333333329999995;0.0;8.33333333
2023-09;National;PARIS MONTPARNASSE;LE MANS;56;456;1;;69;24.71376812;3.452637363;;66;30.91540404;4.447582418;;34;50.92892157;17;7;6.55737705;34.42622951;9.83606557;24.59016393;19.67213115;4.91803279
2023-09;National;PARIS MONTPARNASSE;RENNES;98;747;0;;135;24.70234568;4.105734047;;115;35.18043478;5.189000446;;47;70.06595745;26;19;3.50877193;43.85964912;13.15789474;21.05263158;10.52631579;7.894736839999999
2023-09;International;PARIS LYON;GENEVE;191;237;0;;35;15.61238095;2.161814346;;21;39.4;4.074753868;;21;39.4;14;3;20.0;15.0;5.0;35.0;25.0;0.0
2023-09;International;PARIS LYON;LAUSANNE;231;169;2;;15;22.17222222;1.770658683;;18;36.21481482;4.31497006;;18;36.21481482;5;3;17.64705882;29.41176471;11.764705879999998;17.64705882;23.529411759999995;0.0
2023-09;International;PARIS LYON;ZURICH;247;133;1;;16;19.37708333;2.165025253;;30;35.475;9.867424242;;30;35.475;13;5;10.71428571;35.71428571;32.14285714;14.28571429;3.57142857;3.57142857
2023-09;National;LYON PART DIEU;PARIS LYON;119;747;1;;333;6.77997998;3.141767338;;72;27.37824074;3.673691275;;49;33.8122449;17;6;5.63380282;19.71830986;15.49295775;30.98591549;12.67605634;15.49295775
2023-09;National;MARSEILLE ST CHARLES;LILLE;288;203;1;;37;12.66261261254054;2.1159240924257428;;51;35.85840840843244;11.474339934039604;;51;36.05294118;18;6;11.764705878823529;9.803921565882352;43.13725490176471;15.686274511764706;11.764705879411764;7.843137252352942
2023-09;National;MARSEILLE ST CHARLES;TOURCOING;291;30;0;;6;24.48055556;4.632222222;;1;160.0;7.7;;1;160.0;1;1;0.0;100.0;0.0;0.0;0.0;0.0
2023-09;National;PARIS LYON;BESANCON FRANCHE COMTE TGV;130;157;0;;25;22.39;3.4524416136000005;;31;35.00430108;8.85881104;;23;42.45652174;12;4;3.33333333;23.33333333;10.0;36.66666667;16.666666669999998;10.0
2023-09;National;PARIS MONTPARNASSE;ANGOULEME;124;298;0;;48;29.42708333;4.403803132;;42;49.96507937;8.473713647;;31;63.00860215;20;12;2.5;52.5;12.5;15.0;7.5;10.0
2023-09;National;PARIS NORD;DUNKERQUE;129;192;1;;21;17.96746032;1.642059337;;25;30.76;3.994764398;;17;39.05882353;9;4;8.0;28.000000000000004;12.0;24.0;20.0;8.0
2023-09;National;TOULOUSE MATABIAU;PARIS MONTPARNASSE;267;215;0;;18;12.89907407;1.015576324;;33;55.05808081;10.7135514;;33;55.05808081;19;9;3.03030303;54.54545455;15.15151515;12.12121212;9.09090909;6.06060606
2023-09;National;TOULON;PARIS LYON;240;323;0;;155;15.09709677;7.296336429;;60;59.10555556;12.34509804;;60;59.10555556;42;18;16.666666669999998;21.66666667;21.66666667;16.666666669999998;15.0;8.33333333
2023-09;National;GRENOBLE;PARIS LYON;179;192;1;;17;7.235294118;0.645724258;;21;20.12380952;4.094153578;;14;23.28452381;2;0;28.57142857;9.52380952;38.0952381;14.28571429;4.76190476;4.76190476
2023-09;National;LE MANS;PARIS MONTPARNASSE;56;470;2;;186;18.17580645;7.315122126;;103;41.9131068;9.420905172;;58;67.57155172;39;25;15.84158416;38.61386138999999;21.78217822;16.83168317;1.98019802;4.95049505
2023-09;National;PARIS MONTPARNASSE;VANNES;157;250;1;;50;26.09366667;4.925167336;;40;48.55;8.891566265;;24;72.60416667;19;9;15.38461538;48.71794872;10.25641026;20.51282051;0.0;5.12820513
2023-09;National;NIMES;PARIS LYON;178;240;0;;104;11.83253205;5.220711297;;57;34.39269006;8.729567643;;46;39.50144928;22;7;22.80701754;24.56140351;38.596491230000005;10.52631579;0.0;3.50877193
2023-09;National;PARIS EST;METZ;85;280;0;;34;17.0004902;2.104226191;;34;26.00833333;3.906785714;;13;51.13076923;5;4;3.03030303;9.09090909;18.18181818;33.333333329999995;27.27272727;9.09090909
2023-09;National;PARIS LYON;MONTPELLIER;213;207;0;;43;19.76085271;3.904025765;;27;57.67222222;9.289935588;;27;57.67222222200001;21;10;14.814814809999998;33.333333329999995;7.407407409999999;33.333333329999995;3.7037037;7.407407409999999
2023-09;National;PARIS LYON;NIMES;180;190;0;;39;20.71239316;3.875438597;;24;55.68263889;9.282368421;;23;57.56086957;17;8;8.33333333;33.333333329999995;4.16666667;45.83333333;4.16666667;4.16666667
2023-09;National;PARIS NORD;ARRAS;49;510;4;;66;16.22045455;1.819334651;;51;25.95620915;3.5861001317999994;;30;37.02;18;3;4.08163265;4.08163265;16.32653061;20.40816327;36.73469388;18.36734694
2023-09;National;QUIMPER;PARIS MONTPARNASSE;232;257;0;;16;15.21770833;0.972859025;;38;44.22280702;7.051581028;;38;44.22280702;17;9;7.894736839999999;39.47368421;28.947368420000004;7.894736839999999;13.15789474;2.63157895
2023-09;National;PARIS LYON;MULHOUSE VILLE;171;294;0;;44;21.46931818;3.069444444;;62;33.84327957;8.766213152;;40;45.3;22;9;6.55737705;32.78688525;18.03278689;22.95081967;13.1147541;6.55737705
2023-09;National;STRASBOURG;NANTES;328;55;0;;18;7.015740741;2.406363636;;9;53.96481482;9.670909091;;9;53.96481482;2;2;44.444444440000005;11.11111111;11.11111111;11.11111111;11.11111111;11.11111111
2023-09;National;LILLE;MARSEILLE ST CHARLES;296;254;0;;63;8.394179894238095;1.955446194192913;;41;39.46750021;7.904724409492126;;41;44.17764227653658;17;9;17.073170730487806;21.951219512682925;21.951219516341464;12.19512195219512;4.878048777073171;21.95121951121951
2023-09;National;MONTPELLIER;PARIS LYON;208;240;0;;97;8.966323024;3.655090656;;46;39.50144928;8.729567643;;46;39.50144928;22;7;21.73913043;28.260869570000004;32.60869565;13.04347826;0.0;4.34782609
2023-09;National;NANTES;STRASBOURG;313;56;0;;10;21.81666667;3.813690476;;7;81.83809524;12.56726191;;7;81.83809523799998;5;3;0.0;42.85714286;14.28571429;0.0;0.0;42.85714286
2023-09;National;PARIS LYON;AVIGNON TGV;160;517;0;;70;16.62952381;2.055673759;;68;44.57254902;6.82205029;;56;51.16785714;37;18;19.11764706;26.47058824;20.58823529;23.52941176;7.35294118;2.94117647
2023-09;National;PARIS MONTPARNASSE;POITIERS;94;586;1;;92;27.72481884;4.002222222;;74;42.80067568;5.647037037;;47;61.40602837;33;17;2.73972603;53.42465753;10.95890411;16.43835616;10.95890411;5.479452049999999
2023-09;National;VALENCE ALIXAN TGV;PARIS LYON;133;421;0;;277;10.93219013;7.337188755;;79;37.12890295;6.170281125;;59;45.2920904;30;10;18.98734177;25.3164557;39.24050633;10.12658228;0.0;6.32911392
2023-09;National;PARIS EST;NANCY;97;299;0;;42;10.60119048;1.537458194;;18;25.70555556;2.772296544;;16;27.28958333;2;1;11.11111111;16.666666669999998;0.0;44.444444440000005;22.222222220000003;5.55555556
2023-09;International;PARIS LYON;ITALIE;423;30;16;;0;0.0;-0.029761905;;0;0.0;0.0;;0;0.0;0;0;0.0;0.0;0.0;0.0;0.0;0.0
2023-09;National;BESANCON FRANCHE COMTE TGV;PARIS LYON;133;165;0;;70;9.512380952;3.904573171;;20;40.37166667;6.506300813;;12;58.23055555599999;4;4;5.0;25.0;35.0;35.0;0.0;0.0
2023-09;International;PARIS EST;STUTTGART;190;138;1;;28;9.325;1.958515815;;24;31.52013889;10.82980535;;24;31.52013889;8;3;4.16666667;4.16666667;45.83333333;29.16666667;4.16666667;12.5
2023-09;National;LE CREUSOT MONTCEAU MONTCHANIN;PARIS LYON;78;238;1;;85;9.244509804;3.295762712;;36;19.10555556;3.588983051;;16;31.75729167;4;1;8.82352941;11.764705879999998;23.529411759999995;20.58823529;8.82352941;26.47058824
2023-09;National;PARIS LYON;LYON PART DIEU;119;753;1;;87;13.066666666999998;1.196786348;;62;28.08978495;2.345589539;;48;32.41527778;15;4;4.83870968;17.741935480000002;17.741935480000002;33.870967740000005;22.58064516;3.2258064500000003
2023-09;National;PARIS MONTPARNASSE;LAVAL;78;315;0;;61;27.36092896;5.001798942;;57;37.07631579;7.014920635;;23;77.66376812;15;11;3.50877193;45.61403509;10.52631579;21.05263158;12.28070175;7.01754386
2023-09;National;DUNKERQUE;PARIS NORD;132;166;0;;13;17.76923077;1.391566265;;19;31.59122807;5.297891566;;12;42.40694444;6;4;10.52631579;36.84210526;10.52631579;26.31578947;10.52631579;5.26315789
2023-09;International;LAUSANNE;PARIS LYON;229;156;0;;105;2.046507937;1.610822511;;7;34.40476191;2.460064935;;7;34.40476191;3;1;0.0;42.85714286;42.85714286;14.28571429;0.0;0.0
2023-09;National;AIX EN PROVENCE TGV;PARIS LYON;185;462;5;;317;9.187066246;6.450182349;;54;59.23024691;8.212071481;;54;59.23024691;35;17;25.92592593;24.07407407;20.37037037;9.25925926;11.11111111;9.25925926
2023-09;National;LYON PART DIEU;MARNE LA VALLEE;107;353;3;;275;12.09769697;9.570809524;;80;33.941875;9.60752381;;58;41.43678160899999;25;10;13.750000000000002;3.75;51.24999999999999;16.25;8.75;6.25
2023-09;National;RENNES;PARIS MONTPARNASSE;98;781;2;;317;10.84884332;4.451263925;;152;30.3691886;6.716002570699999;;88;44.81306818;41;20;10.81081081;41.21621622;19.59459459;14.18918919;7.432432429999999;6.75675676
2023-09;National;STRASBOURG;PARIS EST;116;596;2;;370;11.81779279;7.408263069;;142;25.671361502000003;8.060483418;;90;32.8487037;42;5;3.52112676;6.33802817;62.67605634;14.08450704;9.15492958;4.225352109999999
2023-09;International;ITALIE;PARIS LYON;430;30;17;;0;0.0;0.0;;1;0.0;2.546153846;;1;28.88333333;0;0;0.0;0.0;0.0;0.0;0.0;0.0
2023-09;International;STUTTGART;PARIS EST;195;140;1;;113;6.974041298;4.632971015;;33;30.03030303;12.12258454;;33;30.03030303;13;1;3.03030303;6.06060606;81.81818182;9.09090909;0.0;0.0
2023-09;National;ANGERS SAINT LAUD;PARIS MONTPARNASSE;94;560;0;;240;16.08430556;7.017056355;;99;50.82070707;9.286840528;;72;66.0337963;48;30;17.17171717;43.43434343;14.14141414;16.16161616;6.06060606;3.03030303
2023-09;National;MARSEILLE ST CHARLES;PARIS LYON;195;562;5;;157;16.69490446;4.569544365;;76;58.66710526;9.775479616;;76;58.66710526;50;22;25.0;25.0;18.42105263;17.10526316;6.578947370000001;7.894736839999999
2023-09;National;PARIS NORD;DOUAI;71;136;4;;19;16.25877193;2.027777778;;22;28.809090908999995;5.254166667;;14;39.60833333;5;1;9.09090909;18.18181818;13.63636364;31.818181820000003;22.72727273;4.5454545500000005
2023-09;National;PERPIGNAN;PARIS LYON;310;229;0;;17;8.696078431;0.415429403;;35;48.01380952;8.465211063;;35;48.01380952;19;7;14.28571429;31.42857143;28.57142857;11.428571430000002;0.0;14.28571429
2023-09;National;BELLEGARDE (AIN);PARIS LYON;161;245;0;;110;8.478636364;3.830952381;;25;32.436;4.30414966;;16;43.68854167;9;5;28.000000000000004;16.0;28.000000000000004;28.000000000000004;0.0;0.0
2023-09;National;PARIS LYON;DIJON VILLE;96;362;0;;54;21.44259259;3.059254144;;51;34.54183007;6.737430939;;40;40.32708333;19;8;1.96078431;27.45098039;9.80392157;35.294117650000004;21.56862745;3.92156863
2023-09;National;MARSEILLE ST CHARLES;LYON PART DIEU;106;477;0;;121;16.44628099;4.101502446;;62;51.43602151;8.614954577;;47;63.60283688;32;23;22.58064516;12.90322581;32.258064520000005;9.67741935;14.51612903;8.064516130000001
2023-09;National;PARIS EST;STRASBOURG;114;609;0;;96;13.83663194;2.190640394;;53;33.90188679;3.741434045;;35;44.46857143;19;7;15.09433962;1.88679245;13.20754717;43.39622642;11.32075472;15.09433962
2023-09;National;VANNES;PARIS MONTPARNASSE;165;280;1;;149;7.414541387;4.105755396;;53;36.70157233;7.979316547;;41;43.69715447;20;9;5.66037736;45.28301887;24.52830189;5.66037736;11.32075472;7.54716981
2023-09;National;PARIS LYON;MARSEILLE ST CHARLES;195;637;0;;87;16.7618774;2.053872318;;82;52.2449187;8.041575092;;82;52.2449187;52;27;21.95121951;23.17073171;7.31707317;26.82926829;9.75609756;10.97560976
2023-09;National;PARIS MONTPARNASSE;BREST;228;273;2;;48;18.52534722;2.56697417;;26;48.90384615;5.051660517;;26;48.90384615;17;5;15.38461538;50.0;7.69230769;23.07692308;0.0;3.84615385
2023-09;International;PARIS LYON;BARCELONA;399;63;0;;16;11.94583333;2.929365079400001;;4;50.75;4.158730159;;4;50.75;3;2;25.0;25.0;0.0;50.0;0.0;0.0
2023-09;National;PARIS LYON;VALENCE ALIXAN TGV;131;399;1;;84;16.45218254;3.2660804020000005;;55;36.84454546;6.044430486;;42;44.19563492;28;8;10.90909091;9.09090909;16.36363636;38.18181818;14.54545455;10.90909091
2023-09;National;PARIS MONTPARNASSE;TOULOUSE MATABIAU;265;216;0;;29;27.17586207;2.543287037;;29;45.70862069;6.616666667;;29;45.70862069;15;7;6.896551720000001;48.27586207;10.34482759;6.896551720000001;13.79310345;13.79310345
2023-09;International;PARIS EST;FRANCFORT;227;171;3;;21;14.4952381;1.8518849206000003;;27;42.35493827;9.812400794;;27;42.35493827;11;5;13.63636364;4.54545455;54.54545455;13.63636364;9.09090909;4.54545455
2023-09;National;PARIS MONTPARNASSE;BORDEAUX ST JEAN;140;1014;0;;161;24.32587992;3.500641026;;129;42.49870801;6.372682446;;106;48.84937107;49;26;7.751937979999999;48.0620155;10.85271318;17.82945736;10.85271318;4.65116279
2023-09;National;LYON PART DIEU;LILLE;189;332;3;;262;12.435178117276337;9.941084093;;86;33.44324851543512;11.64792299874833;;69;38.52246376852175;24;10;10.465116279302324;8.139534883488372;52.3255814;15.116279069534883;8.139534884;5.813953488372093
2023-09;National;MARNE LA VALLEE;MARSEILLE ST CHARLES;213;283;0;;153;7.139324619;3.970330969;;45;43.76555556;7.776832151300001;;45;43.76555556;19;10;17.77777778;24.44444444;20.0;13.33333333;4.44444444;20.0
2023-09;National;NANCY;PARIS EST;95;294;2;;95;9.579122807;3.186358448;;38;27.33157895;4.444178082;;28;32.56190476;11;2;5.26315789;34.21052632;10.52631579;31.57894737;13.15789474;5.26315789
2023-09;National;NICE VILLE;PARIS LYON;348;267;0;;37;20.93918919;2.779761905;;53;59.49748427699999;12.47261905;;53;59.49748428;36;16;15.09433962;22.64150943;22.64150943;18.86792453;13.20754717;7.54716981
2023-09;National;PARIS LYON;CHAMBERY CHALLES LES EAUX;170;201;17;;12;23.17777778;1.419655797;;26;31.73461539;5.999184783;;19;38.69824561;9;3;15.38461538;19.23076923;23.07692308;30.76923077;11.53846154;0.0
2023-09;National;ST MALO;PARIS MONTPARNASSE;151;96;0;;5;11.96333333;0.50122807;;14;43.06904762;7.095614035;;9;60.14814814799999;8;4;7.14285714;71.42857143;7.14285714;7.14285714;0.0;7.14285714
2023-09;National;DOUAI;PARIS NORD;75;182;0;;71;5.994366197;2.613240741;;33;18.6020202;4.058333333;;10;38.95;3;2;3.2258064500000003;25.80645161;41.93548387;12.90322581;12.90322581;3.2258064500000003
2023-09;National;LA ROCHELLE VILLE;PARIS MONTPARNASSE;170;217;1;;25;13.03466667;1.508641975;;41;36.18780488;8.352160494;;27;48.04814815;13;5;7.31707317;43.90243902;24.3902439;12.19512195;7.31707317;4.87804878
2023-09;National;TOURCOING;BORDEAUX ST JEAN;304;30;0;;0;0.0;0.007222222;;3;0.0;4.570555556;;3;53.92777778;1;1;0.0;33.333333329999995;0.0;66.66666667;0.0;0.0
2023-09;National;ANGOULEME;PARIS MONTPARNASSE;125;338;0;;202;9.14859736;5.45652819;;62;51.00537634;11.09896142;;43;67.84147287;22;13;8.064516130000001;43.5483871;14.51612903;16.129032260000002;4.83870968;12.90322581
2023-09;National;DIJON VILLE;PARIS LYON;98;358;0;;210;8.880238095;5.314319249;;50;31.58866667;6.082535211;;27;47.25;10;6;8.5106383;21.27659574;53.19148936;14.89361702;0.0;2.12765957
2023-09;National;MARSEILLE ST CHARLES;MARNE LA VALLEE;210;284;2;;53;14.45880503;2.449822695;;52;43.70416667;10.34036643;;52;43.70416667;25;10;15.38461538;13.46153846;34.61538462;17.30769231;11.53846154;7.69230769
2023-09;National;PARIS EST;REIMS;46;237;0;;28;14.58571429;1.79676512;;24;23.23333333;3.667862166;;12;34.88611111;7;2;8.33333333;4.16666667;25.0;41.666666670000005;4.16666667;16.666666669999998
2023-09;National;PARIS LYON;BELLEGARDE (AIN);162;245;0;;35;15.61238095;2.075306122;;31;33.01182796;5.632312925;;24;38.51388889;15;2;12.90322581;16.129032260000002;6.451612900000001;38.70967742;25.80645161;0.0
2023-09;National;PARIS MONTPARNASSE;ST PIERRE DES CORPS;63;506;2;;68;22.99289216;2.330456349;;54;31.105246913999995;3.661541005;;23;59.98333333;18;11;3.77358491;45.28301887;20.75471698;18.86792453;3.77358491;7.54716981
2023-09;National;NANTES;PARIS MONTPARNASSE;132;654;1;;165;20.4579798;4.893057683;;98;57.67738095;9.797498724;;85;64.55745098;55;33;17.5257732;48.45360825;9.27835052;15.463917529999998;7.216494850000001;2.0618556699999995
2023-09;National;REIMS;PARIS EST;46;237;0;;40;6.730833333;1.23164557;;22;21.88030303;3.188677918;;11;35.4030303;4;2;0.0;42.85714286;19.04761905;14.28571429;14.28571429;9.52380952
2023-09;National;PARIS LYON;TOULON;236;310;0;;62;18.23225807;3.3419354838999995;;60;66.73027778;13.9061828;;60;66.73027778;42;24;23.33333333;10.0;8.33333333;26.66666667;13.33333333;18.33333333
2023-09;National;MARNE LA VALLEE;LYON PART DIEU;106;415;0;;248;9.000067204;5.476472962;;60;33.73027778;6.115778854;;43;41.85930233;22;8;6.666666670000001;20.0;11.66666667;38.33333333;6.666666670000001;16.666666669999998
2023-09;National;MONTPELLIER;LYON PART DIEU;114;213;1;;55;22.14757576;5.75086478;;58;47.65747126;14.6220912;;39;64.20940171;25;12;22.4137931;13.79310345;31.03448276;10.34482759;15.51724138;6.896551720000001
2023-09;National;BREST;PARIS MONTPARNASSE;226;268;0;;13;22.92307692;1.127484277;;31;37.50215054;5.684968554;;31;37.50215054;10;5;16.129032260000002;32.258064520000005;12.90322581;25.80645161;12.90322581;0.0
2023-09;National;CHAMBERY CHALLES LES EAUX;PARIS LYON;173;204;17;;32;4.1;0.495543672;;18;25.98148148;3.13342246;;15;28.57777778;3;0;11.764705879999998;52.94117647;11.764705879999998;23.529411759999995;0.0;0.0
2023-09;National;LILLE;PARIS NORD;69;680;0;;129;9.046899224753489;1.5269362745114707;;98;21.84668465;4.318725490167942;;37;43.66351351335135;21;10;9.361135758571429;20.71872226877551;32.87488908836735;15.084294588367348;16.770186338367346;5.1907719575510205
2023-09;National;PARIS LYON;ANNECY;224;149;0;;10;24.70333333;1.555704698;;15;40.66666667;5.44295302;;15;40.66666667;7;2;6.666666670000001;26.66666667;20.0;33.333333329999995;13.33333333;0.0
2023-09;National;PARIS LYON;PERPIGNAN;306;233;0;;44;18.25340909;3.250715308;;33;46.7949495;7.040844063;;33;46.7949495;21;9;18.18181818;27.27272727;12.12121212;27.27272727;12.12121212;3.03030303
2023-09;National;LYON PART DIEU;MARSEILLE ST CHARLES;108;505;2;;266;13.1679198;6.994499669;;104;39.49519231;9.461597084;;89;43.9741573;41;19;14.42307692;16.34615385;28.84615385;15.38461538;7.69230769;17.30769231
2023-09;National;PARIS LYON;AIX EN PROVENCE TGV;183;527;0;;67;16.82487562;1.923055029;;58;50.63936782;6.706957622;;58;50.63936782;39;19;24.13793103;25.862068970000003;8.62068966;25.862068970000003;8.62068966;6.896551720000001
2023-09;National;PARIS LYON;GRENOBLE;179;213;4;;27;23.47654321;2.850956938;;35;37.57142857;6.564593301;;28;43.76785714;12;6;2.8571428600000006;17.14285714;14.28571429;54.28571429;11.428571430000002;0.0
2023-09;National;PARIS LYON;LE CREUSOT MONTCEAU MONTCHANIN;77;232;0;;29;12.03735632;1.356752874;;24;26.75;3.18512931;;14;38.39047619;7;1;0.0;16.666666669999998;12.5;33.333333329999995;33.333333329999995;4.16666667
2023-09;National;PARIS MONTPARNASSE;LA ROCHELLE VILLE;176;225;2;;38;24.52719298;3.596412556;;35;41.6;7.237668161399999;;29;47.51724138;18;9;11.76470588;47.05882353;5.8823529400000005;11.76470588;11.76470588;11.76470588
2023-09;National;LYON PART DIEU;MONTPELLIER;115;249;0;;149;16.01442953;9.448924731;;51;59.30849673;12.34469086;;40;71.48916667;20;14;21.56862745;21.56862745;17.64705882;25.49019608;5.88235294;7.84313725
2023-09;National;ST PIERRE DES CORPS;PARIS MONTPARNASSE;62;533;4;;233;7.906151645;3.626249209;;106;24.13915094;5.572422517;;44;45.02840909;23;7;3.84615385;22.11538462;32.69230769000001;23.07692308;6.73076923;11.53846154
2023-09;National;ARRAS;PARIS NORD;51;496;0;;267;7.54463171;4.085450269;;100;18.7115;4.717372312;;32;38.76875;14;6;3.1914893600000003;28.72340426;34.04255319;19.14893617;10.63829787;4.25531915
2023-09;National;LYON PART DIEU;RENNES;237;87;0;;52;9.508974359;5.847701149;;10;48.05666667;7.444252874;;10;48.05666667;5;3;20.0;40.0;20.0;20.0;0.0;0.0
2023-09;National;SAINT ETIENNE CHATEAUCREUX;PARIS LYON;169;116;0;;17;5.012745098;1.106752874;;17;19.01862745;4.327729885;;9;23.2462963;1;0;0.0;35.294117650000004;17.64705882;29.41176471;11.76470588;5.88235294
2023-09;International;FRANCFORT;PARIS EST;232;171;1;;91;5.847619048;3.205952381;;38;38.69254386;11.69325397;;38;38.69254386;20;3;5.26315789;7.894736839999999;78.94736842;5.26315789;2.63157895;0.0
2023-09;National;AVIGNON TGV;PARIS LYON;162;483;5;;301;9.512070875;6.029672246;;78;43.45470086;8.111052999;;56;55.40029762;36;16;24.35897436;23.07692308;24.35897436;8.97435897;12.82051282;6.41025641
2023-09;National;LAVAL;PARIS MONTPARNASSE;79;290;1;;85;16.65843137;4.779527105;;65;31.83307692;7.469607843;;34;50.83872549;16;8;10.9375;40.625;17.1875;12.5;3.125;15.625
2023-09;National;PARIS LYON;MACON LOCHE;92;239;6;;19;19.50175439;1.474892704;;33;22.45808081;4.71130186;;17;34.87745098;7;1;0.0;10.0;36.66666667;26.66666667;20.0;6.666666670000001
2023-09;National;PARIS LYON;NICE VILLE;344;254;2;;52;18.87980769;3.599074074;;58;65.21637931;14.86441799;;58;65.21637931;34;24;25.862068970000003;15.51724138;20.68965517;20.68965517;8.62068966;8.62068966
2023-09;National;PARIS NORD;LILLE;69;661;1;;65;16.05846153823077;1.2402525252560606;;83;23.87894965063077;3.642626262594849;;36;43.47916667;20;7;9.977409638554215;7.479919681;30.020080319277103;16.227409638554217;22.51506024096385;13.78012048192771
2023-09;National;BORDEAUX ST JEAN;TOURCOING;337;30;0;;5;3.443333333;0.390555556;;2;50.5;0.933333333;;2;50.5;1;1;0.0;100.0;0.0;0.0;0.0;0.0
2023-09;National;PARIS MONTPARNASSE;ST MALO;154;95;0;;19;26.49385965;5.028947368;;11;54.07121212;6.735614035;;6;88.16388889;4;3;0.0;18.18181818;9.09090909;36.36363636;27.27272727;9.09090909
2023-10;National;PERPIGNAN;PARIS LYON;309;228;1;;35;24.22809524;3.533480176;;35;50.73904762;8.948237886;;35;50.73904762;17;8;11.428571430000002;22.857142860000003;25.71428571;11.428571430000002;17.14285714;11.428571430000002
2023-10;National;AIX EN PROVENCE TGV;PARIS LYON;184;487;3;;302;10.01291391;6.357782369;;57;57.1871345;8.233884298;;56;57.92678571;35;21;0.0;29.8245614;28.07017544;14.03508772;19.29824561;8.771929819999999
2023-10;National;LYON PART DIEU;RENNES;236;90;0;;50;7.263999999999999;4.201481482;;8;44.37916667;5.185740741;;8;44.37916667;4;2;25.0;37.5;12.5;25.0;0.0;0.0
2023-10;National;ARRAS;PARIS NORD;51;518;4;;251;6.902058433;3.42108512;;94;18.31737589;4.318226121;;37;32.45;16;1;5.31914894;23.40425532;36.17021277;13.82978723;12.765957450000002;8.5106383
2023-10;National;LYON PART DIEU;MARSEILLE ST CHARLES;104;486;0;;247;11.57327935;6.021831956;;118;32.53559322;9.025103306;;87;39.38659004;37;13;5.17241379;20.68965517;39.65517241;10.34482759;11.20689655;12.93103448
2023-10;National;PARIS LYON;MARSEILLE ST CHARLES;194;660;0;;78;25.98333333;2.819015152;;74;53.99572072;7.485050505;;74;53.99572072;44;24;4.05405405;25.67567568;10.81081081;32.432432430000006;18.91891892;8.10810811
2023-10;National;PARIS MONTPARNASSE;BORDEAUX ST JEAN;143;1054;0;;156;16.51698718;2.055234029;;122;31.60928962;4.553289058;;81;40.99979424;42;15;23.52941176;18.48739496;10.08403361;21.00840336;15.12605042;11.76470588
2023-10;National;PARIS MONTPARNASSE;ST PIERRE DES CORPS;63;525;3;;73;12.63584475;1.387962963;;68;19.13946078;2.812356322;;26;33.9474359;14;2;19.35483871;9.67741935;20.96774194;19.35483871;16.129032260000002;14.51612903
2023-10;National;VANNES;PARIS MONTPARNASSE;164;285;1;;169;9.996153846;6.089575972;;49;56.74659864;11.30924617;;38;69.40657895;22;14;22.44897959;36.73469388;14.28571429;14.28571429;6.122448980000001;6.122448980000001
2023-10;International;GENEVE;PARIS LYON;192;239;0;;158;2.802004219;2.079846583;;9;55.17222222;4.011436541;;9;55.17222222;7;3;11.11111111;33.333333329999995;33.333333329999995;22.222222220000003;0.0;0.0
2023-10;International;LAUSANNE;PARIS LYON;230;153;1;;106;3.0924528302000005;2.389726027;;7;62.21904762;5.563127854;;7;62.21904762;3;3;14.28571429;14.28571429;28.57142857;28.57142857;14.28571429;0.0
2023-10;National;MARNE LA VALLEE;LYON PART DIEU;106;415;0;;268;9.187562189;5.470974235;;74;27.99504505;6.160829307600001;;37;42.74594595;16;7;6.75675676;12.16216216;22.97297297;33.78378378;10.81081081;13.51351351
2023-10;National;TOURCOING;BORDEAUX ST JEAN;301;31;0;;2;2.0;0.129032258;;2;17.15833333;2.534408602;;2;17.15833333;0;0;0.0;50.0;0.0;50.0;0.0;0.0
2023-10;International;BARCELONA;PARIS LYON;405;62;0;;30;6.307777778;3.036021505;;15;28.22666667;8.876075269;;15;28.22666667;3;1;13.33333333;20.0;33.333333329999995;13.33333333;6.666666670000001;13.33333333
2023-10;National;BORDEAUX ST JEAN;PARIS MONTPARNASSE;144;1100;1;;400;11.00058333;3.915423111900001;;153;33.13769063;5.634834698;;115;39.6126087;47;14;24.83660131;30.06535948;20.26143791;9.80392157;5.88235294;9.1503268
2023-10;National;MACON LOCHE;PARIS LYON;94;200;0;;104;10.42067308;5.523247863200001;;39;31.33076923;5.511452991499999;;28;38.85;9;4;17.948717950000002;35.897435900000005;35.897435900000005;7.69230769;0.0;2.56410256
2023-10;National;PARIS LYON;AVIGNON TGV;159;492;0;;53;31.8836478;3.212906504;;49;49.80510204;6.07601626;;46;52.16666667;27;14;4.16666667;18.75;10.41666667;35.41666667;22.91666667;8.33333333
2023-10;National;PARIS LYON;NIMES;179;201;0;;35;17.80333333;2.854311775;;42;60.780952381000006;14.47587065;;34;71.68431373;22;12;2.38095238;26.19047619;19.04761905;30.95238095;11.9047619;9.52380952
2023-10;National;LILLE;MARSEILLE ST CHARLES;293;256;0;;70;14.322142857131428;3.830468750035938;;55;35.487534113085715;10.669726562391016;;55;39.63606060603637;24;7;7.272727275818182;19.99999999709091;23.63636363636364;10.909090908181817;14.545454548909092;23.63636363672727
2023-10;National;PARIS LYON;LE CREUSOT MONTCEAU MONTCHANIN;77;230;0;;24;22.27569444;1.501594203;;17;27.23529412;2.208623188;;7;51.63333333;4;2;5.88235294;11.76470588;29.41176471;17.64705882;23.52941176;11.76470588
2023-10;International;STUTTGART;PARIS EST;213;48;0;;29;11.06436782;6.533333333;;22;36.13181818;20.55763889;;22;36.13181818;8;3;4.5454545500000005;0.0;86.36363636;0.0;9.09090909;0.0
2023-10;National;MARNE LA VALLEE;MARSEILLE ST CHARLES;210;289;0;;162;11.48683128;6.574826389;;61;42.6136612;10.90162037;;61;42.6136612;30;10;6.55737705;19.67213115;21.31147541;14.75409836;14.75409836;22.95081967
2023-10;National;NICE VILLE;PARIS LYON;346;243;0;;28;34.48392857;3.837741047;;44;54.67083333;11.53842975;;44;54.67083333;23;12;2.27272727;34.09090909;25.0;18.18181818;15.909090910000002;4.5454545500000005
2023-10;National;PARIS EST;REIMS;48;247;0;;40;14.95708333;2.477935223;;46;21.52898551;5.5731444;;21;35.37857143;7;1;4.444444440000001;35.55555556000001;13.33333333;22.222222220000003;13.33333333;11.11111111
2023-10;National;PARIS LYON;AIX EN PROVENCE TGV;182;544;0;;59;35.9700565;3.666636029;;65;49.8874359;6.888051471;;59;53.60819209;36;18;3.125;21.875;12.5;35.9375;20.3125;6.25
2023-10;National;PARIS MONTPARNASSE;ANGERS SAINT LAUD;89;548;0;;68;14.74215686;1.481447689;;70;29.23547619;4.574695864;;42;42.94087302;22;9;27.41935484;14.51612903;20.96774194;20.96774194;9.67741935;6.451612900000001
2023-10;National;PARIS MONTPARNASSE;NANTES;129;632;1;;78;14.88482906;1.512995246;;73;52.35616438;6.809508716;;59;61.66384181;40;19;35.616438360000004;20.54794521;21.91780822;10.95890411;6.84931507;4.10958904
2023-10;National;PARIS MONTPARNASSE;VANNES;157;260;1;;46;14.15942029;2.164993565;;38;34.64473684;6.652509653;;24;47.47916667;12;7;18.42105263;18.42105263;15.78947368;15.78947368;10.52631579;21.05263158
2023-10;National;MARSEILLE ST CHARLES;LYON PART DIEU;104;453;0;;109;14.075076452999998;3.157064018;;71;35.30117371;7.472626931600001;;50;44.372;20;10;8.57142857;24.28571429;30.0;7.14285714;8.57142857;21.42857143
2023-10;National;MONTPELLIER;LYON PART DIEU;113;209;0;;58;11.29195402;3.164673046;;41;30.75447155;8.361004785;;31;36.44946237;12;4;2.43902439;24.3902439;31.70731707;17.07317073;14.63414634;9.75609756
2023-10;National;AVIGNON TGV;PARIS LYON;161;500;3;;291;8.660423826;5.065560027;;66;40.4969697;6.396210597;;45;53.42;26;17;0.0;19.6969697;39.39393939;16.666666669999998;13.63636364;10.60606061
2023-10;National;ST PIERRE DES CORPS;PARIS MONTPARNASSE;63;553;0;;268;5.69141791;2.894303798;;109;16.28195719;4.136558168;;38;29.40570175;13;2;13.483146069999998;13.483146069999998;39.3258427;16.85393258;6.7415730300000005;10.11235955
2023-10;National;MONTPELLIER;PARIS LYON;208;248;0;;119;11.07296919;5.308602151;;45;47.73333333;9.879637097;;45;47.73333333299999;17;9;11.11111111;24.44444444;37.77777778;6.666666670000001;8.88888889;11.11111111
2023-10;National;PARIS LYON;MACON LOCHE;93;222;0;;26;16.89935897;1.826876877;;24;27.57361111;4.698648649;;15;37.96666667;5;3;8.695652169999999;8.695652169999999;21.73913043;43.47826087;13.04347826;4.34782609
2023-10;National;PARIS MONTPARNASSE;LAVAL;78;320;1;;47;13.62730497;1.628996865;;47;24.62943262;4.091797283;;23;40.82318841;10;3;19.51219512;24.3902439;17.07317073;19.51219512;12.19512195;7.31707317
2023-10;National;PARIS NORD;LILLE;70;698;7;;54;12.22283951;0.6535455861178003;;101;15.60501355;3.6014230583593343;;28;31.33928571;10;2;4.433832155544555;23.58329388039604;38.298923447821785;11.152508182376236;5.666824476237623;16.864617857623763
2023-10;National;TOULON;PARIS LYON;239;301;0;;161;14.15134576;7.624473976;;46;57.876449275000006;10.98859358;;46;57.876449275000006;25;14;2.17391304;34.7826087;23.91304348;17.39130435;15.2173913;6.521739129999999
2023-10;International;PARIS LYON;LAUSANNE;231;163;9;;16;15.24791667;1.358441558;;20;35.4;5.923051948;;20;35.4;9;1;5.263157890000001;47.36842105;10.52631579;15.78947368;10.52631579;10.52631579
2023-10;National;LILLE;PARIS NORD;69;714;6;;161;6.613146997901241;1.3257215243949152;;92;16.958113703788822;3.3575300735305085;;27;31.31728395051852;11;1;5.475799833913044;21.103363411304347;39.109926165108696;9.946677602391302;13.289581627608694;11.074651349673914
2023-10;International;PARIS EST;STUTTGART;207;49;0;;13;11.56410256;3.127891157;;27;31.98580247;20.90102041;;27;31.98580247;10;3;0.0;25.92592593;48.14814815;22.22222222;3.7037037;0.0
2023-10;National;ANGERS SAINT LAUD;PARIS MONTPARNASSE;93;575;3;;321;8.017393562;4.650527241;;92;36.26557971;6.465934388;;58;51.14856322;25;13;26.43678161;22.98850575;24.13793103;5.74712644;13.79310345;6.896551720000001
2023-10;National;LE CREUSOT MONTCEAU MONTCHANIN;PARIS LYON;79;235;0;;97;10.49020619;4.278652482;;35;24.19095238;4.407588653;;14;46.97738095;11;2;3.03030303;3.03030303;33.333333329999995;30.3030303;12.12121212;18.18181818
2023-10;National;RENNES;LYON PART DIEU;238;90;0;;14;6.23452381;0.965185185;;7;50.66666667;3.8616666667000006;;7;50.66666667;5;2;28.57142857;42.85714286;0.0;14.28571429;14.28571429;0.0
2023-10;National;METZ;PARIS EST;91;319;0;;113;9.245427729;3.202351097;;64;25.4359375;6.256948798;;30;41.62666667;15;5;4.76190476;19.04761905;39.68253968;7.936507939999999;19.04761905;9.52380952
2023-10;National;GRENOBLE;PARIS LYON;181;201;1;;17;23.76470588;2.022;;36;37.11990741;8.729916667;;26;46.23076923;14;9;19.44444444;25.0;25.0;25.0;5.55555556;0.0
2023-10;National;LYON PART DIEU;MONTPELLIER;113;257;0;;145;9.821264368;5.628793774;;52;28.40608974;6.742217899;;31;38.82741936;12;7;11.53846154;26.92307692;21.15384615;23.07692308;5.76923077;11.53846154
2023-10;National;PARIS MONTPARNASSE;QUIMPER;227;245;5;;45;14.39074074;2.062708333;;24;41.52083333;5.39375;;24;41.52083333;13;4;33.333333329999995;20.83333333;8.33333333;12.5;8.33333333;16.666666669999998
2023-10;National;REIMS;PARIS EST;50;247;0;;53;9.078616352;2.042847503;;46;23.89347826;4.602361673;;15;53.61777778;9;4;9.302325580000002;48.8372093;13.95348837;13.95348837;4.651162790000001;9.302325580000002
2023-10;National;DUNKERQUE;PARIS NORD;132;172;0;;8;12.75;0.607142857;;14;27.54166667;3.4152777778000005;;11;31.40606061;5;0;0.0;28.57142857;28.57142857;14.28571429;14.28571429;14.28571429
2023-10;National;MARSEILLE ST CHARLES;PARIS LYON;195;566;3;;130;13.18076923;2.869756387;;58;54.2316092;6.861378491;;58;54.2316092;35;21;1.7241379300000002;27.5862069;22.4137931;18.96551724;15.51724138;13.79310345
2023-10;National;PARIS MONTPARNASSE;TOULOUSE MATABIAU;269;218;1;;27;19.944444443999995;2.073348694;;27;40.1462963;4.986943164;;27;40.1462963;13;8;19.23076923;42.30769231;19.23076923;11.53846154;7.69230769;0.0
2023-10;National;PARIS LYON;NICE VILLE;344;227;0;;35;30.95047619;4.441997063;;41;64.32723577;12.96894273;;41;64.32723577;24;13;14.63414634;34.14634146;12.19512195;14.63414634;4.87804878;19.51219512
2023-10;National;ST MALO;PARIS MONTPARNASSE;151;98;0;;8;13.47916667;0.959183674;;10;27.56333333;4.912244898;;6;37.275;2;1;30.0;20.0;20.0;20.0;0.0;10.0
2023-10;National;SAINT ETIENNE CHATEAUCREUX;PARIS LYON;169;113;0;;17;5.354901961;1.119345238;;14;35.42380952;6.030803571;;9;47.3962963;4;1;0.0;14.28571429;28.57142857;35.71428571;14.28571429;7.14285714
2023-10;International;ZURICH;PARIS LYON;252;161;0;;58;1.5;1.009791667;;5;23.59333333;3.966979167;;5;23.59333333;1;0;20.0;0.0;80.0;0.0;0.0;0.0
2023-10;National;BELLEGARDE (AIN);PARIS LYON;160;249;0;;105;4.43031746;1.926907631;;20;35.56916667;4.247389558200001;;10;58.12666666700001;8;4;10.0;25.0;40.0;20.0;5.0;0.0
2023-10;National;LA ROCHELLE VILLE;PARIS MONTPARNASSE;173;215;0;;19;6.277192983;0.554728682;;25;25.59333333;4.199457364;;21;27.66269841;5;1;8.0;24.0;36.0;16.0;8.0;8.0
2023-10;National;MARSEILLE ST CHARLES;TOURCOING;289;31;0;;9;39.93518519;11.4139785;;10;58.70000000000001;21.0;;10;58.7;6;4;0.0;10.0;10.0;20.0;60.0;0.0
2023-10;National;PARIS LYON;LYON PART DIEU;119;750;7;;93;21.15358423;2.441655451;;54;44.99104938;3.464131898;;40;56.28083333;26;14;0.0;18.51851852;12.96296296;27.77777778;35.18518519;5.55555556
2023-10;National;ANNECY;PARIS LYON;226;161;0;;1;20.0;0.127291667;;24;27.05347222;6.043333333;;24;27.05347222;5;1;29.16666667;33.333333329999995;29.16666667;8.33333333;0.0;0.0
2023-10;National;PARIS MONTPARNASSE;POITIERS;95;606;0;;94;15.18280142;1.977227723;;81;25.80432099;3.743289329;;46;37.14710145;25;4;23.68421053;17.10526316;10.52631579;25.0;10.52631579;13.15789474
2023-10;National;QUIMPER;PARIS MONTPARNASSE;232;257;1;;18;24.71666667;1.761396574;;33;68.93080808;10.30349144;;33;68.93080808;18;12;30.3030303;36.36363636;12.12121212;12.12121212;3.03030303;6.06060606
2023-10;National;NANCY;PARIS EST;100;305;0;;78;9.725854701;2.56568306;;37;30.81441441;4.071092896;;29;35.47356322;14;2;8.10810811;40.54054054;2.7027027;27.02702703;8.10810811;13.51351351
2023-10;National;NANTES;PARIS MONTPARNASSE;131;669;3;;132;12.64684343;2.225062657;;87;41.12739464;6.266967419;;65;50.50666667;29;15;26.43678161;25.28735632;19.54022989;5.74712644;13.79310345;9.1954023
2023-10;National;PARIS LYON;ANNECY;224;155;1;;17;22.98823529;2.39448052;;24;41.0625;8.538961039;;24;41.0625;10;3;20.83333333;33.333333329999995;4.16666667;33.333333329999995;4.16666667;4.16666667
2023-10;National;PARIS LYON;DIJON VILLE;96;386;0;;49;20.47857143;2.450345423;;50;27.29466667;6.313687392;;32;35.321875;14;3;0.0;22.0;16.0;40.0;16.0;6.0
2023-10;National;PARIS EST;NANCY;100;317;0;;56;14.94702381;2.706046267;;39;32.08119658;5.427549947;;27;40.11358024700001;12;7;10.25641026;15.38461538;5.12820513;48.71794872;12.82051282;7.69230769
2023-10;National;PARIS LYON;SAINT ETIENNE CHATEAUCREUX;172;114;1;;15;16.03555556;1.8470501475000003;;8;29.28541667;4.210324484;;5;38.90666667;2;1;0.0;0.0;25.0;37.5;37.5;0.0
2023-10;National;STRASBOURG;NANTES;333;58;0;;17;5.592156863;1.75862069;;6;67.125;8.029597701;;6;67.125;4;3;50.0;33.333333329999995;0.0;16.666666669999998;0.0;0.0
2023-10;National;PARIS NORD;ARRAS;49;522;2;;61;12.57103825;1.242467949;;55;18.85333333;2.896634615;;20;34.135;10;3;3.84615385;9.61538462;23.07692308;26.92307692;1.92307692;34.61538462
2023-10;National;VALENCE ALIXAN TGV;PARIS LYON;133;435;1;;316;10.66935654;7.924454829;;82;41.7851626;7.372313084;;61;51.55546448;29;16;6.097560979999999;23.17073171;40.24390244;12.19512195;9.75609756;8.53658537
2023-10;National;NIMES;PARIS LYON;178;248;0;;115;12.16724638;5.690322581;;57;40.58918129;9.879637097;;45;47.73333333299999;17;9;8.771929819999999;21.05263158;38.596491230000005;14.03508772;8.771929819999999;8.771929819999999
2023-10;National;PARIS NORD;DOUAI;72;142;1;;10;13.02333333;0.698345154;;21;14.35873016;2.750472813;;4;31.16666667;2;0;5.26315789;5.26315789;15.78947368;36.84210526;5.26315789;31.57894737
2023-10;National;BORDEAUX ST JEAN;TOURCOING;333;31;1;;4;9.979166667;1.166111111;;0;0.0;2.166666667;;0;0.0;0;0;0.0;0.0;0.0;0.0;0.0;0.0
2023-10;National;LYON PART DIEU;LILLE;190;331;1;;255;12.819869280881568;9.940947941;;88;37.59908418930589;12.71027713019394;;74;41.67747747772973;28;11;9.090909087272726;23.863636364545453;30.681818179545456;15.909090912272728;11.363636359545454;9.090909087272726
2023-10;National;MULHOUSE VILLE;PARIS LYON;173;298;0;;117;4.91039886;1.954026846;;20;21.79916667;3.977516779;;10;31.02833333;3;1;15.78947368;10.52631579;63.15789474;5.263157890000001;5.263157890000001;0.0
2023-10;National;PARIS LYON;GRENOBLE;180;228;2;;31;17.13494624;2.179498525;;36;37.69444444;6.690265487;;26;46.88461539;12;6;19.44444444;22.222222220000003;22.222222220000003;25.0;11.11111111;0.0
2023-10;National;LAVAL;PARIS MONTPARNASSE;79;299;0;;115;15.77478261;6.096497175;;71;36.76244132;7.749039547999999;;38;60.58201754;18;11;24.61538462;38.46153846;9.23076923;12.307692309999998;3.07692308;12.307692309999998
2023-10;National;MARSEILLE ST CHARLES;LILLE;288;208;0;;27;22.09567901244445;2.574278846;;50;44.72452160485185;13.549358974616348;;50;42.727;19;7;12.0;24.0;22.0;18.0;8.0;16.0
2023-10;National;PARIS LYON;MONTPELLIER;211;213;0;;37;18.00585586;2.8755868544999994;;38;67.67192983;13.84827856;;38;67.67192983;26;12;7.894736839999999;31.57894737;10.52631579;36.84210526;7.894736839999999;5.26315789
2023-10;National;PARIS MONTPARNASSE;RENNES;98;781;1;;130;14.59384615;2.043653846;;99;31.22828283;3.684957265;;55;47.50575757600001;28;14;12.12121212;17.17171717;14.14141414;22.22222222;20.2020202;14.14141414
2023-10;National;PARIS NORD;DUNKERQUE;130;199;5;;26;14.73269231;1.646563574;;18;25.222222222000003;2.510309278;;12;31.83333333;5;0;5.55555556;11.11111111;27.77777778;27.77777778;5.55555556;22.222222220000003
2023-10;National;DIJON VILLE;PARIS LYON;98;371;1;;199;5.887269681700001;3.241394928;;45;21.140740740999995;5.250181159;;20;31.72;6;2;9.09090909;20.45454545;31.818181820000003;29.54545455;9.09090909;0.0
2023-10;National;PARIS LYON;VALENCE ALIXAN TGV;130;400;1;;76;30.50460526;5.563241437;;72;57.68032407;11.51106934;;56;70.31964286;36;21;5.55555556;9.72222222;9.72222222;54.16666667;8.33333333;12.5
2023-10;National;PARIS LYON;BESANCON FRANCHE COMTE TGV;130;162;0;;20;22.4375;2.448251029;;21;29.07460318;6.2718107;;12;41.55694444;7;2;0.0;35.0;10.0;40.0;5.0;10.0
2023-10;National;PARIS MONTPARNASSE;ST MALO;155;97;0;;16;10.696875;1.448453608;;6;25.56388889;2.164776632;;5;28.45;1;0;33.333333329999995;0.0;16.666666669999998;33.333333329999995;0.0;16.666666669999998
2023-10;National;CHAMBERY CHALLES LES EAUX;PARIS LYON;173;178;0;;55;4.109090909;1.096816479;;34;22.787745097999995;5.530992509;;24;27.05347222;5;1;20.58823529;35.294117650000004;38.23529412;5.88235294;0.0;0.0
2023-10;National;PARIS MONTPARNASSE;LA ROCHELLE VILLE;179;223;0;;32;16.64947917;2.037967115;;27;30.68518519;4.899103139;;24;32.89583333;9;1;40.74074074;3.7037037;11.11111111;29.62962963;11.11111111;3.7037037
2023-10;National;RENNES;PARIS MONTPARNASSE;98;818;1;;400;12.58675;6.185235174;;144;42.10069444;8.363824131;;88;62.31685606;49;31;22.85714286;28.57142857;20.0;12.14285714;7.14285714;9.28571429
2023-10;International;FRANCFORT;PARIS EST;236;176;2;;67;5.370646766;2.176878613;;41;37.66341463;11.5933526;;41;37.66341463;17;4;2.43902439;2.43902439;92.68292683;0.0;0.0;2.43902439
2023-10;International;PARIS EST;FRANCFORT;230;175;0;;29;19.31724138;3.260666667;;40;31.285;11.67952381;;40;31.285000000000004;12;4;8.10810811;18.91891892;54.05405405;8.10810811;2.7027027;8.10810811
2023-10;National;LYON PART DIEU;PARIS LYON;119;750;8;;318;8.563784067;3.811547136;;64;45.75052083;4.993820478;;48;56.25868056;32;12;4.76190476;20.63492063;12.6984127;30.15873016;20.63492063;11.11111111
2023-10;National;PARIS LYON;TOULON;238;293;0;;46;30.12789855;4.411547213;;44;63.98409091;10.81222981;;44;63.98409091;28;16;9.09090909;25.0;13.63636364;29.54545455;9.09090909;13.63636364
2023-10;National;PARIS MONTPARNASSE;TOURS;75;194;1;;28;12.52619048;1.403367876;;22;18.84772727;2.643523316;;7;38.48809523799999;4;1;30.0;5.0;25.0;15.0;20.0;5.0
2023-10;National;ANGOULEME;PARIS MONTPARNASSE;127;343;0;;204;6.120179739;3.641081871;;61;24.44234973;5.886890838;;45;28.24037037;15;2;18.03278689;29.50819672;24.59016393;9.83606557;4.91803279;13.1147541
2023-10;National;PARIS EST;STRASBOURG;117;637;3;;139;16.15251799;3.551419558;;96;36.40972222;7.051892745;;70;45.05357143;32;15;9.375;21.875;8.33333333;32.291666670000005;17.708333330000002;10.41666667
2023-10;National;MARSEILLE ST CHARLES;MARNE LA VALLEE;209;292;1;;41;31.40203252;4.119473081;;51;53.83398693;11.2943299;;51;53.83398693;23;14;9.80392157;25.49019608;17.64705882;17.64705882;19.60784314;9.80392157
2023-10;National;PARIS LYON;BELLEGARDE (AIN);162;248;0;;35;20.4252381;2.674126344;;36;32.17453704;5.916129032;;30;35.51888889;12;2;0.0;33.333333329999995;11.11111111;25.0;16.666666669999998;13.88888889
2023-10;National;PARIS MONTPARNASSE;LE MANS;57;432;1;;52;15.30384615;1.495630317;;39;34.81965812;2.400580046;;24;50.83055556;10;7;26.31578947;10.526315789999998;18.42105263;21.05263158;21.05263158;2.63157895
2023-10;National;POITIERS;PARIS MONTPARNASSE;97;499;0;;236;7.462076271;3.383601071;;99;20.62053872;5.166566265;;58;27.20344828;16;2;10.638297870000002;25.531914890000003;30.85106383;14.89361702;5.31914894;12.765957450000002
2023-10;National;DOUAI;PARIS NORD;75;191;2;;70;5.919047619;2.463315697;;34;19.10343137;4.508553792;;13;34.8948718;5;1;5.88235294;26.47058824;35.294117650000004;11.76470588;11.76470588;8.82352941
2023-10;National;LILLE;LYON PART DIEU;182;382;0;;179;8.255493482294971;3.373952879608377;;62;27.17148510274302;6.116797556740576;;32;42.22552083;14;5;8.064516133548388;9.677419358387098;20.967741932258065;35.48387096612903;12.90322580903226;12.90322581
2023-10;National;PARIS EST;METZ;87;286;0;;52;18.98910256;3.472027972;;77;23.94502165;7.922377622399999;;34;41.78529412;14;7;8.10810811;37.83783784;16.21621622;13.51351351;10.81081081;13.51351351
2023-10;National;PARIS LYON;PERPIGNAN;305;228;1;;48;33.86527778;6.933333333;;38;82.55087719;15.02239354;;38;82.55087719;29;20;5.26315789;34.21052632;7.894736839999999;39.47368421;5.26315789;7.894736839999999
2023-10;National;STRASBOURG;PARIS EST;119;615;2;;366;12.150000000000002;7.322702556;;163;28.97658487;9.197661773;;121;34.55509642;37;10;3.6809816;9.20245399;64.41717791;7.36196319;7.36196319;7.975460119999999
2023-10;National;TOULOUSE MATABIAU;PARIS MONTPARNASSE;271;223;0;;19;13.17368421;1.039088191;;27;40.02716049;6.517713005;;27;40.02716049;15;3;37.03703704;37.03703704;7.407407409999999;0.0;11.11111111;7.407407409999999
2023-10;International;PARIS LYON;GENEVE;192;244;0;;34;20.91568628;2.708879781;;26;32.32948718;3.881010929;;26;32.32948718;9;1;3.84615385;30.76923077;19.23076923;26.92307692;11.53846154;7.69230769
2023-10;National;NANTES;STRASBOURG;311;57;0;;6;2.652777778;0.39502924;;5;38.98333333;6.114327485;;5;38.98333333;2;1;20.0;20.0;40.0;20.0;0.0;0.0
2023-10;International;PARIS LYON;ZURICH;244;143;1;;15;13.47333333;1.055399061;;17;30.75980392;6.47230047;;17;30.75980392;4;2;5.88235294;47.05882353;11.76470588;17.64705882;11.76470588;5.88235294
2023-10;National;BESANCON FRANCHE COMTE TGV;PARIS LYON;134;166;0;;44;6.122727272700001;1.449899598;;17;21.72254902;4.460542169;;7;34.16904762;2;1;5.88235294;23.52941176;17.64705882;47.05882353;5.88235294;0.0
2023-10;National;BREST;PARIS MONTPARNASSE;227;277;0;;15;11.66666667;0.636714976;;31;61.441397849000005;8.53852657;;31;61.44139785;19;11;29.03225806;32.258064520000005;19.35483871;6.451612900000001;0.0;12.90322581
2023-10;National;LYON PART DIEU;MARNE LA VALLEE;107;352;0;;267;13.27003745;10.16044634;;84;37.6202381;10.25413105;;56;49.97321429;26;9;7.14285714;22.61904762;26.19047619;20.23809524;11.9047619;11.9047619
2023-10;National;PARIS LYON;CHAMBERY CHALLES LES EAUX;170;172;0;;18;21.77592593;2.134011628;;48;28.638194444000003;10.04098837;;27;40.74074074;14;4;15.2173913;32.60869565;30.43478261;13.04347826;6.521739129999999;2.17391304
2023-10;National;PARIS MONTPARNASSE;ANGOULEME;126;302;0;;41;15.273577235999998;1.717935982;;35;37.06952381;5.515397351;;23;49.47101449299999;13;2;20.58823529;14.70588235;14.70588235;20.58823529;11.76470588;17.64705882
2023-10;National;PARIS MONTPARNASSE;BREST;230;280;1;;48;16.0125;2.1;;30;42.05;5.725806452;;30;42.05;18;5;36.66666667;6.666666670000001;6.666666670000001;16.666666669999998;13.33333333;20.0
2023-10;International;PARIS LYON;BARCELONA;400;62;0;;10;25.74833333;3.969354839;;8;118.375;15.61290323;;8;118.375;8;6;12.5;37.5;12.5;25.0;12.5;0.0
2023-10;National;LE MANS;PARIS MONTPARNASSE;57;476;1;;210;11.37928571;5.15;;110;34.69363636;6.295519713;;63;53.60132275099999;26;15;24.24242424;28.28282828;18.18181818;11.11111111;6.06060606;12.12121212
2023-10;National;PARIS LYON;MULHOUSE VILLE;171;301;0;;36;17.6787037;1.958637874;;29;42.57701149;6.333111849;;22;52.08409091;14;4;10.34482759;27.5862069;3.4482758600000003;31.03448276;13.79310345;13.79310345
2023-10;National;TOURS;PARIS MONTPARNASSE;76;198;0;;18;5.99537037;0.557659933;;41;13.03943089;3.952356902400001;;10;26.58166667;2;0;13.79310345;10.34482759;55.17241378999999;13.79310345;6.896551720000001;0.0
2023-11;National;MULHOUSE VILLE;PARIS LYON;171;322;2;;139;6.951918465;3.022447917;;36;67.60092593;8.99515625;;29;80.79482759;20;14;41.666666670000005;11.11111111;27.77777778;16.666666669999998;0.0;2.77777778
2023-11;National;PARIS LYON;SAINT ETIENNE CHATEAUCREUX;172;100;3;;7;18.34285714;1.002061856;;12;28.11944444;5.820790378;;8;35.175;4;1;9.09090909;9.09090909;18.18181818;27.27272727;9.09090909;27.27272727
2023-11;National;CHAMBERY CHALLES LES EAUX;PARIS LYON;173;167;0;;44;4.172348485;0.8808383233999999;;41;23.36300813;7.971856287;;33;25.93131313;5;0;14.63414634;31.70731707;51.2195122;2.43902439;0.0;0.0
2023-11;National;PARIS MONTPARNASSE;ANGOULEME;124;297;4;;47;17.21453901;2.227303754;;39;28.72222222;5.060125142;;29;33.74885058;9;4;12.82051282;12.82051282;12.82051282;15.38461538;23.07692308;23.07692308
2023-11;National;ANGOULEME;PARIS MONTPARNASSE;126;328;1;;207;7.397826087;4.738854489;;69;23.54033816;5.829824561;;46;28.82318841;13;2;24.63768116;11.5942029;31.88405797;17.39130435;2.89855072;11.5942029
2023-11;National;DUNKERQUE;PARIS NORD;133;162;16;;10;15.6;1.090909091;;25;32.32;6.955827506;;19;37.95701754;7;4;16.0;28.000000000000004;24.0;12.0;8.0;12.0
2023-11;National;PARIS LYON;MACON LOCHE;92;216;1;;28;16.01428571;1.935581395;;34;18.49607843;4.906589147;;17;27.95882353;5;0;8.82352941;5.88235294;38.23529412;20.58823529;14.70588235;11.76470588
2023-11;National;VANNES;PARIS MONTPARNASSE;164;287;8;;188;13.91382979;9.916102757;;76;50.10570175;16.11340852;;52;66.94455128;34;19;12.0;21.33333333;29.33333333;22.66666667;9.33333333;5.33333333
2023-11;National;LYON PART DIEU;MONTPELLIER;113;248;0;;129;10.73449612;5.722513441;;40;25.98625;5.614112903;;29;30.67701149;9;2;15.0;22.5;25.0;15.0;12.5;10.0
2023-11;National;NIMES;PARIS LYON;178;239;1;;82;10.9648374;3.799789916;;42;27.3952381;5.768977591;;29;33.49310345;13;1;30.95238095;11.9047619;33.333333329999995;16.666666669999998;2.38095238;4.76190476
2023-11;National;PARIS EST;NANCY;97;265;0;;34;17.38627451;2.294654088;;27;28.99506173;4.376792453;;22;32.58257576;8;2;14.814814809999998;11.11111111;3.7037037;44.44444444;3.7037037;22.22222222
2023-11;National;PARIS LYON;GRENOBLE;181;215;5;;24;22.04861111;2.308730159;;49;27.46938776;8.2;;31;35.88709677;13;3;2.04081633;38.7755102;28.57142857;22.44897959;6.122448980000001;2.04081633
2023-11;National;PARIS LYON;PERPIGNAN;305;202;1;;32;25.38854167;3.835406302;;44;53.16136364;13.60182421;;44;53.16136364;20;9;50.0;20.45454545;11.36363636;13.63636364;2.27272727;2.27272727
2023-11;National;LYON PART DIEU;MARSEILLE ST CHARLES;104;428;2;;212;14.55778302;7.160758998;;113;34.40501475;11.010876369000002;;88;40.60284091;38;13;15.92920354;6.19469027;31.85840708;17.69911504;8.84955752;19.46902655
2023-11;National;BREST;PARIS MONTPARNASSE;227;275;3;;17;31.43921569;2.48124031;;41;60.63252032500001;9.245426357;;41;60.63252033;26;13;24.3902439;19.51219512;29.26829268;14.63414634;4.87804878;7.31707317
2023-11;National;LE CREUSOT MONTCEAU MONTCHANIN;PARIS LYON;79;227;0;;71;6.422065728;1.943171806;;26;14.6448718;2.535315712;;7;30.29761905;3;0;4.34782609;8.695652169999999;34.7826087;8.695652169999999;21.73913043;21.73913043
2023-11;National;LYON PART DIEU;PARIS LYON;119;738;0;;281;7.019632266;2.772244806;;70;22.33547619;3.598780488;;39;29.36282051;14;2;4.41176471;11.76470588;32.35294118;26.47058824;13.23529412;11.76470588
2023-11;National;PARIS EST;STRASBOURG;114;577;13;;145;20.12942529;5.170035461;;91;43.42032967;8.930053192;;83;46.37971888;44;10;17.58241758;8.79120879;3.2967033;36.26373626;24.17582418;9.89010989
2023-11;National;PARIS LYON;BELLEGARDE (AIN);162;240;1;;39;17.94059829;2.743723849;;46;32.85543478;7.742817294;;35;38.73095238;16;5;37.77777778;11.11111111;20.0;8.888888890000002;15.55555556;6.666666670000001
2023-11;National;PARIS LYON;MONTPELLIER;212;210;0;;34;14.14068628;1.596031746;;16;32.46770833;4.693968254;;16;32.46770833;5;1;18.75;6.25;25.0;43.75;0.0;6.25
2023-11;National;PARIS LYON;TOULON;237;271;0;;26;21.72884615;1.775707257;;30;44.55388889;6.389360394;;30;44.55388889;17;6;6.666666670000001;6.666666670000001;23.33333333;50.0;10.0;3.33333333
2023-11;National;AVIGNON TGV;PARIS LYON;161;455;0;;220;8.079848485;3.836270191;;54;29.76450617;4.984911894;;34;39.61421569;18;6;16.666666669999998;11.11111111;31.48148148;20.37037037;1.85185185;18.51851852
2023-11;National;LILLE;MARSEILLE ST CHARLES;293;226;1;;54;16.77561728383333;3.552296296293333;;47;42.28733478561112;11.168740740769778;;47;40.908156028234046;19;8;14.89361701787234;6.382978723404255;19.14893617;23.404255316595744;10.638297871489362;25.53191489297873
2023-11;National;PARIS MONTPARNASSE;BREST;228;258;59;;52;16.9823718;2.231323283;;34;43.38235294100001;9.449748744;;34;43.38235294;24;5;12.12121212;18.18181818;12.12121212;33.333333329999995;18.18181818;6.0606060600000005
2023-11;National;LAVAL;PARIS MONTPARNASSE;79;290;11;;126;12.52275132;5.804894672;;75;29.40533333;7.950309789300001;;33;53.98333333;20;10;16.41791045;11.940298510000002;32.8358209;22.3880597;7.462686570000001;8.95522388
2023-11;National;MARSEILLE ST CHARLES;PARIS LYON;195;488;0;;91;9.883150183;1.695653662;;40;34.03625;5.097535934;;40;34.03625;16;4;10.0;17.5;25.0;22.5;0.0;25.0
2023-11;National;PARIS MONTPARNASSE;ANGERS SAINT LAUD;90;529;20;;80;14.57166667;1.963097577;;80;28.00229167;5.076424362;;48;39.65277778;21;10;7.462686570000001;13.43283582;11.94029851;32.8358209;10.44776119;23.88059701
2023-11;National;RENNES;PARIS MONTPARNASSE;98;801;14;;432;16.25081019;8.932442748;;217;36.71474654;11.10165394;;112;60.97782738;68;34;16.32653061;15.30612245;31.12244898;22.44897959;7.14285714;7.65306122
2023-11;International;GENEVE;PARIS LYON;192;232;0;;173;3.746628131;2.951077586;;17;42.40882353;5.055818966;;17;42.40882353;9;3;35.294117650000004;29.41176471;5.88235294;11.76470588;11.76470588;5.88235294
2023-11;International;PARIS EST;STUTTGART;193;112;13;;27;11.58703704;3.160942761;;56;31.130059524000004;21.247306397000003;;56;31.13005952;20;2;5.357142860000001;21.42857143;46.42857143;14.28571429;8.92857143;3.57142857
2023-11;National;PARIS MONTPARNASSE;ST PIERRE DES CORPS;63;505;7;;65;16.67666667;1.833366801;;69;19.87101449;3.117135208;;32;31.50989583;14;2;1.5873015899999998;22.222222220000003;7.936507939999999;26.98412698;19.04761905;22.222222220000003
2023-11;National;GRENOBLE;PARIS LYON;183;194;2;;23;12.02173913;1.456076389;;37;26.4009009;7.736371528;;30;29.79111111;8;2;5.40540541;35.13513514;29.72972973;18.91891892;2.7027027;8.10810811
2023-11;National;LILLE;LYON PART DIEU;182;380;1;;162;11.558127572222222;4.979880783569393;;58;35.75233196122223;6.716501916;;42;43.93571428538095;22;9;18.96551724275862;1.724137929310345;24.13793103;31.03448275551724;12.06896551448276;12.068965516206896
2023-11;National;LYON PART DIEU;RENNES;237;90;0;;47;6.108510638;3.326296296;;3;98.77777778;4.663333333;;3;98.77777777800002;2;1;33.333333329999995;0.0;0.0;33.333333329999995;0.0;33.333333329999995
2023-11;National;PARIS LYON;CHAMBERY CHALLES LES EAUX;170;165;0;;21;14.36984127;1.701818182;;63;21.98359788;11.10131313;;36;28.34675926;9;1;3.17460317;46.03174603;33.333333329999995;9.52380952;4.76190476;3.17460317
2023-11;National;PARIS MONTPARNASSE;TOULOUSE MATABIAU;268;181;0;;39;16.44188034;3.1733885820000003;;40;47.53125;10.59208103;;40;47.53125;22;6;32.5;17.5;20.0;7.5;20.0;2.5
2023-11;National;SAINT ETIENNE CHATEAUCREUX;PARIS LYON;169;101;0;;20;10.49;2.407;;20;21.4925;6.513166666700001;;11;27.96060606;3;1;0.0;5.0;50.0;25.0;15.0;5.0
2023-11;National;MACON LOCHE;PARIS LYON;94;192;0;;135;10.66197531;7.686524823;;46;23.73949275;7.355319148899999;;37;26.34864865;7;0;13.04347826;30.43478261;45.65217391;8.695652169999999;0.0;2.17391304
2023-11;National;PARIS LYON;LE CREUSOT MONTCEAU MONTCHANIN;77;228;1;;20;14.685;1.093245228;;16;19.19166667;1.827606461;;7;31.04285714;3;0;12.5;0.0;0.0;43.75;31.25;12.5
2023-11;International;PARIS EST;FRANCFORT;228;152;9;;29;21.04827586;4.05967366;;69;31.596376811999995;9.981002331;;69;31.596376811999995;26;6;8.95522388;10.44776119;52.23880597;11.94029851;11.94029851;4.47761194
2023-11;International;STUTTGART;PARIS EST;201;113;3;;93;9.818996416;8.57815534;;59;34.7720339;22.29012945;;59;34.7720339;20;7;6.77966102;3.38983051;81.3559322;5.08474576;1.6949152499999998;1.6949152499999998
2023-11;National;PARIS LYON;MARSEILLE ST CHARLES;195;590;1;;57;17.30789474;1.455631013;;44;40.29659091;5.135200906;;44;40.29659091;22;7;2.27272727;6.81818182;15.909090910000002;34.09090909;18.18181818;22.72727273
2023-11;National;QUIMPER;PARIS MONTPARNASSE;231;265;8;;27;19.315432098999995;2.282967836;;48;60.51597222200001;14.61615497;;48;60.51597222;31;17;8.33333333;27.08333333;25.0;20.83333333;14.58333333;4.16666667
2023-11;National;STRASBOURG;PARIS EST;120;558;11;;361;14.17922438;9.382388787;;203;28.29433498;11.6531688;;152;33.3189693;53;13;9.35960591;3.9408867;64.5320197;8.374384240000001;6.896551720000001;6.896551720000001
2023-11;National;PARIS MONTPARNASSE;LA ROCHELLE VILLE;177;222;12;;37;13.95855856;1.922460318;;34;23.63235294;5.078571429;;26;27.25;6;1;5.88235294;20.58823529;23.52941176;23.52941176;2.94117647;23.52941176
2023-11;National;PARIS MONTPARNASSE;NANTES;129;616;23;;94;14.15602837;1.950365374;;84;42.66468254;6.885132097;;73;47.19520548;43;20;20.23809524;16.666666669999998;10.71428571;23.80952381;7.14285714;21.42857143
2023-11;National;PARIS MONTPARNASSE;VANNES;157;256;18;;54;21.5367284;4.392577031;;58;32.56034483;9.149159664;;44;38.86363636;23;6;9.25925926;18.51851852;9.25925926;33.333333329999995;20.37037037;9.25925926
2023-11;National;PARIS NORD;LILLE;68;659;32;;73;17.082191780986303;1.4216108452606062;;108;19.16732069893151;4.111190856;;44;33.159469696749994;21;3;7.543572986296297;26.307189538703707;16.040305010555556;20.751633984629635;10.430283224259258;18.92701525203704
2023-11;National;REIMS;PARIS EST;51;210;0;;37;18.98738739;3.44468254;;34;27.74068628;4.725;;13;57.60641026;6;4;15.625;40.625;9.375;6.25;18.75;9.375
2023-11;National;TOULON;PARIS LYON;239;272;0;;131;8.052544529;3.934620098;;33;32.73838384;6.466176471;;33;32.73838384;12;4;21.21212121;27.27272727;24.24242424;12.12121212;9.09090909;6.06060606
2023-11;National;TOURS;PARIS MONTPARNASSE;75;191;1;;17;3.843137255;0.343827161;;44;10.52083333;3.778924162;;5;18.68;0;0;0.0;16.666666669999998;60.0;13.33333333;0.0;10.0
2023-11;National;PARIS MONTPARNASSE;RENNES;98;761;19;;134;17.89863184;2.880592992;;113;24.96224189;3.933557952;;57;39.05994152;31;8;0.95238095;11.428571429999998;14.28571429;34.28571429;23.80952381;15.23809524
2023-11;National;POITIERS;PARIS MONTPARNASSE;97;482;3;;242;9.750619835;4.806512605;;106;22.12861635;6.358858543;;53;33.81352201;17;4;12.12121212;26.26262626;31.31313131;20.2020202;1.01010101;9.09090909
2023-11;National;BORDEAUX ST JEAN;TOURCOING;333;30;2;;3;22.58333333;2.160119048;;2;46.0;5.125;;2;46.0;1;1;0.0;0.0;0.0;50.0;50.0;0.0
2023-11;National;PARIS LYON;ANNECY;224;144;0;;20;15.03083333;1.939351852;;30;33.78333333;9.638888889;;30;33.78333333;11;3;10.0;30.0;36.66666667;16.666666669999998;3.33333333;3.33333333
2023-11;National;PARIS LYON;VALENCE ALIXAN TGV;130;386;0;;59;20.09378531;2.849654577;;41;32.40853659;4.660233161;;29;40.38678161;11;3;2.43902439;7.31707317;14.63414634;60.975609760000005;12.19512195;2.43902439
2023-11;National;ARRAS;PARIS NORD;52;481;41;;266;8.130889724;4.968371212100001;;116;19.89037356;6.461439394;;45;35.61;16;8;13.79310345;33.620689660000004;33.620689660000004;9.48275862;5.172413790000001;4.31034483
2023-11;National;DIJON VILLE;PARIS LYON;98;406;4;;239;10.29651325;6.214619883000001;;56;59.46309524;9.366081871;;39;79.53760684;24;18;33.92857143;16.07142857;28.57142857;12.5;1.78571429;7.14285714
2023-11;National;LA ROCHELLE VILLE;PARIS MONTPARNASSE;171;215;5;;29;10.86206897;1.5346341462999995;;34;38.78333333;7.105203252;;27;45.52037037;12;5;23.52941176;23.52941176;17.64705882;23.52941176;2.94117647;8.82352941
2023-11;National;PARIS LYON;NICE VILLE;347;193;0;;18;18.85277778;1.417789292;;28;44.24642857;9.529188256;;28;44.24642857;16;5;7.407407409999999;18.51851852;33.333333329999995;37.03703704;3.7037037;0.0
2023-11;National;PARIS NORD;ARRAS;50;491;46;;47;13.14929078;1.107003745;;66;17.11666667;3.570861423;;23;29.16014493;9;0;1.5625;32.8125;17.1875;10.9375;15.625;21.875
2023-11;National;LYON PART DIEU;LILLE;188;317;0;;219;9.899238965060274;6.910778128283596;;73;27.37968670752055;9.216982123929968;;50;35.118;19;5;10.958904108493153;5.479452059178082;36.98630136876712;23.28767123178082;9.589041093698633;13.69863013808219
2023-11;National;PARIS LYON;NIMES;180;194;0;;30;14.08666667;1.440549828;;19;26.54210526;5.217353952;;13;33.22307692;4;1;10.52631579;10.52631579;26.31578947;52.631578950000005;0.0;0.0
2023-11;National;PARIS MONTPARNASSE;LAVAL;78;309;15;;47;19.99078014;2.7819161;;54;22.06141975;4.207936508;;20;43.09333333;11;2;4.25531915;10.63829787;14.89361702;38.29787234;17.0212766;14.89361702
2023-11;National;ST MALO;PARIS MONTPARNASSE;150;93;0;;9;27.67592593;2.639259259;;20;31.25416667;9.02;;11;45.88484849;6;1;20.0;15.0;35.0;25.0;0.0;5.0
2023-11;National;TOURCOING;BORDEAUX ST JEAN;300;30;0;;2;26.0;1.882738095;;5;35.42;7.891071429;;5;35.42;4;0;20.0;0.0;40.0;20.0;0.0;20.0
2023-11;National;NANTES;PARIS MONTPARNASSE;131;638;22;;168;16.39454365;4.255979437;;102;45.97434641;8.851920996;;86;52.17984496;45;21;31.68316832;15.84158416;15.84158416;10.89108911;11.88118812;13.86138614
2023-11;International;BARCELONA;PARIS LYON;405;55;0;;23;4.842028986;2.024848485;;8;34.26041667;6.166363636;;8;34.26041667;3;1;50.0;0.0;37.5;12.5;0.0;0.0
2023-11;International;PARIS LYON;LAUSANNE;231;175;4;;23;26.69202899;3.423586744600001;;30;40.44444444;8.262475634;;30;40.44444444399999;14;4;30.76923077;7.69230769;26.92307692;19.23076923;11.53846154;3.84615385
2023-11;National;NANTES;STRASBOURG;312;59;3;;10;18.99833333;3.350595238;;7;60.55238095;9.548809524;;7;60.55238095;6;3;28.57142857;28.57142857;14.28571429;14.28571429;14.28571429;0.0
2023-11;International;FRANCFORT;PARIS EST;237;150;13;;80;5.336875;3.130413625;;49;29.43469388;13.15231144;;49;29.43469388;14;2;4.08163265;2.04081633;93.87755102;0.0;0.0;0.0
2023-11;International;LAUSANNE;PARIS LYON;228;162;2;;124;3.643951613;2.996178344;;11;60.48787879;6.005307856;;11;60.48787879;6;3;18.18181818;36.36363636;36.36363636;9.09090909;0.0;0.0
2023-11;National;BESANCON FRANCHE COMTE TGV;PARIS LYON;134;180;1;;58;11.04051724;3.381460674;;24;62.27986111;8.817602996;;17;82.24313726;10;9;41.666666670000005;20.83333333;12.5;16.666666669999998;0.0;8.33333333
2023-11;National;LYON PART DIEU;MARNE LA VALLEE;107;339;4;;232;9.745905172;6.813283582;;64;25.403125;6.820845771;;41;32.57276423;11;3;7.8125;6.25;39.0625;23.4375;12.5;10.9375
2023-11;National;NANCY;PARIS EST;99;264;0;;67;9.219651741;2.422853535;;31;44.35860215;5.97790404;;28;47.89583333;15;5;16.129032260000002;6.451612900000001;9.67741935;38.70967742;6.451612900000001;22.58064516
2023-11;National;RENNES;LYON PART DIEU;239;89;0;;20;22.12333333;3.314794008;;3;65.62222222;2.510861423;;3;65.62222222;1;1;100.0;0.0;0.0;0.0;0.0;0.0
2023-11;National;ST PIERRE DES CORPS;PARIS MONTPARNASSE;63;524;3;;251;5.725896414;2.909967949;;123;13.41707317;4.194775641;;28;27.01845238;4;2;5.61797753;20.2247191;43.82022472;14.60674157;2.24719101;13.483146069999998
2023-11;National;BELLEGARDE (AIN);PARIS LYON;160;240;0;;98;5.961394558;2.496388889;;28;32.11011905;5.201875;;19;41.0131579;10;3;35.71428571;21.42857143;14.28571429;17.85714286;7.14285714;3.57142857
2023-11;National;NICE VILLE;PARIS LYON;347;213;0;;21;13.142063492000002;1.131611894;;29;32.2591954;6.909780908;;29;32.2591954;10;4;20.68965517;31.03448276;27.5862069;10.34482759;6.896551720000001;3.4482758600000003
2023-11;National;VALENCE ALIXAN TGV;PARIS LYON;133;407;1;;235;10.38276596;6.070987654;;77;27.31601732;6.56781893;;49;35.26904762;21;3;28.000000000000004;12.000000000000002;40.0;9.33333333;2.66666667;8.0
2023-11;International;ZURICH;PARIS LYON;247;176;1;;65;1.855897436;1.168304432;;16;79.94479167;7.01955684;;16;79.94479167;12;7;43.75;0.0;31.25;18.75;0.0;6.25
2023-11;National;ANGERS SAINT LAUD;PARIS MONTPARNASSE;93;550;19;;278;14.84370504;7.90647096;;110;40.17818182;8.732607323;;72;56.47592593;37;21;27.83505155;16.49484536;19.58762887;11.34020619;10.30927835;14.43298969
2023-11;National;MARNE LA VALLEE;LYON PART DIEU;106;408;1;;237;12.439592124000002;7.34729064;;65;33.03820513;6.431732348;;41;44.51585366;22;9;20.0;6.153846150000001;21.53846154;29.23076923;12.30769231;10.76923077
2023-11;National;MARSEILLE ST CHARLES;LILLE;283;183;1;;30;13.076111111206668;1.9963369963109887;;37;42.33751676246667;11.38141025612967;;37;41.659009009027024;18;6;18.918918917027028;8.108108111081082;18.918918917027028;16.216216214324326;18.91891892189189;18.918918918648647
2023-11;National;PARIS MONTPARNASSE;LE MANS;57;451;14;;68;16.72892157;2.28245614;;63;20.63968254;2.562623951;;23;39.52318841;9;4;1.92307692;9.61538462;25.0;32.69230768999999;17.30769231;13.46153846
2023-11;National;PARIS MONTPARNASSE;TOURS;75;187;4;;28;17.56428571;2.360291439;;24;22.62222222;3.345537341;;13;33.33974359;5;1;0.0;9.09090909;9.09090909;40.90909091;18.18181818;22.72727273
2023-11;National;BORDEAUX ST JEAN;PARIS MONTPARNASSE;142;1042;1;;428;15.91935358;6.458053154;;206;36.06067961;8.453073967;;155;43.66451613;80;24;31.37254902;23.03921569;20.09803922;10.29411765;4.41176471;10.78431373
2023-11;National;MARNE LA VALLEE;MARSEILLE ST CHARLES;210;248;1;;133;11.46253133;5.917813765;;51;42.33366013;11.34993252;;51;42.33366013;23;9;13.7254902;7.84313725;17.64705882;23.52941176;9.80392157;27.45098039
2023-11;International;PARIS LYON;ZURICH;244;154;4;;22;16.68939394;2.113444444;;20;39.5;7.669888889;;20;39.5;12;3;10.0;15.0;25.0;15.0;25.0;10.0
2023-11;National;ANNECY;PARIS LYON;226;138;0;;1;2.516666667;0.026811594;;31;25.39086022;8.728381643;;31;25.39086022;4;0;16.129032260000002;29.03225806;51.61290322999999;3.2258064500000003;0.0;0.0
2023-11;National;PARIS MONTPARNASSE;BORDEAUX ST JEAN;141;1024;3;;181;18.75082873;2.948285994;;146;31.94543379;5.635634998;;122;35.59836066;55;15;13.19444444;13.19444444;9.02777778;22.91666667;25.69444444;15.97222222
2023-11;National;PARIS MONTPARNASSE;POITIERS;95;583;5;;84;15.62876984;1.880651672;;70;23.22976191;3.156257209;;43;30.288759690000003;11;4;7.57575758;25.75757576;7.57575758;27.27272727;12.12121212;19.6969697
2023-11;National;MARSEILLE ST CHARLES;MARNE LA VALLEE;209;259;4;;46;11.89963768;1.942679739;;39;37.26965812;8.177647059;;39;37.26965812;13;6;10.25641026;5.12820513;25.64102564;15.38461538;20.51282051;23.07692308
2023-11;National;PARIS LYON;DIJON VILLE;96;424;8;;56;20.92738095;2.660616987;;39;57.53888889;4.792307692;;30;70.61055556;24;16;30.76923077;7.69230769;10.25641026;28.20512821;17.948717950000002;5.12820513
2023-11;National;PERPIGNAN;PARIS LYON;309;200;0;;22;13.61212121;1.315397631;;31;36.82903226;7.846531302900001;;31;36.82903226;12;3;41.93548387;3.2258064500000003;29.03225806;12.90322581;6.451612900000001;6.451612900000001
2023-11;National;PARIS LYON;LYON PART DIEU;119;746;1;;62;15.17231183;1.031834452;;37;26.27477478;1.262326622;;28;30.50535714;11;1;8.57142857;0.0;14.28571429;34.28571429;28.57142857;14.28571429
2023-11;National;PARIS LYON;MULHOUSE VILLE;170;329;4;;48;17.91180556;2.516564103;;40;60.32708333;8.458666667;;34;68.51127451;21;15;27.500000000000004;10.0;12.5;30.0;15.0;5.0
2023-11;National;PARIS MONTPARNASSE;QUIMPER;226;243;32;;52;21.36698718;3.313191153;;48;43.73958333;12.02369668;;48;43.739583333000006;27;9;20.83333333;18.75;12.5;33.333333329999995;6.25;8.33333333
2023-11;National;MONTPELLIER;LYON PART DIEU;113;203;0;;48;8.566666667;2.015188834;;31;21.98870968;5.816502463;;22;25.39848485;4;0;32.258064520000005;6.451612900000001;25.80645161;9.67741935;3.2258064500000003;22.58064516
2023-11;National;PARIS LYON;AIX EN PROVENCE TGV;182;523;0;;54;18.16697531;1.64181007;;37;46.93963964;5.14318037;;34;49.88529412;19;8;5.55555556;2.77777778;11.11111111;52.77777778;16.666666669999998;11.11111111
2023-11;National;TOULOUSE MATABIAU;PARIS MONTPARNASSE;270;175;0;;38;15.160526316000002;3.222666667;;41;40.52845529;11.36990476;;41;40.52845529;25;5;39.02439024;19.51219512;21.95121951;4.87804878;7.31707317;7.31707317
2023-11;National;STRASBOURG;NANTES;331;58;1;;18;6.746296296;2.186842105;;8;39.54166667;6.616374269;;8;39.54166667;6;1;37.5;25.0;25.0;0.0;0.0;12.5
2023-11;International;PARIS LYON;GENEVE;191;237;1;;39;17.94059829;2.784392655;;45;35.30777778;9.399152542;;45;35.30777778;18;5;30.95238095;14.28571429;21.42857143;14.28571429;14.28571429;4.76190476
2023-11;National;MARSEILLE ST CHARLES;LYON PART DIEU;104;384;1;;89;14.271910112000002;3.26818973;;62;34.78763441;7.879286336;;44;43.94090909;22;11;11.29032258;32.258064520000005;20.96774194;12.90322581;8.064516130000001;14.51612903
2023-11;National;PARIS NORD;DUNKERQUE;130;187;23;;19;9.535087719;0.778556911;;26;27.32692308;4.972560976;;24;28.47916667;8;1;23.07692308;34.61538462;19.23076923;3.84615385;7.69230769;11.53846154
2023-11;International;PARIS LYON;BARCELONA;400;55;0;;13;23.43846154;5.383636364;;3;79.0;5.418181818;;3;79.0;2;1;33.333333329999995;33.333333329999995;0.0;33.333333329999995;0.0;0.0
2023-11;National;AIX EN PROVENCE TGV;PARIS LYON;184;458;0;;276;7.244746377;4.477147016;;40;38.41583333;5.319468705;;39;39.0517094;20;6;10.0;20.0;12.5;25.0;7.5;25.0
2023-11;National;METZ;PARIS EST;91;268;3;;98;11.84676871;4.413962264;;72;29.41041667;8.966226415;;44;41.25189394;22;6;18.30985915;11.267605629999998;39.43661972;14.08450704;9.85915493;7.04225352
2023-11;National;DOUAI;PARIS NORD;77;178;15;;72;6.096527778;2.956079665;;46;15.540217391000002;5.365618449;;13;28.99230769;2;1;17.39130435;39.13043478;30.43478261;4.34782609;6.521739129999999;2.17391304
2023-11;National;MARSEILLE ST CHARLES;TOURCOING;285;30;2;;9;7.774074074;2.341666667;;4;42.0;8.875;;4;42.0;1;1;0.0;0.0;25.0;0.0;25.0;50.0
2023-11;National;MONTPELLIER;PARIS LYON;208;239;1;;91;8.45;3.251190476;;29;33.49310345;5.768977591;;29;33.49310345;13;1;34.48275862;3.4482758600000003;27.5862069;24.13793103;3.4482758600000003;6.896551720000001
2023-11;National;PARIS EST;METZ;85;238;3;;44;24.19734849;4.291276596;;48;30.65138889;7.627943262;;30;43.36722222;15;5;17.39130435;19.56521739;8.695652169999999;21.73913043;26.08695652;6.521739129999999
2023-11;National;PARIS EST;REIMS;46;209;1;;31;26.85430108;4.031891026;;38;28.88859649;6.771875;;17;51.90392157;11;6;20.58823529;14.70588235;2.94117647;23.52941176;26.47058824;11.76470588
2023-11;National;LE MANS;PARIS MONTPARNASSE;57;469;14;;218;19.61551988;9.598393124;;135;36.84209877;10.49869208;;70;62.37761905;37;20;21.00840336;10.08403361;24.3697479;21.8487395;10.92436975;11.76470588
2023-11;National;PARIS LYON;AVIGNON TGV;159;454;0;;49;18.65068027;1.793465492;;38;33.99736842;5.509801762;;23;47.24202899;12;5;5.40540541;2.7027027;27.02702703;37.83783784;21.62162162;5.40540541
2023-11;National;PARIS LYON;BESANCON FRANCHE COMTE TGV;130;180;4;;23;20.99710145;2.648863636;;22;53.90606060599999;7.969507576;;18;62.75462962999999;11;8;18.18181818;9.09090909;22.72727273;40.90909091;4.5454545500000005;4.5454545500000005
2023-11;National;PARIS NORD;DOUAI;73;134;13;;11;16.0969697;1.144352617;;21;21.74285714;5.004683196;;10;32.785;5;1;10.0;25.0;20.0;5.0;15.0;25.0
2023-11;National;LILLE;PARIS NORD;69;676;25;;195;7.484102564115385;2.099273181793856;;132;21.515534187984617;4.817871542089247;;53;36.86855346;26;8;9.959349591818183;26.145602365454547;30.78344419727273;9.94087214;15.46563193090909;7.705099781
2023-11;National;PARIS MONTPARNASSE;ST MALO;154;94;4;;11;9.743939394;0.859074074;;13;22.30384615;5.342222222;;6;31.57777778;3;0;8.33333333;25.0;25.0;25.0;8.33333333;8.33333333
2023-12;National;BESANCON FRANCHE COMTE TGV;PARIS LYON;132;185;0;;59;7.044350283;2.058605073;;15;23.10555556;2.086594203;;8;31.41875;3;0;6.666666670000001;26.66666667;6.666666670000001;40.0;6.666666670000001;13.33333333
2023-12;National;BORDEAUX ST JEAN;TOURCOING;322;31;3;;4;24.95;3.376785714;;12;54.45833333;25.321428570999995;;12;54.458333333000006;7;4;25.0;41.666666670000005;25.0;0.0;0.0;8.33333333
2023-12;National;VALENCE ALIXAN TGV;PARIS LYON;133;396;0;;222;9.865540541;5.63978903;;51;37.31993464;5.885780591;;39;44.72948718;19;8;27.45098039;19.60784314;19.60784314;9.80392157;5.88235294;17.64705882
2023-12;International;STUTTGART;PARIS EST;200;149;4;;122;7.279644809;5.860386473;;22;29.45909091;7.587439614;;22;29.45909091;8;1;4.5454545500000005;0.0;68.18181818;13.63636364;9.09090909;4.5454545500000005
2023-12;National;LILLE;MARSEILLE ST CHARLES;292;259;0;;71;9.890140845;2.6251608751590734;;50;46.35543755705635;11.879987130142856;;50;47.928;26;10;14.0;9.999999999;12.0;24.0;7.999999999;32.0
2023-12;National;MARSEILLE ST CHARLES;LILLE;283;215;2;;29;11.17011494251724;0.7834898278333334;;29;32.574904214724135;6.742879499208451;;29;33.406321839206896;12;2;27.586206900344827;3.448275859;27.586206896896552;17.24137931172414;0.0;24.13793103
2023-12;National;PARIS MONTPARNASSE;ANGERS SAINT LAUD;89;547;3;;60;12.59166667;0.962224265;;69;22.60797101;3.361458333;;34;35.24509804;12;5;10.60606061;18.18181818;34.84848485;18.18181818;9.09090909;9.09090909
2023-12;National;PARIS NORD;LILLE;68;651;5;;91;18.21721611732967;2.5656966869924145;;89;31.951862151252747;3.9975579280688858;;47;52.46595744717021;24;10;21.578795733820225;3.399596654494382;22.731201383258423;32.95880149;6.856813598314607;12.47479113044944
2023-12;International;GENEVE;PARIS LYON;194;243;0;;171;4.37417154;3.261179698;;25;57.54266667;7.240603567;;25;57.542666667000006;15;9;40.0;16.0;12.0;24.0;8.0;0.0
2023-12;International;PARIS EST;STUTTGART;191;134;11;;32;10.96979167;2.388482385;;28;31.67083333;11.25880759;;28;31.67083333;15;1;0.0;7.14285714;28.57142857;39.28571429;3.57142857;21.42857143
2023-12;National;LA ROCHELLE VILLE;PARIS MONTPARNASSE;169;226;4;;8;5.0;0.180995475;;33;29.93838384;6.500904977;;25;35.12133333;10;4;48.48484848;21.21212121;12.12121212;9.09090909;6.06060606;3.03030303
2023-12;National;MARNE LA VALLEE;LYON PART DIEU;106;415;3;;259;11.42168597;6.826739482;;75;32.44688889;7.963066343;;62;36.58709677;26;8;4.0;17.333333330000002;18.66666667;28.000000000000004;14.66666667;17.333333330000002
2023-12;National;NANCY;PARIS EST;95;304;0;;84;5.892857143;1.706688597;;34;17.78970588;3.3768092105000003;;16;27.0;3;1;17.64705882;17.64705882;26.47058824;23.52941176;8.82352941;5.88235294
2023-12;National;PARIS LYON;ANNECY;225;156;0;;11;10.30909091;0.568803419;;16;32.375;4.775641026;;16;32.375;5;1;31.25;18.75;31.25;6.25;0.0;12.5
2023-12;National;STRASBOURG;PARIS EST;114;676;6;;346;11.0833815;5.801849076;;133;24.96528822;6.713418291;;89;30.88314607;28;6;5.26315789;0.7518797;54.88721805;19.54887218;11.27819549;8.27067669
2023-12;National;ANGOULEME;PARIS MONTPARNASSE;124;334;14;;255;13.07392157;10.89591503;;108;36.175;10.89901961;;76;45.72368421;29;10;47.22222222;32.40740741;6.481481479999999;6.481481479999999;3.7037037;3.7037037
2023-12;National;LAVAL;PARIS MONTPARNASSE;78;297;3;;138;8.57089372;4.002511416;;75;16.80533333;4.763299087;;22;34.34393939;8;3;20.0;23.07692308;18.46153846;3.07692308;7.69230769;27.69230769
2023-12;National;LYON PART DIEU;LILLE;187;339;5;;245;10.528775510554285;7.308595182538025;;72;31.128019900342856;8.865618085838923;;58;35.80862069006896;24;7;19.444444440138888;6.944444447083334;34.72222222319444;23.61111111263889;1.3888888888888888;13.888888888055556
2023-12;National;MARNE LA VALLEE;MARSEILLE ST CHARLES;210;293;0;;157;11.74575372;6.383845279;;54;47.64166667;11.22895336;;54;47.64166666700001;28;11;14.814814809999998;9.25925926;12.96296296;24.07407407;7.407407409999999;31.48148148
2023-12;National;NANTES;STRASBOURG;313;61;1;;13;11.16410256;2.389722222;;5;47.98;6.443055556;;5;47.98;3;1;20.0;20.0;20.0;20.0;0.0;20.0
2023-12;National;PARIS LYON;MACON LOCHE;95;221;0;;15;12.42333333;0.6583710407000001;;24;18.16111111;4.003092006;;10;28.735000000000003;5;0;0.0;41.666666670000005;33.333333329999995;12.5;0.0;12.5
2023-12;National;PARIS MONTPARNASSE;LA ROCHELLE VILLE;175;231;5;;26;16.4275641;1.511356932;;26;30.05769231;4.845132743;;22;33.09090909;10;2;34.61538462;3.84615385;19.23076923;19.23076923;3.84615385;19.23076923
2023-12;National;PARIS MONTPARNASSE;LAVAL;77;319;2;;42;17.22142857;1.924763407;;53;23.41981132;4.364773922;;27;37.64012346;9;2;15.2173913;17.39130435;15.2173913;32.60869565;10.86956522;8.695652169999999
2023-12;National;PARIS MONTPARNASSE;TOULOUSE MATABIAU;264;219;4;;26;18.70448718;1.848449612;;43;53.88372093;10.76232558;;43;53.88372093;28;10;46.51162791;9.30232558;13.95348837;11.62790698;4.65116279;13.95348837
2023-12;National;TOULOUSE MATABIAU;PARIS MONTPARNASSE;271;219;1;;45;35.38740741;7.349382716;;53;82.04150943;23.09050926;;53;82.04150943400002;29;17;33.96226415;28.30188679;18.86792453;5.66037736;1.88679245;11.32075472
2023-12;International;BARCELONA;PARIS LYON;407;62;0;;26;4.885897436;2.016666667;;8;42.18541667;7.027956989;;8;42.18541667;4;1;25.0;37.5;12.5;12.5;0.0;12.5
2023-12;International;PARIS LYON;LAUSANNE;230;184;2;;17;19.69411765;1.404945055;;14;33.29404762;3.651465202;;14;33.29404762;6;1;28.57142857;7.14285714;21.42857143;21.42857143;7.14285714;14.28571429
2023-12;International;ZURICH;PARIS LYON;245;186;0;;70;1.72952381;1.112137681;;14;43.45476191;4.396376812;;14;43.45476191;6;3;14.28571429;21.42857143;42.85714286;21.42857143;0.0;0.0
2023-12;National;ANNECY;PARIS LYON;226;159;0;;5;9.0;0.263522013;;29;29.57528736;8.65639413;;29;29.57528736;6;3;17.24137931;13.79310345;65.51724138;3.4482758600000003;0.0;0.0
2023-12;International;PARIS LYON;ZURICH;244;170;1;;30;13.91111111;2.325147929;;24;37.53680556;6.692307692300001;;24;37.53680556;16;2;8.33333333;8.33333333;29.16666667;29.16666667;20.83333333;4.16666667
2023-12;National;MARSEILLE ST CHARLES;LYON PART DIEU;104;470;3;;90;12.43351852;2.314132762;;49;30.57108844;5.337116346;;36;36.90601852;15;4;20.408163270000003;16.32653061;18.36734694;10.20408163;10.20408163;24.48979592
2023-12;National;MONTPELLIER;PARIS LYON;207;205;0;;59;12.74858757;3.647642276;;21;54.218253968000006;6.326178861799999;;21;54.21825397;10;8;42.85714286;23.80952381;4.76190476;14.28571429;0.0;14.28571429
2023-12;National;PARIS MONTPARNASSE;TOURS;74;189;5;;24;13.24375;1.395742754;;30;22.08555556;4.070018116;;19;28.957017544000003;4;0;23.07692308;3.84615385;19.23076923;26.92307692;11.53846154;15.38461538
2023-12;National;ST MALO;PARIS MONTPARNASSE;149;98;0;;4;16.5875;0.531802721;;17;17.73627451;5.379591837;;8;23.11458333;1;0;20.0;20.0;20.0;20.0;13.33333333;6.666666670000001
2023-12;National;PARIS LYON;GRENOBLE;179;247;0;;26;15.2275641;1.37611336;;29;33.15517241;5.111336032;;21;40.71428571;11;3;6.896551720000001;20.68965517;37.93103448;31.03448276;3.4482758600000003;0.0
2023-12;National;PARIS MONTPARNASSE;NANTES;128;626;4;;68;12.2379902;1.006216506;;55;28.49;2.817122187;;41;33.67317073;15;5;14.54545455;23.63636364;20.0;27.27272727;5.45454545;9.09090909
2023-12;National;RENNES;LYON PART DIEU;237;93;1;;13;5.494871794900001;0.746195652;;7;27.20952381;2.953804348;;7;27.20952381;1;0;14.28571429;14.28571429;28.57142857;14.28571429;0.0;28.57142857
2023-12;International;PARIS LYON;BARCELONA;405;62;0;;3;7.716666667;0.2;;6;48.16666667;6.225806452;;6;48.16666667;5;1;0.0;33.333333329999995;50.0;16.666666669999998;0.0;0.0
2023-12;International;FRANCFORT;PARIS EST;231;158;8;;78;7.892094017099999;4.320608108;;38;39.40394737;13.29054054;;38;39.40394737;19;6;0.0;0.0;97.36842104999998;2.63157895;0.0;0.0
2023-12;International;PARIS LYON;GENEVE;191;245;0;;39;17.56837607;2.593877551;;29;39.27298851;6.266530612;;29;39.27298851;15;4;20.68965517;24.13793103;13.79310345;20.68965517;10.34482759;10.34482759
2023-12;National;DUNKERQUE;PARIS NORD;131;155;0;;6;17.66666667;0.692810458;;24;32.88472222;7.033660131;;16;42.215625;9;4;33.333333329999995;16.666666669999998;25.0;12.5;8.33333333;4.16666667
2023-12;National;LYON PART DIEU;MARNE LA VALLEE;107;356;4;;243;10.31584362;7.295629203;;71;25.20586855;6.516426513;;37;35.99954955;16;3;21.12676056;9.85915493;29.57746479;25.35211268;2.81690141;11.267605629999998
2023-12;National;PARIS MONTPARNASSE;RENNES;97;780;3;;121;13.24297521;1.696353496;;107;21.5834891;3.312505363;;51;33.81535948;15;3;7.766990290000001;26.21359223;11.65048544;30.09708738;13.59223301;10.67961165
2023-12;National;QUIMPER;PARIS MONTPARNASSE;231;269;2;;18;13.50648148;0.920896465;;26;40.71858974;6.565340909;;26;40.71858974;15;5;34.61538462;19.23076923;11.53846154;11.53846154;11.53846154;11.53846154
2023-12;National;BELLEGARDE (AIN);PARIS LYON;163;276;2;;87;11.99559387;3.841574416;;35;45.30857143;6.446063961;;26;56.24807692;15;9;34.28571429;17.14285714;20.0;22.857142860000003;5.71428571;0.0
2023-12;National;CHAMBERY CHALLES LES EAUX;PARIS LYON;174;253;4;;102;14.02875817;5.551209677;;70;33.75880952;11.08736559;;53;40.62358491;20;10;22.857142860000003;18.57142857;54.28571429;2.8571428600000006;1.4285714300000003;0.0
2023-12;National;LYON PART DIEU;MONTPELLIER;112;256;1;;136;9.650857843;4.885836627;;41;26.09227642;5.160540185;;30;30.74944444;9;3;7.5;20.000000000000004;22.5;20.000000000000004;5.000000000000001;25.0
2023-12;National;LYON PART DIEU;PARIS LYON;119;767;8;;307;7.825298589;3.285402906;;63;32.29497355;3.268692206;;42;41.84642857;20;10;7.936507939999999;4.76190476;34.92063492;23.80952381;14.28571429;14.28571429
2023-12;National;MARSEILLE ST CHARLES;MARNE LA VALLEE;208;292;4;;44;13.83560606;1.852951389;;30;34.94777778;6.034895833;;30;34.94777778;12;2;26.66666667;6.666666670000001;16.666666669999998;13.33333333;10.0;26.66666667
2023-12;National;METZ;PARIS EST;87;306;2;;118;9.606355932;3.798068432700001;;71;21.6129108;6.861810155;;33;35.36363636;18;3;12.67605634;8.45070423;43.66197183;14.08450704;12.67605634;8.45070423
2023-12;National;NIMES;PARIS LYON;178;205;0;;60;12.48444444;3.638211382;;25;47.91;6.326178861799999;;21;54.21825397;10;8;44.0;20.0;12.0;12.0;0.0;12.0
2023-12;National;PARIS MONTPARNASSE;LE MANS;55;450;8;;51;17.5754902;1.482767723;;57;20.26169591;2.94984917;;21;38.46269841;9;4;12.765957450000002;8.5106383;19.14893617;31.914893620000008;10.63829787;17.0212766
2023-12;National;PARIS MONTPARNASSE;ST MALO;152;98;0;;14;14.689285714000002;1.759013605;;12;31.28888889;4.971768708;;10;35.15333333;4;1;25.0;41.666666670000005;8.33333333;16.666666669999998;8.33333333;0.0
2023-12;National;PARIS NORD;DUNKERQUE;129;175;1;;26;16.45769231;2.422988506;;15;58.73333333;5.025862069;;14;62.14285714;7;3;40.0;0.0;6.666666670000001;46.66666667;6.666666670000001;0.0
2023-12;National;PERPIGNAN;PARIS LYON;313;206;0;;23;10.59565217;1.056747968;;22;52.3780303;6.393333333;;22;52.3780303;13;7;31.818181820000003;27.27272727;13.63636364;9.09090909;0.0;18.18181818
2023-12;National;REIMS;PARIS EST;46;236;0;;50;13.71866667;2.986016949;;29;28.28563218;4.866666667;;14;49.75595238;10;5;10.34482759;13.79310345;17.24137931;27.5862069;24.13793103;6.896551720000001
2023-12;National;TOURS;PARIS MONTPARNASSE;74;188;3;;14;13.08214286;0.965225225;;25;15.35333333;3.464504505;;4;48.95;2;1;13.33333333;26.66666667;40.0;13.33333333;0.0;6.666666670000001
2023-12;National;DOUAI;PARIS NORD;75;171;3;;68;4.26004902;1.997256098;;45;20.90222222;6.550406504;;14;44.29404761899999;9;4;20.0;13.33333333;37.77777778;15.55555556;11.11111111;2.22222222
2023-12;National;PARIS LYON;CHAMBERY CHALLES LES EAUX;174;255;2;;17;8.62745098;0.374637681;;55;27.3769697;8.017325428;;30;39.10888889;11;6;23.63636364;27.27272727;40.0;3.63636364;0.0;5.45454545
2023-12;National;LYON PART DIEU;RENNES;236;93;1;;41;4.873170732;2.362862319;;4;28.00833333;2.810688406;;4;28.00833333;1;0;75.0;25.0;0.0;0.0;0.0;0.0
2023-12;National;PARIS LYON;LE CREUSOT MONTCEAU MONTCHANIN;79;221;1;;19;8.349122807;0.540984849;;23;17.14565217;2.741590909;;7;33.97380952;3;1;4.34782609;34.7826087;30.43478261;21.73913043;0.0;8.695652169999999
2023-12;National;DIJON VILLE;PARIS LYON;98;420;0;;222;6.244894895;3.369291965;;28;28.25059524;2.422673031;;17;37.86764706;6;1;10.71428571;10.71428571;25.0;39.28571429;3.57142857;10.71428571
2023-12;National;PARIS LYON;VALENCE ALIXAN TGV;130;425;0;;38;13.82368421;0.8981960784000002;;47;24.74326241;4.400117647;;29;31.86436782;13;2;6.3829787200000005;21.27659574;25.531914890000003;19.14893617;4.25531915;23.40425532
2023-12;National;PARIS MONTPARNASSE;ANGOULEME;123;309;10;;40;20.0025;2.31638796;;47;30.49574468;5.889687848;;33;38.05505051;16;6;28.88888889;11.11111111;22.222222220000003;13.33333333;24.44444444;0.0
2023-12;National;BREST;PARIS MONTPARNASSE;228;275;0;;15;8.468888889;0.469525547;;22;28.18939394;4.819160584;;22;28.18939394;7;1;31.818181820000003;18.18181818;4.5454545500000005;13.63636364;4.5454545500000005;27.27272727
2023-12;National;NANTES;PARIS MONTPARNASSE;129;659;5;;139;7.41942446;1.276656473;;72;28.82337963;4.289576962;;47;37.10921986;12;5;26.08695652;17.39130435;15.94202899;14.492753620000002;5.79710145;20.28985507
2023-12;National;PARIS EST;NANCY;97;302;0;;39;11.68162393;1.573675497;;18;45.58425926;3.839183223;;16;49.81979167;6;3;16.666666669999998;5.55555556;5.55555556;44.444444440000005;22.222222220000003;5.55555556
2023-12;National;MARSEILLE ST CHARLES;PARIS LYON;195;522;0;;103;13.10469256;2.401190476;;36;47.497222222000005;4.7246139;;36;47.49722222;20;8;22.222222220000003;16.666666669999998;13.88888889;16.666666669999998;13.88888889;16.666666669999998
2023-12;National;MARSEILLE ST CHARLES;TOURCOING;281;31;0;;8;34.2625;8.567741936;;11;40.86363636;16.58064516;;11;40.86363636;4;2;27.27272727;0.0;18.18181818;9.09090909;27.27272727;18.18181818
2023-12;National;PARIS LYON;AVIGNON TGV;159;440;1;;42;15.76904762;1.279422931;;39;30.53376068;3.794267274;;32;34.31875;13;4;12.82051282;12.82051282;12.82051282;10.25641026;23.07692308;28.20512821
2023-12;National;PARIS MONTPARNASSE;BREST;230;276;2;;38;12.07587719;1.298357664;;29;30.84482759;4.602189781;;29;30.84482759;9;3;37.93103448;3.4482758600000003;10.34482759;20.68965517;17.24137931;10.34482759
2023-12;National;LYON PART DIEU;MARSEILLE ST CHARLES;104;498;1;;269;12.9314746;7.162508452;;103;35.79789644;8.378600406;;78;43.04230769;35;16;13.7254902;11.76470588;23.52941176;29.41176471;5.88235294;15.68627451
2023-12;National;MONTPELLIER;LYON PART DIEU;113;207;2;;34;8.912254902;1.5078048780000002;;24;26.03888889;4.683902439;;13;36.73205128;6;3;29.16666667;16.666666669999998;25.0;16.666666669999998;0.0;12.5
2023-12;National;PARIS LYON;MULHOUSE VILLE;169;344;0;;46;13.451811594000002;1.673643411;;38;32.66052632;4.724321705;;30;38.10777778;18;2;10.52631579;23.68421053;21.05263158;28.947368420000004;13.15789474;2.63157895
2023-12;National;TOULON;PARIS LYON;239;269;0;;115;10.32565217;4.432032218;;25;47.82333333;6.475526642;;25;47.82333333;15;4;28.000000000000004;24.0;24.0;12.0;12.0;0.0
2023-12;National;PARIS MONTPARNASSE;VANNES;156;280;3;;57;14.05701754;2.574187726;;48;38.42708333;7.729241877;;39;44.38461539;19;8;20.83333333;18.75;14.58333333;27.08333333;10.41666667;8.33333333
2023-12;National;STRASBOURG;NANTES;337;61;0;;23;23.375362319000004;8.853005465;;9;46.50370370400001;6.769125683;;9;46.5037037;6;1;25.0;12.5;0.0;37.5;25.0;0.0
2023-12;National;PARIS LYON;NICE VILLE;342;212;0;;18;9.884259259;0.542767296;;27;51.70802469;8.397248428;;27;51.70802469;11;5;18.51851852;22.22222222;40.74074074;7.407407409999999;3.7037037;7.407407409999999
2023-12;National;PARIS EST;STRASBOURG;113;659;6;;130;16.20615385;3.180525779;;97;30.39553265;5.721235324;;61;40.10655738;30;9;7.446808509999999;5.31914894;7.446808509999999;37.23404255;25.531914890000003;17.0212766
2023-12;National;PARIS LYON;BELLEGARDE (AIN);163;280;5;;41;17.10650407;2.359818182;;57;28.071345029000003;7.022242424;;37;35.83468469;15;7;19.29824561;24.56140351;12.28070175;22.80701754;12.28070175;8.771929819999999
2023-12;National;PARIS LYON;MARSEILLE ST CHARLES;194;589;1;;49;14.35238095;0.944387755;;42;35.43373016;3.868650794;;42;35.43373016;15;6;14.28571429;4.76190476;7.14285714;23.80952381;19.04761905;30.95238095
2023-12;National;PARIS LYON;PERPIGNAN;311;207;1;;14;12.26309524;0.619579288;;28;32.79880952;4.863834952;;28;32.79880952;12;1;25.0;25.0;17.85714286;10.71428571;0.0;21.42857143
2023-12;National;PARIS LYON;SAINT ETIENNE CHATEAUCREUX;171;118;1;;11;10.02272727;0.695156695;;12;23.97361111;4.112535613;;7;31.74047619;3;1;16.666666669999998;8.33333333;50.0;16.666666669999998;0.0;8.33333333
2023-12;National;SAINT ETIENNE CHATEAUCREUX;PARIS LYON;168;118;2;;16;5.241666667;1.03;;14;16.425;3.558985507;;6;20.60555556;0;0;0.0;7.14285714;64.28571429;14.28571429;7.14285714;7.14285714
2023-12;National;AIX EN PROVENCE TGV;PARIS LYON;184;460;0;;257;6.700713359;3.854985444;;33;37.97626263;4.15360262;;31;39.68817204;18;6;18.18181818;6.06060606;24.24242424;18.18181818;15.15151515;18.18181818
2023-12;National;AVIGNON TGV;PARIS LYON;161;464;0;;231;7.347258297300001;3.616810345;;50;33.043;4.546479885;;33;43.5020202;20;7;18.0;6.0;32.0;12.0;10.0;22.0
2023-12;National;LE MANS;PARIS MONTPARNASSE;56;480;5;;205;9.407642276;4.153268678;;93;24.08333333;4.60003592;;37;46.16306306;14;8;22.35294118;18.823529410000003;20.0;16.47058824;7.05882353;15.29411765
2023-12;National;MACON LOCHE;PARIS LYON;96;220;1;;176;11.71382576;9.555709877;;57;27.619298246000003;8.531404321;;41;33.59146342;12;5;21.05263158;7.01754386;63.15789474;7.01754386;1.75438596;0.0
2023-12;National;PARIS EST;REIMS;46;230;0;;37;17.27207207;2.833913044;;36;27.98287037;5.504202899;;22;38.49772727;10;6;5.71428571;2.85714286;14.28571429;31.42857143;20.0;25.71428571
2023-12;National;PARIS NORD;ARRAS;49;494;3;;78;17.96837607;2.838357094;;78;32.29893162;6.105193483;;39;55.51196581;15;8;19.11764706;7.35294118;20.58823529;39.70588235;5.882352939999999;7.35294118
2023-12;National;RENNES;PARIS MONTPARNASSE;97;809;5;;338;8.435650888;3.552950956;;185;18.00306306;5.307086451;;66;32.55909091;26;7;25.531914890000003;25.531914890000003;22.69503546;10.63829787;4.25531915;11.34751773
2023-12;National;PARIS LYON;NIMES;180;219;0;;16;14.23125;0.845738204;;28;30.36011905;5.268721461;;24;33.28888889;9;2;14.28571429;21.42857143;14.28571429;25.0;3.57142857;21.42857143
2023-12;National;ST PIERRE DES CORPS;PARIS MONTPARNASSE;62;523;17;;209;8.559011164;3.689229249;;97;18.29725086;4.544993412;;38;31.95745614;12;3;30.0;30.0;21.25;12.5;2.5;3.75
2023-12;International;PARIS EST;FRANCFORT;228;171;7;;20;11.67083333;1.434552846;;34;34.53333333;12.37713415;;34;34.53333333;15;4;0.0;3.125;71.875;9.375;15.625;0.0
2023-12;National;NICE VILLE;PARIS LYON;344;216;0;;8;48.70833333;1.641743827;;22;50.42045455;6.871141975;;22;50.42045454499999;14;4;22.72727273;27.27272727;27.27272727;9.09090909;13.63636364;0.0
2023-12;National;PARIS LYON;DIJON VILLE;96;437;1;;44;14.20075758;1.301490826;;29;27.94482759;2.319954128;;20;34.56333333;8;3;14.28571429;21.428571430000005;7.14285714;46.42857143;10.714285710000002;0.0
2023-12;National;ANGERS SAINT LAUD;PARIS MONTPARNASSE;91;567;5;;243;7.088340192;3.143172332;;80;24.02666667;4.168067979;;36;40.03194444;8;5;25.0;25.0;12.5;15.625;4.6875;17.1875
2023-12;National;LE CREUSOT MONTCEAU MONTCHANIN;PARIS LYON;80;256;1;;123;6.394986449899999;3.158531746;;23;22.90072464;2.286838624;;9;43.46296296;4;2;13.04347826;0.0;47.826086960000005;34.7826087;0.0;4.34782609
2023-12;National;MULHOUSE VILLE;PARIS LYON;170;340;0;;133;5.650877193;2.221617647;;30;31.204999999999995;3.315637255;;20;40.30583333;9;3;10.0;20.0;30.0;26.66666667;0.0;13.33333333
2023-12;National;PARIS NORD;DOUAI;71;136;0;;16;13.73541667;1.614705882;;20;31.81166667;5.879901961;;11;50.8969697;2;1;10.52631579;5.263157890000001;15.78947368;47.36842105;15.78947368;5.263157890000001
2023-12;National;PARIS MONTPARNASSE;ST PIERRE DES CORPS;62;523;14;;55;14.53424242;1.192403405;;71;23.49600939;3.942468893;;46;30.85942029;12;3;23.72881356;6.77966102;23.72881356;25.42372881;10.16949153;10.16949153
2023-12;National;POITIERS;PARIS MONTPARNASSE;95;485;18;;250;11.54686667;6.133369487;;131;22.27557252;7.309255242200001;;66;33.66060606;25;7;44.71544715;25.20325203;14.63414634;9.75609756;4.06504065;1.62601626
2023-12;National;GRENOBLE;PARIS LYON;180;213;0;;27;12.40308642;1.579499218;;29;29.3091954;6.202112676;;23;33.73115942;10;2;3.4482758600000003;17.24137931;41.37931034;27.5862069;3.4482758600000003;6.896551720000001
2023-12;National;LILLE;LYON PART DIEU;182;381;3;;172;8.823255813925583;4.042592592551323;;68;33.18645994793023;8.197619048;;58;37.490804597672415;25;8;4.411764704117647;17.647058820735296;14.705882356911763;30.882352938088232;16.17647058544118;16.17647058544118
2023-12;National;PARIS EST;METZ;85;284;2;;35;14.42952381;1.766016549;;42;20.5515873;3.979078014;;18;35.53796296;6;2;5.26315789;7.894736839999999;26.31578947;26.31578947;23.68421053;10.52631579
2023-12;National;PARIS LYON;LYON PART DIEU;119;730;5;;56;13.660416667000002;0.821862069;;42;30.52420635;2.781609195;;29;38.25172414;13;5;7.14285714;16.666666669999998;21.42857143;28.57142857;9.52380952;16.666666669999998
2023-12;National;PARIS LYON;MONTPELLIER;210;223;0;;16;14.23125;0.823617339;;30;33.86111111;5.843423019;;30;33.86111111;12;3;13.33333333;30.0;13.33333333;20.0;3.33333333;20.0
2023-12;National;PARIS MONTPARNASSE;BORDEAUX ST JEAN;139;1051;16;;138;16.46654589;1.805539453;;163;32.65368098;6.510161031;;118;39.92090396;61;20;34.375;13.125;15.0;12.5;14.374999999999998;10.624999999999998
2023-12;International;LAUSANNE;PARIS LYON;229;175;0;;117;2.63945869;2.026453488;;9;35.15925926;2.257655039;;9;35.15925926;3;1;55.55555556;22.222222220000003;11.11111111;11.11111111;0.0;0.0
2023-12;National;ARRAS;PARIS NORD;50;480;5;;265;7.15490566;4.021176885;;116;23.06293103;6.331219168;;41;46.55;26;11;25.217391300000003;16.52173913;32.17391304;11.30434783;11.30434783;3.47826087
2023-12;National;TOURCOING;BORDEAUX ST JEAN;299;31;2;;3;25.0;2.586206897;;5;38.31333333;9.393103448;;5;38.31333333;2;1;40.0;20.0;20.0;20.0;0.0;0.0
2023-12;National;PARIS LYON;BESANCON FRANCHE COMTE TGV;128;184;1;;12;13.22222222;0.7442622951000001;;12;29.43888889;3.872586521;;8;36.95625;4;0;16.666666669999998;33.333333329999995;8.33333333;41.666666670000005;0.0;0.0
2023-12;National;PARIS LYON;TOULON;237;269;0;;20;10.2225;0.478624535;;20;30.29833333;2.592750929;;20;30.29833333;4;1;0.0;15.0;25.0;25.0;5.0;30.0
2023-12;National;VANNES;PARIS MONTPARNASSE;164;289;2;;156;6.927777777800001;3.900760234;;49;29.90238095;7.14754386;;30;40.635;17;6;27.65957447;21.27659574;21.27659574;10.63829787;6.3829787200000005;12.765957450000002
2023-12;National;BORDEAUX ST JEAN;PARIS MONTPARNASSE;138;1084;19;;427;16.97595628;6.751174812;;229;42.43624454;11.32042607;;172;52.12393411;82;36;34.80176211;29.07488987;14.0969163;8.37004405;3.96475771;9.69162996
2023-12;National;LILLE;PARIS NORD;69;665;2;;186;7.545430107;1.9591905551079936;;118;23.193786717801075;4.436870314827451;;48;41.37083333352083;26;9;25.22275882864407;15.59363048237288;26.070729129830504;11.29635895677966;13.955109864067795;7.861412738474575
2023-12;National;PARIS LYON;AIX EN PROVENCE TGV;182;493;1;;47;14.639007091999998;1.162703252;;38;36.65789474;3.797798103;;36;37.94953704;18;4;13.15789474;5.26315789;10.52631579;18.42105263;21.05263158;31.57894737
2023-12;National;PARIS MONTPARNASSE;QUIMPER;226;270;3;;57;14.05701754;2.069225968;;39;40.48717949;7.095505618;;39;40.48717949;21;7;33.333333329999995;15.38461538;10.25641026;23.07692308;7.69230769;10.25641026
2023-12;National;PARIS MONTPARNASSE;POITIERS;92;589;23;;65;18.33769231;1.736690224;;67;28.49577114;3.499499411;;48;34.83645833;22;4;25.75757576;6.060606059999999;16.666666669999998;22.72727273;19.6969697;9.09090909
2024-01;National;ANGERS SAINT LAUD;PARIS MONTPARNASSE;91;559;1;;172;9.951356589;3.181582126;;68;36.50808824;4.099335749;;34;62.97990196100001;24;13;23.636363639999995;9.09090909;21.81818182;21.81818182;5.45454545;18.18181818
2024-01;National;ANNECY;PARIS LYON;226;147;0;;3;35.66666667;0.736394558;;23;44.46449275;9.798752835;;23;44.46449275;8;2;4.34782609;17.39130435;56.52173913;21.73913043;0.0;0.0
2024-01;National;PARIS MONTPARNASSE;LAVAL;76;319;1;;58;25.68045977;4.33081761;;62;28.68494624;6.008228512;;24;55.86805556;12;7;3.57142857;3.57142857;25.0;32.14285714;23.21428571;12.5
2024-01;International;PARIS LYON;ITALIE;502;20;0;;3;10.54444444;1.4825;;0;0.0;0.0;;0;0.0;0;0;0.0;0.0;0.0;0.0;0.0;0.0
2024-01;National;LYON PART DIEU;LILLE;187;321;1;;254;13.02152230954803;9.690988051239064;;121;36.53008182;15.729554228353129;;100;41.5;46;19;12.396694218099173;29.75206612016529;30.57851239702479;13.223140494958676;8.264462807933883;5.7851239711570255
2024-01;National;PARIS LYON;CHAMBERY CHALLES LES EAUX;175;290;0;;36;17.54814815;2.009770115;;58;33.46063218;8.44908046;;37;44.98963964;24;8;6.896551720000001;18.96551724;34.48275862;18.96551724;5.172413790000001;15.51724138
2024-01;National;PERPIGNAN;PARIS LYON;316;193;1;;29;13.03735632;1.892719298;;30;43.98888889;9.078859649;;30;43.98888889;15;4;30.0;23.33333333;26.66666667;16.666666669999998;3.33333333;0.0
2024-01;National;VANNES;PARIS MONTPARNASSE;163;292;4;;139;7.322901679;2.767708333;;44;27.03674242;5.820081019;;28;34.96607143;11;3;30.95238095;19.04761905;11.9047619;9.52380952;16.666666669999998;11.9047619
2024-01;National;TOURCOING;BORDEAUX ST JEAN;300;31;0;;7;36.85714286;8.322580645;;7;77.41666667;18.86182796;;7;77.41666667;5;2;0.0;28.57142857;14.28571429;57.14285714;0.0;0.0
2024-01;National;PARIS MONTPARNASSE;TOURS;74;193;4;;27;21.7654321;2.238800706;;31;34.56827957;6.087213404;;17;55.95;9;5;3.7037037;7.407407409999999;25.92592593;51.85185185;0.0;11.11111111
2024-01;International;PARIS LYON;ZURICH;244;168;1;;29;18.82183908;3.129341317;;20;44.77166667;6.452694610799999;;20;44.77166667;12;4;10.0;10.0;20.0;55.00000000000001;5.0;0.0
2024-01;National;BELLEGARDE (AIN);PARIS LYON;164;282;1;;89;6.159363295900001;1.961091341;;26;45.85384615;5.318623962;;21;53.44206349;11;4;15.38461538;19.23076923;26.92307692;26.92307692;7.69230769;3.84615385
2024-01;National;DOUAI;PARIS NORD;75;184;5;;61;5.459836066;2.167992424;;42;23.10238095;6.070643939399999;;17;42.1872549;11;2;29.26829268;24.3902439;12.19512195;24.3902439;4.878048780000001;4.878048780000001
2024-01;National;METZ;PARIS EST;87;294;4;;97;9.230927835;3.146149425;;57;21.67631579;5.310229885;;29;33.16149425;10;3;24.56140351;3.50877193;43.85964912;14.03508772;8.771929819999999;5.26315789
2024-01;National;PARIS LYON;BESANCON FRANCHE COMTE TGV;127;190;1;;23;17.41956522;2.030687831;;21;54.74761904799999;7.262962963;;17;64.74411765;10;5;9.52380952;9.52380952;19.04761905;23.80952381;23.80952381;14.28571429
2024-01;National;PARIS MONTPARNASSE;ANGOULEME;123;318;1;;51;18.53104575;2.543585699;;34;34.26911765;4.847581493;;25;41.77866666700001;15;3;14.70588235;5.88235294;8.82352941;26.47058824;26.47058824;17.64705882
2024-01;National;TOULON;PARIS LYON;238;255;2;;99;20.39006734;8.056547619;;36;72.93611111;12.98478836;;36;72.93611111;22;14;47.22222222;13.88888889;11.11111111;16.666666669999998;5.55555556;5.55555556
2024-01;National;PARIS NORD;ARRAS;49;511;12;;69;15.00241546;1.755310621;;70;22.18380952;4.287909152;;35;34.59047619;11;4;18.46153846;12.30769231;12.30769231;33.84615385;12.30769231;10.76923077
2024-01;National;LE CREUSOT MONTCEAU MONTCHANIN;PARIS LYON;79;244;0;;102;5.819444444;2.551434426;;29;21.606321839000003;2.960655738;;12;38.08194444;6;2;10.714285710000002;7.14285714;28.57142857;25.0;7.14285714;21.428571430000005
2024-01;National;MARSEILLE ST CHARLES;MARNE LA VALLEE;208;252;1;;44;12.963636363999996;2.055046481;;49;34.78367347;9.864077025;;49;34.78367347;21;4;8.163265309999998;24.48979592;30.6122449;12.24489796;14.28571429;10.20408163
2024-01;National;PARIS LYON;BELLEGARDE (AIN);163;286;1;;64;18.58489583;3.985906433;;66;30.62525253;8.274035088;;50;35.803;23;5;7.69230769;16.92307692;27.69230769;21.53846154;13.84615385;12.307692309999998
2024-01;National;PARIS LYON;TOULON;237;258;1;;33;26.79747475;3.191439689;;33;52.64191919;7.102010376;;33;52.64191919;18;8;34.375;15.625;21.875;15.625;9.375;3.125
2024-01;National;PARIS MONTPARNASSE;NANTES;128;620;1;;67;13.86890547;1.143457189;;69;39.50410628;4.474851912;;54;46.67746914;22;10;21.73913043;10.14492754;20.28985507;21.73913043;8.695652169999999;17.39130435
2024-01;National;SAINT ETIENNE CHATEAUCREUX;PARIS LYON;168;119;0;;10;11.94;1.322268908;;10;25.18166667;4.308543417;;6;33.32777778;2;1;10.0;0.0;70.0;20.0;0.0;0.0
2024-01;International;ZURICH;PARIS LYON;244;187;0;;55;2.862424242;1.34516129;;19;49.72105263;6.154032258;;19;49.72105263;12;5;10.52631579;15.78947368;36.84210526;36.84210526;0.0;0.0
2024-01;National;LILLE;LYON PART DIEU;181;350;0;;180;12.180740740777775;6.160904761907999;;87;35.30553791904445;11.119571428992002;;68;41.946813725029415;31;12;17.24137931310345;13.793103452413794;22.988505747586206;25.28735632;17.241379313448277;3.448275860689655
2024-01;National;MARNE LA VALLEE;LYON PART DIEU;106;386;0;;239;14.97161785;9.206450217;;102;32.74885621;10.61549784;;72;40.97291667;31;12;17.64705882;15.68627451;22.54901961;25.49019608;14.70588235;3.92156863
2024-01;National;BESANCON FRANCHE COMTE TGV;PARIS LYON;132;190;2;;50;6.733;1.518003565;;13;49.01025640999999;4.032263815;;13;49.01025641;6;3;15.38461538;38.46153846;38.46153846;7.69230769;0.0;0.0
2024-01;National;BREST;PARIS MONTPARNASSE;228;276;0;;21;34.0484127;2.629166667;;23;60.17608696;7.186029412;;23;60.17608696;11;7;34.7826087;26.08695652;8.695652169999999;13.04347826;8.695652169999999;8.695652169999999
2024-01;National;LYON PART DIEU;MARSEILLE ST CHARLES;108;437;1;;245;12.44292517;7.1271788991000005;;99;29.72239057;8.395412844;;64;38.92890625;34;7;14.28571429;21.42857143;35.71428571;19.3877551;5.10204082;4.08163265
2024-01;National;NICE VILLE;PARIS LYON;342;202;1;;20;39.78166667;3.76774461;;31;76.60860215;14.03126037;;31;76.60860215;18;13;51.61290322999999;16.129032260000002;12.90322581;9.67741935;3.2258064500000003;6.451612900000001
2024-01;National;LYON PART DIEU;MONTPELLIER;115;247;0;;141;12.53002364;7.271747968;;60;32.73138889;8.591056911;;46;38.83115942;19;6;13.33333333;23.33333333;30.0;20.0;6.666666670000001;6.666666670000001
2024-01;National;PARIS LYON;DIJON VILLE;95;446;1;;69;15.45748792;2.26082397;;45;33.14851852;4.303895131;;36;38.05740741;17;7;9.09090909;18.18181818;13.63636364;27.27272727;18.18181818;13.63636364
2024-01;National;PARIS LYON;NICE VILLE;341;199;1;;26;26.60897436;3.160521886;;37;52.84594595;11.62920875;;37;52.84594595;21;10;32.432432430000006;13.51351351;21.62162162;16.21621622;8.10810811;8.10810811
2024-01;National;PARIS MONTPARNASSE;ST PIERRE DES CORPS;62;538;8;;74;21.57364865;2.309748428;;75;28.81666667;4.721415094;;37;48.78828829;19;10;4.76190476;4.76190476;22.222222220000003;52.38095238;7.936507939999999;7.936507939999999
2024-01;International;FRANCFORT;PARIS EST;261;115;43;;47;10.72446809;8.409166667;;12;38.96527778;10.97;;12;38.96527778;7;1;33.333333329999995;8.33333333;41.666666670000005;8.33333333;0.0;8.33333333
2024-01;International;STUTTGART;PARIS EST;202;126;22;;66;6.724242424;3.692941177;;15;40.13666667;8.697843137;;15;40.13666667;6;2;20.0;0.0;46.66666667;13.33333333;13.33333333;6.666666670000001
2024-01;National;TOULOUSE MATABIAU;PARIS MONTPARNASSE;273;221;1;;31;26.32903226;3.750764526;;51;67.6496732;19.4970948;;51;67.6496732;33;18;31.37254902;31.37254902;9.80392157;13.7254902;9.80392157;3.92156863
2024-01;National;NANTES;PARIS MONTPARNASSE;129;652;1;;115;13.68478261;2.097593446;;58;52.49798851;5.852432156;;40;70.23916667;29;16;25.0;7.14285714;17.85714286;21.428571430000005;8.92857143;19.64285714
2024-01;International;PARIS EST;FRANCFORT;258;120;58;;5;3.743333333;0.302777778;;8;26.9375;-0.014722222;;8;26.9375;3;0;0.0;42.85714286;42.85714286;14.28571429;0.0;0.0
2024-01;National;BORDEAUX ST JEAN;PARIS MONTPARNASSE;138;1096;6;;408;17.1500817;6.277089073;;235;36.97326241;10.0711356;;152;50.06721491;65;28;24.56896552;36.20689655;16.37931034;12.5;6.896551720000001;3.4482758600000003
2024-01;National;MARSEILLE ST CHARLES;LYON PART DIEU;104;420;2;;98;17.64914966;4.134252598;;95;32.99175439;10.11051159;;52;49.33974359;24;8;16.84210526;25.26315789;34.736842110000005;15.78947368;6.31578947;1.05263158
2024-01;National;PARIS LYON;SAINT ETIENNE CHATEAUCREUX;172;119;0;;19;19.87719298;2.932913165;;19;30.152631579000005;6.281092437;;13;38.08461539;6;2;15.78947368;15.78947368;21.05263158;10.52631579;15.78947368;21.05263158
2024-01;National;MONTPELLIER;LYON PART DIEU;112;179;0;;29;16.57816092;2.701489758;;30;40.94555556;10.40270019;;23;49.29130435;13;6;23.33333333;26.66666667;26.66666667;13.33333333;10.0;0.0
2024-01;National;PARIS LYON;MACON LOCHE;93;232;0;;25;20.26933333;2.017025862;;33;26.80050505;6.398347701;;25;31.06266667;10;2;6.06060606;12.12121212;18.18181818;24.24242424;15.15151515;24.24242424
2024-01;International;PARIS EST;STUTTGART;192;114;35;;21;19.35873016;4.659493671;;22;44.04545455;15.94915612;;22;44.04545455;11;5;27.27272727;9.09090909;13.63636364;40.90909091;0.0;9.09090909
2024-01;National;ARRAS;PARIS NORD;50;501;8;;262;7.567175573;4.124173554;;118;20.46666667;5.40392562;;46;36.53297101;24;4;21.55172414;30.172413790000004;16.37931034;18.96551724;5.17241379;7.75862069
2024-01;National;GRENOBLE;PARIS LYON;182;232;0;;25;8.070666667;0.886422414;;32;22.92083333;5.288936782;;22;27.64318182;6;0;3.125;15.625;40.625;25.0;12.5;3.125
2024-01;National;LAVAL;PARIS MONTPARNASSE;79;302;2;;119;8.600420168;3.440796858;;56;22.21458333;3.866049383;;18;49.08888889;10;4;20.40816327;20.40816327;18.36734694;14.28571429;14.28571429;12.24489796
2024-01;National;NIMES;PARIS LYON;179;183;1;;48;14.05381944;3.656776557;;40;29.43458333;8.038644689;;30;34.93055555600001;11;3;17.5;30.0;42.5;10.0;0.0;0.0
2024-01;National;PARIS EST;REIMS;46;235;0;;27;8.462345679;1.016241135;;33;15.27979798;2.867588653;;9;26.46481482;3;0;21.875;6.25;21.875;31.25;12.5;6.25
2024-01;International;GENEVE;PARIS LYON;195;242;1;;154;3.563961039;2.497925311;;21;53.44206349;6.264661134;;21;53.44206349;11;4;9.52380952;23.80952381;19.04761905;33.333333329999995;9.52380952;4.76190476
2024-01;National;MULHOUSE VILLE;PARIS LYON;170;345;1;;104;5.79599359;1.777180233;;34;46.58333333;5.242344961;;31;49.88333333;17;8;17.64705882;26.47058824;32.35294118;23.52941176;0.0;0.0
2024-01;National;PARIS LYON;LE CREUSOT MONTCEAU MONTCHANIN;77;219;0;;21;15.75714286;1.3361491628999995;;42;16.41944444;4.510273973;;11;37.7530303;5;2;2.4390243900000006;46.34146341;21.95121951;14.63414634;2.4390243900000006;12.19512195
2024-01;National;PARIS MONTPARNASSE;TOULOUSE MATABIAU;269;220;3;;30;25.47888889;3.024654378;;27;94.99320988;7.637788018;;27;94.99320988;18;14;37.03703704;14.814814809999998;22.22222222;14.814814809999998;3.7037037;7.407407409999999
2024-01;National;REIMS;PARIS EST;46;244;0;;46;8.872463768;1.729166667;;37;18.0481982;3.929303279;;16;28.025;4;1;22.85714286;5.71428571;22.85714286;28.57142857;11.42857143;8.57142857
2024-01;National;RENNES;PARIS MONTPARNASSE;97;807;4;;309;11.8167206;4.537593516;;147;26.55011338;5.971093100599999;;66;45.70681818;27;13;27.34375;23.4375;13.28125;12.5;11.71875;11.71875
2024-01;National;ST MALO;PARIS MONTPARNASSE;149;98;0;;8;31.31875;2.693040293;;17;31.51666667;7.351648352;;11;41.34090909;2;1;23.52941176;35.294117650000004;23.52941176;5.88235294;5.88235294;5.88235294
2024-01;National;LILLE;MARSEILLE ST CHARLES;292;212;0;;72;14.228703703666667;4.742216981;;53;42.60773662522222;13.499292452839622;;53;41.95597484254717;31;8;15.094339626603771;16.98113207509434;33.96226415018868;18.86792452566037;11.32075471962264;3.773584902830189
2024-01;National;MONTPELLIER;PARIS LYON;208;183;1;;36;16.41064815;3.209249084;;30;34.93055556;8.038644689;;30;34.93055555600001;11;3;23.33333333;30.0;33.333333329999995;13.33333333;0.0;0.0
2024-01;National;DIJON VILLE;PARIS LYON;98;435;2;;163;10.7708589;4.123263889;;49;40.18741497;5.331442901200001;;40;46.19291667;21;7;18.36734694;32.65306122;24.48979592;18.36734694;2.04081633;4.08163265
2024-01;National;LILLE;PARIS NORD;70;677;4;;171;10.635185185350876;2.4613917781053494;;136;22.42073569368421;5.735983159994502;;63;41.024603174666666;36;8;16.81372548764706;31.96078431;19.11764706;9.019607842941175;15.588235293529412;7.5
2024-01;National;LYON PART DIEU;RENNES;235;93;2;;43;7.725193798;3.606227106;;6;40.16111111;3.379304029;;6;40.16111111;4;0;16.666666669999998;0.0;33.333333329999995;0.0;0.0;50.0
2024-01;National;PARIS NORD;DUNKERQUE;129;191;3;;25;10.948;1.520212766;;17;32.0;2.984042553;;15;34.53333333;6;1;23.52941176;5.88235294;5.88235294;47.05882353;5.88235294;11.76470588
2024-01;National;PARIS NORD;LILLE;67;677;4;;93;19.292293906935484;2.7738484398374443;;116;28.625585038344084;5.239499752349033;;55;49.50060606025455;30;13;26.95542472396552;21.75147182646552;12.13204373301724;16.537005889224137;15.653910851465517;6.970142980172413
2024-01;National;LYON PART DIEU;MARNE LA VALLEE;107;332;2;;254;12.75951444;9.89787234;;119;27.40910364;11.40359676;;79;34.52658228;29;8;6.722689079999999;30.25210084;33.61344538;13.445378150000002;10.08403361;5.88235294
2024-01;National;NANCY;PARIS EST;95;294;1;;78;9.269017094;2.523151308;;51;25.22745098;5.811717861;;28;37.22619048;14;4;29.41176471;21.56862745;25.49019608;13.7254902;5.88235294;3.92156863
2024-01;National;PARIS LYON;LYON PART DIEU;119;740;1;;79;19.0092827;1.8036084799000005;;59;33.01497175;3.351917005;;41;41.64796748;19;8;13.55932203;22.03389831;23.72881356;30.50847458;5.08474576;5.08474576
2024-01;National;MARNE LA VALLEE;MARSEILLE ST CHARLES;210;248;0;;138;14.951449274999998;8.451821862;;57;43.59444444;12.93684211;;57;43.59444444;33;10;14.03508772;15.78947368;33.333333329999995;21.05263158;10.52631579;5.26315789
2024-01;National;BORDEAUX ST JEAN;TOURCOING;302;31;0;;5;49.18666667;7.686021505;;9;51.55555556;17.17741936;;9;51.55555556;6;4;0.0;11.11111111;22.222222220000003;33.333333329999995;22.222222220000003;11.11111111
2024-01;National;DUNKERQUE;PARIS NORD;131;165;2;;9;18.55555556;1.030864198;;31;25.50645161;6.097222222;;17;35.85;7;2;30.0;30.0;10.0;16.666666669999998;3.33333333;10.0
2024-01;National;PARIS EST;STRASBOURG;113;569;39;;76;19.58223684;2.810628931;;79;35.06835443;6.001037736;;63;40.57354497;31;15;24.35897436;3.84615385;8.97435897;46.15384615;6.41025641;10.25641026
2024-01;International;BARCELONA;PARIS LYON;408;62;1;;27;5.466666667;2.419672131;;7;41.64047619000001;8.58442623;;7;41.64047619;4;1;42.85714286;28.57142857;14.28571429;14.28571429;0.0;0.0
2024-01;National;MACON LOCHE;PARIS LYON;94;236;0;;162;14.5058642;10.01460114;;55;40.06;10.56595442;;41;49.34186992;17;6;5.45454545;12.72727273;63.636363640000006;16.36363636;0.0;1.81818182
2024-01;National;MARSEILLE ST CHARLES;PARIS LYON;196;505;0;;97;17.91804124;3.248873426;;54;48.36234567899999;7.003644798;;54;48.36234568;26;13;18.51851852;12.96296296;24.07407407;20.37037037;18.51851852;5.55555556
2024-01;National;PARIS LYON;ANNECY;226;157;1;;19;22.74210526;2.600641026;;20;44.75;7.67948718;;20;44.75;13;3;5.0;25.0;25.0;30.0;5.0;10.0
2024-01;International;PARIS LYON;GENEVE;191;246;1;;56;19.1875;4.219659864;;39;39.38974359;8.373129252;;39;39.38974359;21;4;10.25641026;17.948717950000002;30.76923077;15.38461538;17.948717950000002;7.69230769
2024-01;National;ANGOULEME;PARIS MONTPARNASSE;124;344;0;;292;14.037385844999998;12.69713542;;119;28.08039216;11.39442708;;63;41.494709;22;8;15.38461538;52.99145299;15.38461538;8.54700855;4.27350427;3.41880342
2024-01;National;LYON PART DIEU;PARIS LYON;119;751;0;;281;6.036298932;2.372791833;;65;25.94564103;3.352729694;;41;33.58861789;17;4;10.76923077;9.23076923;30.76923077;29.23076923;7.69230769;12.30769231
2024-01;National;NANTES;STRASBOURG;312;57;0;;11;10.4469697;2.089880952;;8;38.10625;7.013988095;;8;38.10625;5;1;25.0;12.5;37.5;12.5;12.5;0.0
2024-01;National;PARIS LYON;PERPIGNAN;315;200;2;;19;26.43859649;2.332407407;;25;40.91266667;5.182491582500001;;25;40.91266667;12;4;24.0;32.0;24.0;12.0;4.0;4.0
2024-01;National;PARIS MONTPARNASSE;BORDEAUX ST JEAN;139;1060;2;;127;20.36010499;2.016887209;;117;32.47179487;4.881348456;;80;41.36333333;39;10;13.15789474;14.03508772;19.29824561;28.947368420000004;14.03508772;10.52631579
2024-01;National;PARIS MONTPARNASSE;QUIMPER;225;267;6;;56;25.09821429;3.294316731;;33;61.53030302999999;8.651340996;;33;61.53030303;17;10;36.36363636;6.06060606;12.12121212;15.15151515;18.18181818;12.12121212
2024-01;National;PARIS MONTPARNASSE;ST MALO;153;97;6;;12;14.6;1.544688645;;15;25.47444444;6.171794872;;8;36.70416667;5;1;26.66666667;13.33333333;26.66666667;26.66666667;0.0;6.666666670000001
2024-01;National;VALENCE ALIXAN TGV;PARIS LYON;133;377;1;;216;9.826311728;5.801340483;;80;30.09479167;8.296782842;;55;37.69363636;22;5;21.25;26.25;32.5;12.5;5.0;2.5
2024-01;National;AIX EN PROVENCE TGV;PARIS LYON;184;460;1;;240;9.724513889;5.191812227;;53;47.44716981;7.218558952;;49;50.29659864;23;10;18.86792453;9.43396226;28.30188679;20.75471698;16.98113208;5.66037736
2024-01;National;PARIS LYON;MONTPELLIER;210;230;3;;22;27.96060606;2.517474303;;36;42.56851852;8.318502203;;36;42.56851852;21;9;19.44444444;33.333333329999995;13.88888889;22.222222220000003;5.55555556;5.55555556
2024-01;National;ST PIERRE DES CORPS;PARIS MONTPARNASSE;62;547;5;;224;8.552232143;3.643950617;;113;27.270059;6.394475309;;33;69.68282828;18;11;10.41666667;19.79166667;31.25;26.04166667;4.16666667;8.33333333
2024-01;National;PARIS LYON;NIMES;180;230;3;;22;27.96060606;2.517474303;;41;30.98048781;7.196622614;;33;35.19444444;13;7;14.63414634;24.3902439;14.63414634;36.58536585;4.87804878;4.87804878
2024-01;National;PARIS MONTPARNASSE;RENNES;97;764;3;;127;21.23582677;3.190845379;;110;28.19924242;4.387056505;;59;42.80988701;28;11;12.62135922;3.88349515;17.47572816;31.067961170000004;19.41747573;15.53398058
2024-01;National;QUIMPER;PARIS MONTPARNASSE;230;270;3;;13;20.92307692;0.744274809;;25;35.97533333;5.05197201;;25;35.97533333;11;3;32.0;12.0;12.0;12.0;20.0;12.0
2024-01;National;PARIS LYON;MARSEILLE ST CHARLES;196;548;0;;55;20.57878788;1.841909976;;53;44.19025157;5.975577859;;53;44.19025157;24;9;18.86792453;18.86792453;18.86792453;26.41509434;5.66037736;11.32075472
2024-01;National;PARIS LYON;VALENCE ALIXAN TGV;133;440;3;;52;23.99358974;2.652173913;;63;32.78280423;6.183257056;;46;40.02391304;25;10;4.76190476;20.63492063;22.222222220000003;36.50793651;7.936507939999999;7.936507939999999
2024-01;National;PARIS MONTPARNASSE;ANGERS SAINT LAUD;89;540;0;;61;13.80737705;1.111265432;;59;23.78785311;2.737932099;;39;30.56709402;10;2;12.72727273;12.72727273;27.27272727;21.81818182;12.72727273;12.72727273
2024-01;National;STRASBOURG;PARIS EST;114;548;40;;199;10.62152429;4.193741766;;82;35.92296748;6.678458498;;63;42.88359788;34;14;29.26829268;3.65853659;30.48780488;18.29268293;10.97560976;7.31707317
2024-01;International;ITALIE;PARIS LYON;544;20;0;;19;5.203508772;4.978333333;;8;29.254166667000003;13.28083333;;8;29.25416667;3;0;12.5;0.0;75.0;12.5;0.0;0.0
2024-01;National;PARIS LYON;AVIGNON TGV;161;431;0;;43;18.72713178;1.64524362;;57;32.22339181;5.435228152;;37;42.57297297;17;5;14.03508772;19.29824561;21.05263158;26.31578947;8.771929819999999;10.52631579
2024-01;National;PARIS MONTPARNASSE;VANNES;155;275;1;;58;25.31896552;5.031386861;;47;36.30851064;7.251824818;;29;50.79310345;16;7;15.2173913;6.521739129999999;10.869565219999998;28.260869570000004;23.91304348;15.2173913
2024-01;National;LE MANS;PARIS MONTPARNASSE;56;475;4;;172;11.18943798;4.152303816;;87;25.026436782000005;4.879265659;;38;44.46798246;21;8;14.08450704;16.901408449999998;21.12676056;18.30985915;8.45070423;21.12676056
2024-01;National;PARIS LYON;GRENOBLE;180;273;0;;35;20.99809524;2.48040293;;50;30.77;6.655677656;;35;38.61428571;16;4;6.0;20.0;40.0;18.0;4.0;12.0
2024-01;International;PARIS LYON;LAUSANNE;230;187;12;;40;13.71916667;2.918095238;;25;42.15533333;7.378666666699999;;25;42.15533333;11;5;24.0;28.000000000000004;12.0;8.0;20.0;8.0
2024-01;National;PARIS EST;NANCY;97;294;2;;29;10.95;1.189783105;;28;28.13214286;3.834075343;;20;34.12833333;13;2;46.42857143;3.57142857;17.85714286;21.42857143;10.71428571;0.0
2024-01;National;PARIS EST;METZ;85;281;2;;19;28.607894736999995;1.948685783;;33;30.14141414;4.425686977;;16;50.71458333;8;5;36.36363636;6.06060606;24.24242424;21.21212121;6.06060606;6.06060606
2024-01;National;STRASBOURG;NANTES;335;58;1;;10;9.478333333;1.668128655;;5;65.35333333;5.429824561;;5;65.35333333;4;3;40.0;0.0;0.0;40.0;0.0;20.0
2024-01;International;LAUSANNE;PARIS LYON;228;177;1;;79;2.803164557;1.661210318;;14;34.83333333;4.389484127;;14;34.83333333;6;0;21.42857143;42.85714286;14.28571429;14.28571429;7.14285714;0.0
2024-01;National;POITIERS;PARIS MONTPARNASSE;96;503;3;;250;10.3006;4.93747495;;135;24.05111111;7.800935204;;51;45.44150327;18;9;13.1147541;48.360655740000006;17.21311475;11.47540984;2.45901639;7.37704918
2024-01;International;PARIS LYON;BARCELONA;407;62;2;;4;15.74583333;0.8925;;5;32.8;4.05;;5;32.8;3;0;40.0;60.0;0.0;0.0;0.0;0.0
2024-01;National;PARIS MONTPARNASSE;LE MANS;55;435;3;;51;24.244117647000003;2.508063272;;45;30.70185185;3.676929012;;23;49.84637681200001;12;6;5.0;10.0;7.5;50.0;15.0;12.5
2024-01;National;MARSEILLE ST CHARLES;LILLE;281;191;0;;32;10.54531249993125;1.5945898778518324;;57;39.18359557;14.808726003481675;;57;39.81520467829824;27;9;12.280701750526315;24.56140351017544;19.29824561561404;14.03508772105263;14.03508771719298;15.789473683157896
2024-01;National;PARIS MONTPARNASSE;POITIERS;92;597;4;;83;18.25542169;1.963462619;;71;36.90868545;4.646261945;;45;52.20740741;24;12;2.98507463;4.47761194;17.91044776;40.29850746;19.40298507;14.92537313
2024-01;National;PARIS NORD;DOUAI;71;140;3;;16;14.51666667;1.796836983;;23;27.0057971;5.900608273;;11;45.97575758;8;3;17.39130435;17.39130435;21.73913043;21.73913043;13.04347826;8.695652169999999
2024-01;National;PARIS LYON;AIX EN PROVENCE TGV;184;484;0;;53;22.05880503;2.200447658;;56;39.94970238;6.053374656;;52;42.05;24;7;12.5;10.71428571;25.0;26.78571429;10.71428571;14.28571429
2024-01;National;PARIS LYON;MULHOUSE VILLE;169;351;3;;52;18.47275641;2.628544061;;40;43.60458333;5.75914751;;32;51.13229167;18;8;12.5;15.0;17.5;32.5;15.0;7.5
2024-01;National;PARIS MONTPARNASSE;LA ROCHELLE VILLE;175;226;1;;31;19.45967742;2.353925926;;27;47.07407407;6.855555556;;24;51.5;11;6;0.0;7.407407409999999;22.22222222;40.74074074;11.11111111;18.51851852
2024-01;National;RENNES;LYON PART DIEU;235;93;1;;15;4.081111111;0.630434783;;7;48.31666667;4.292572464;;7;48.31666667;2;2;14.28571429;28.57142857;14.28571429;28.57142857;0.0;14.28571429
2024-01;National;TOURS;PARIS MONTPARNASSE;74;196;2;;26;5.242307692300001;0.6951030927999999;;35;23.19333333;5.668556700999999;;9;62.20000000000001;7;3;3.84615385;3.84615385;46.15384615000001;38.46153846;0.0;7.69230769
2024-01;National;AVIGNON TGV;PARIS LYON;162;460;2;;194;7.764690722;3.247441521;;66;29.7270202;5.495833333;;44;37.83219697;20;7;7.57575758;18.18181818;37.87878788;18.18181818;15.15151515;3.03030303
2024-01;National;LA ROCHELLE VILLE;PARIS MONTPARNASSE;170;227;0;;22;17.54545455;1.700440529;;36;42.62731482;8.763215859;;23;59.24855073;8;5;5.71428571;40.0;22.85714286;11.428571429999998;5.71428571;14.28571429
2024-01;National;PARIS MONTPARNASSE;BREST;231;273;4;;47;20.61347518;2.579042289;;36;44.29166667;6.46641791;;36;44.29166667;18;8;19.44444444;25.0;5.55555556;22.222222220000003;13.88888889;13.88888889
2024-01;National;CHAMBERY CHALLES LES EAUX;PARIS LYON;175;277;0;;120;10.10625;4.178580024;;57;42.18888888899999;10.32845969;;45;49.94962963;19;7;12.28070175;14.03508772;54.38596491;19.29824561;0.0;0.0
2024-01;National;MARSEILLE ST CHARLES;TOURCOING;285;22;0;;6;26.94444444;7.056818182;;5;53.0;15.27272727;;5;53.0;3;2;0.0;20.0;40.0;20.0;20.0;0.0
2024-02;International;LAUSANNE;PARIS LYON;229;153;3;;75;2.693777778;1.728735632;;13;50.16153846;6.432528736;;13;50.16153846;7;3;7.69230769;53.84615385;23.07692308;7.69230769;0.0;7.69230769
2024-02;National;LYON PART DIEU;RENNES;235;88;5;;38;6.598684211;3.126104418;;8;30.13958333;4.069076305;;8;30.13958333;3;0;25.0;25.0;25.0;25.0;0.0;0.0
2024-02;National;MULHOUSE VILLE;PARIS LYON;171;301;13;;80;3.48625;1.008275463;;17;20.73823529;2.306828704;;9;27.55925926;2;0;23.52941176;17.64705882;41.17647059;17.64705882;0.0;0.0
2024-02;National;PARIS LYON;AIX EN PROVENCE TGV;184;461;15;;33;14.55656566;0.879633782;;33;36.78838384;3.853213752;;32;37.5796875;15;4;9.09090909;15.15151515;33.333333329999995;24.24242424;15.15151515;3.03030303
2024-02;National;PARIS MONTPARNASSE;BREST;232;257;12;;18;14.55833333;0.3044897959000001;;20;46.275;4.375510204;;20;46.275;7;3;40.0;20.0;10.0;15.0;10.0;5.0
2024-02;National;PARIS MONTPARNASSE;ST MALO;151;99;11;;8;6.21875;0.303787879;;8;33.45208333;3.987310606;;8;33.45208333;1;1;25.0;25.0;0.0;12.5;12.5;25.0
2024-02;National;DOUAI;PARIS NORD;75;170;7;;66;3.795959596;1.7727743271000005;;30;17.425;3.890062112;;7;42.78571429;6;1;0.0;16.666666669999998;60.0;13.33333333;3.33333333;6.666666670000001
2024-02;National;PARIS LYON;CHAMBERY CHALLES LES EAUX;179;322;0;;25;16.47466667;1.027070393;;49;25.70340136;5.371583851;;31;33.10053763;9;4;12.765957450000002;17.0212766;48.93617021;8.5106383;8.5106383;4.25531915
2024-02;National;PARIS LYON;NICE VILLE;341;186;9;;19;19.02807018;1.785687382;;36;39.0837963;10.3279661;;36;39.0837963;17;5;13.88888889;36.11111111;30.55555556;8.33333333;5.55555556;5.55555556
2024-02;National;PARIS MONTPARNASSE;VANNES;156;261;11;;32;15.70104167;1.5956;;31;31.03225807;4.59;;19;42.60526316;13;2;22.58064516;19.35483871;9.67741935;25.80645161;9.67741935;12.90322581
2024-02;National;VALENCE ALIXAN TGV;PARIS LYON;133;339;14;;188;7.876861702;4.646244856;;61;28.58224044;7.225;;39;37.17008547;15;7;9.83606557;34.42622951;31.14754098;14.75409836;0.0;9.83606557
2024-02;National;PARIS MONTPARNASSE;ANGERS SAINT LAUD;89;519;31;;31;9.970967742;0.225375683;;39;34.11410256;3.213114754;;32;39.10520833;18;5;53.84615385;10.25641026;2.56410256;15.38461538;5.12820513;12.82051282
2024-02;National;ANGERS SAINT LAUD;PARIS MONTPARNASSE;91;519;28;;99;8.173737374;1.767040054;;50;30.500333333000004;3.876306857;;25;52.75666667;17;5;56.75675676;8.10810811;16.21621622;8.10810811;2.7027027;8.10810811
2024-02;National;METZ;PARIS EST;88;273;10;;93;12.843727598999996;4.61400507;;52;26.62403846;6.216666667;;33;35.80252525;9;3;5.76923077;11.53846154;55.76923077;15.38461538;7.69230769;3.84615385
2024-02;National;NANCY;PARIS EST;95;265;6;;59;9.301412429;2.190862291;;38;22.1627193;4.612741313;;16;36.91145833;7;3;2.63157895;21.05263158;50.0;15.78947368;7.894736839999999;2.63157895
2024-02;National;PARIS MONTPARNASSE;LA ROCHELLE VILLE;174;211;16;;15;9.713333333;0.366837607;;15;26.966666666999995;3.176923077;;12;30.45833333;4;1;26.66666667;6.666666670000001;13.33333333;20.0;13.33333333;20.0
2024-02;National;MONTPELLIER;PARIS LYON;208;167;7;;25;6.89;1.0234375;;20;36.67916667;7.116458333;;20;36.67916667;6;4;15.0;50.0;25.0;5.0;0.0;5.0
2024-02;National;PARIS LYON;MARSEILLE ST CHARLES;196;537;19;;47;19.57340426;1.569144144;;43;40.0755814;5.060778636;;43;40.0755814;20;7;6.976744190000001;16.27906977;39.53488372;18.60465116;13.95348837;4.65116279
2024-02;National;DUNKERQUE;PARIS NORD;131;152;7;;6;10.03888889;0.415402299;;15;26.72666667;4.403908046;;7;42.04761905;5;1;0.0;35.71428571;42.85714286;14.28571429;0.0;7.14285714
2024-02;National;LILLE;PARIS NORD;72;677;22;;120;8.063194444;1.2575083424864122;;95;22.54005890783333;3.279650387444122;;40;39.62708333;16;7;2.198830406526316;26.292397660842106;25.146198831578943;21.80116959094737;9.076023392421051;15.485380117684212
2024-02;National;MARNE LA VALLEE;LYON PART DIEU;106;354;26;;240;8.300972222;6.133638211;;52;24.66570513;5.742327236;;32;31.84635417;12;2;11.53846154;11.53846154;34.61538462;19.23076923;19.23076923;3.84615385
2024-02;National;ST PIERRE DES CORPS;PARIS MONTPARNASSE;62;492;33;;139;6.205035971;2.059114016;;54;18.55030864;3.01416122;;15;41.93999999999999;7;2;19.44444444;13.88888889;25.0;25.0;5.55555556;11.11111111
2024-02;National;AVIGNON TGV;PARIS LYON;162;427;18;;178;8.894850187;3.825939543;;65;32.04794872;6.617238562;;41;42.79186992;22;8;7.69230769;30.76923077;41.53846154;10.76923077;4.61538462;4.61538462
2024-02;National;BORDEAUX ST JEAN;TOURCOING;288;29;3;;6;14.725;3.319230769;;2;44.0;5.346153846;;2;44.0;2;0;0.0;0.0;50.0;0.0;50.0;0.0
2024-02;National;MARSEILLE ST CHARLES;MARNE LA VALLEE;208;240;16;;23;10.18768116;0.8533482142999999;;35;29.99142857;8.0078125;;35;29.99142857;7;2;2.8571428600000006;20.0;37.14285714;14.28571429;14.28571429;11.428571430000002
2024-02;National;PARIS LYON;ANNECY;226;152;0;;12;21.16944444;1.487828947;;21;51.95238095;8.15131579;;21;51.952380952000006;7;5;14.28571429;28.57142857;28.57142857;4.76190476;19.04761905;4.76190476
2024-02;National;PARIS MONTPARNASSE;ST PIERRE DES CORPS;62;509;30;;39;13.862393162000002;0.717675713;;38;23.32982456;2.684968685;;18;38.69907407;7;2;9.09090909;12.12121212;15.15151515;36.36363636;15.15151515;12.12121212
2024-02;National;SAINT ETIENNE CHATEAUCREUX;PARIS LYON;168;112;3;;14;7.446428571;1.32211838;;17;26.82254902;6.447507788;;11;34.17272727;4;1;5.88235294;17.64705882;47.05882353;17.64705882;5.88235294;5.88235294
2024-02;National;ANNECY;PARIS LYON;226;154;0;;7;14.0;0.640584416;;25;27.95933333;7.783766233799999;;25;27.95933333;8;1;16.0;20.0;40.0;20.0;0.0;4.0
2024-02;National;MACON LOCHE;PARIS LYON;93;226;2;;131;10.21577608;5.988041854;;48;24.20625;7.843647235;;38;27.10657895;10;2;13.04347826;13.04347826;45.65217391;19.56521739;0.0;8.695652169999999
2024-02;National;PARIS MONTPARNASSE;NANTES;128;586;34;;37;9.913963964;0.265972222;;43;40.60077519;2.957729469;;38;44.35263158;23;9;58.13953488;6.976744190000001;2.3255814;20.93023256;4.65116279;6.976744190000001
2024-02;National;QUIMPER;PARIS MONTPARNASSE;230;242;9;;9;7.111111111;0.27826087;;22;50.64848485;6.23173913;;22;50.64848485;10;4;68.18181818;4.5454545500000005;4.5454545500000005;13.63636364;0.0;9.09090909
2024-02;National;LYON PART DIEU;PARIS LYON;119;723;30;;242;6.98415978;2.545785164;;70;25.73833333;4.174181118;;45;32.72703704;18;4;1.4285714300000003;21.42857143;41.42857143;15.71428571;5.71428571;14.28571429
2024-02;National;NICE VILLE;PARIS LYON;342;189;6;;12;22.600000000000005;1.327504554;;27;40.84074074;8.295992714;;27;40.84074074;14;5;25.92592593;18.51851852;25.92592593;0.0;7.407407409999999;22.22222222
2024-02;National;PARIS LYON;MACON LOCHE;93;213;1;;17;15.353921569000002;1.05927673;;16;25.16145833;4.055345912;;11;30.86818182;4;0;6.25;12.5;37.5;6.25;25.0;12.5
2024-02;National;PARIS MONTPARNASSE;POITIERS;92;558;36;;43;9.355426357;0.375;;36;26.915277778000004;2.214399745;;18;41.48425926;8;3;14.70588235;17.64705882;17.64705882;29.41176471;11.764705879999998;8.82352941
2024-02;National;TOULON;PARIS LYON;238;231;7;;84;14.13789683;5.383557549;;33;42.57979798;8.97690583;;33;42.57979798;17;7;27.27272727;18.18181818;27.27272727;3.03030303;6.06060606;18.18181818
2024-02;National;TOURCOING;BORDEAUX ST JEAN;303;29;3;;3;10.0;1.153846154;;2;26.14166667;5.575641026;;2;26.14166667;1;0;0.0;100.0;0.0;0.0;0.0;0.0
2024-02;International;FRANCFORT;PARIS EST;236;143;6;;86;8.606589147;5.777862595;;30;33.32222222;9.807888041;;30;33.32222222;11;3;10.0;26.66666667;53.33333333;3.33333333;0.0;6.666666670000001
2024-02;National;BELLEGARDE (AIN);PARIS LYON;163;269;6;;99;7.464646465;2.8949553;;26;35.78269231;4.79789272;;18;46.025;12;2;11.53846154;42.30769231;30.76923077;15.38461538;0.0;0.0
2024-02;National;BREST;PARIS MONTPARNASSE;228;263;9;;10;62.61999999999999;2.506866667;;23;74.59927536;8.444066667;;23;74.59927536;11;7;39.13043478;17.39130435;21.73913043;17.39130435;0.0;4.34782609
2024-02;National;LYON PART DIEU;MONTPELLIER;116;225;17;;124;11.97016129;7.256650640999999;;42;34.5781746;7.854326923;;32;41.09114583;11;6;4.76190476;33.333333329999995;16.666666669999998;33.333333329999995;9.52380952;2.38095238
2024-02;National;PARIS LYON;AVIGNON TGV;162;411;15;;31;13.62204301;0.874158249;;46;29.67717391;4.240277778;;30;38.35611111;13;4;6.521739129999999;17.39130435;39.13043478;19.56521739;13.04347826;4.34782609
2024-02;National;PARIS NORD;DOUAI;71;133;7;;14;11.96428571;1.443253968;;17;28.47058824;5.19021164;;10;41.74333333;6;3;11.76470588;11.76470588;23.52941176;35.294117650000004;11.76470588;5.88235294
2024-02;National;PARIS LYON;BELLEGARDE (AIN);163;274;9;;27;8.645061728;0.662704403;;22;21.70530303;2.903962264;;18;23.16481482;0;0;9.09090909;40.90909091;40.90909091;0.0;9.09090909;0.0
2024-02;National;PARIS LYON;MULHOUSE VILLE;169;284;12;;35;11.66238095;1.331372549;;22;22.91893939;2.451470588;;15;27.32555556;5;0;4.5454545500000005;22.72727273;27.27272727;13.63636364;9.09090909;22.72727273
2024-02;National;PARIS MONTPARNASSE;QUIMPER;226;253;14;;30;15.79777778;1.240167364;;25;41.74;4.508368201;;25;41.74;14;3;36.0;28.000000000000004;0.0;16.0;12.0;8.0
2024-02;National;BESANCON FRANCHE COMTE TGV;PARIS LYON;131;172;5;;30;2.6816666667000004;0.232934132;;10;28.533333333000005;2.722355289;;7;35.62380952;3;1;10.0;10.0;70.0;10.0;0.0;0.0
2024-02;National;LE CREUSOT MONTCEAU MONTCHANIN;PARIS LYON;79;237;16;;73;6.596803653;2.322651515;;29;16.86436782;3.193484849;;10;31.28;4;1;0.0;18.51851852;44.444444440000005;11.11111111;7.407407409999999;18.51851852
2024-02;National;NIMES;PARIS LYON;179;167;7;;42;9.76031746;2.545625;;31;28.558064516000005;7.116458333;;20;36.67916667;6;4;12.90322581;41.93548387;32.258064520000005;9.67741935;0.0;3.2258064500000003
2024-02;National;PARIS LYON;DIJON VILLE;96;367;14;;39;9.151709402;0.8561850803000001;;19;26.05614035;2.163314448;;17;27.62843137;5;0;10.52631579;15.78947368;26.31578947;0.0;26.31578947;21.05263158
2024-02;National;PARIS LYON;LE CREUSOT MONTCEAU MONTCHANIN;77;210;4;;21;9.831746032;0.668365696;;26;15.060256409999996;3.008656958;;5;38.06333333;4;0;19.23076923;15.38461538;38.46153846;19.23076923;0.0;7.69230769
2024-02;National;RENNES;LYON PART DIEU;236;88;5;;11;6.996969697;0.8526104417999999;;3;40.15555556;1.098995984;;3;40.15555556;2;0;66.66666667;0.0;33.333333329999995;0.0;0.0;0.0
2024-02;International;BARCELONA;PARIS LYON;408;58;4;;19;6.71754386;2.345061728;;6;26.10833333;6.92654321;;6;26.10833333;2;0;0.0;33.333333329999995;33.333333329999995;33.333333329999995;0.0;0.0
2024-02;National;PARIS LYON;MONTPELLIER;210;196;5;;23;12.76014493;1.357417103;;23;33.71956522;5.319546248;;23;33.71956522;8;4;4.34782609;30.43478261;26.08695652;34.7826087;0.0;4.34782609
2024-02;National;PARIS MONTPARNASSE;TOURS;74;182;9;;13;14.49102564;0.657996146;;15;18.37888889;2.072447014;;5;37.8;3;0;9.09090909;9.09090909;9.09090909;45.45454545;18.18181818;9.09090909
2024-02;National;RENNES;PARIS MONTPARNASSE;97;752;27;;269;12.55774473;4.650114943;;125;30.94413333;6.06862069;;55;56.33969697;24;11;36.11111111;12.96296296;14.814814809999998;24.07407407;1.85185185;10.18518519
2024-02;National;TOULOUSE MATABIAU;PARIS MONTPARNASSE;275;208;11;;20;39.1225;3.986463621;;27;60.096296296000006;9.224534687;;27;60.0962963;15;8;33.333333329999995;25.92592593;11.11111111;7.407407409999999;7.407407409999999;14.814814809999998
2024-02;International;PARIS LYON;BARCELONA;407;58;4;;9;16.8037037;2.690123457;;8;35.75;6.796296296;;8;35.75;5;1;0.0;12.5;50.0;25.0;0.0;12.5
2024-02;National;PARIS LYON;VALENCE ALIXAN TGV;133;390;11;;44;11.61477273;1.135400176;;44;24.95151515;3.787686895;;32;29.2171875;8;2;2.27272727;13.63636364;34.09090909;38.63636364;9.09090909;2.27272727
2024-02;National;PARIS NORD;ARRAS;49;478;29;;64;11.95442708;1.385300668;;60;17.46222222;3.264291017;;23;29.39637681;7;3;12.28070175;8.77192982;28.07017544;17.543859649999998;14.03508772;19.29824561
2024-02;National;MONTPELLIER;LYON PART DIEU;113;162;7;;19;17.15701754;2.106236559;;27;27.39382716;7.640860215100001;;21;31.16269841;4;2;14.814814809999998;18.51851852;22.22222222;7.407407409999999;22.22222222;14.814814809999998
2024-02;National;PARIS EST;REIMS;47;219;8;;22;8.514393939;0.946603476;;21;14.93492064;2.28507109;;4;32.69166667;2;1;5.0;25.0;25.0;25.0;10.0;10.0
2024-02;National;PARIS LYON;SAINT ETIENNE CHATEAUCREUX;172;112;5;;8;14.03125;0.776323988;;12;26.8375;4.478816199;;7;36.66666667;3;1;16.666666669999998;16.666666669999998;25.0;25.0;8.33333333;8.33333333
2024-02;International;PARIS LYON;LAUSANNE;231;162;8;;11;10.56363636;0.523160173;;14;26.92976191;3.591233766;;14;26.92976191;3;0;14.28571429;21.42857143;42.85714286;0.0;7.14285714;14.28571429
2024-02;National;AIX EN PROVENCE TGV;PARIS LYON;184;427;16;;232;6.980316092;4.039416058;;47;38.23794326;6.608961881600001;;46;38.82318841;21;7;17.0212766;25.531914890000003;38.29787234;8.5106383;6.3829787200000005;4.25531915
2024-02;National;LE MANS;PARIS MONTPARNASSE;56;446;23;;132;9.580429293;3.019858156;;57;25.89181287;3.850669819;;24;46.90763889;13;5;37.25490196;5.88235294;21.56862745;25.49019608;0.0;9.803921570000002
2024-02;National;MARNE LA VALLEE;MARSEILLE ST CHARLES;211;236;17;;130;7.057564103;4.234550989;;37;30.00720721;7.320547945200001;;37;30.00720721;12;3;5.40540541;18.91891892;37.83783784;18.91891892;5.40540541;13.51351351
2024-02;National;PARIS MONTPARNASSE;LAVAL;76;298;12;;36;12.75416667;1.159324009;;36;24.64537037;3.476981352;;18;38.18148148;9;1;9.09090909;27.27272727;9.09090909;21.21212121;15.15151515;18.18181818
2024-02;National;NANTES;STRASBOURG;312;54;2;;5;5.7;0.57275641;;1;109.2333333;3.7733974359000007;;1;109.2333333;1;1;100.0;0.0;0.0;0.0;0.0;0.0
2024-02;National;STRASBOURG;PARIS EST;114;494;17;;173;8.112620424;2.976345213;;59;24.79519774;4.175436758;;45;28.5737037;11;2;5.08474576;25.42372881;40.6779661;10.16949153;8.47457627;10.16949153
2024-02;National;LILLE;MARSEILLE ST CHARLES;294;205;16;;44;8.239393939;1.8857142856931213;;34;30.22023007877273;7.887566137596824;;34;30.65882352958824;12;3;5.882352939117647;20.58823529735294;35.294117649117645;17.647058821764706;5.882352939117647;14.705882355588235
2024-02;National;DIJON VILLE;PARIS LYON;98;382;11;;149;6.47818792;2.666802536;;39;29.88675214;4.197237319;;22;43.15227273;11;5;10.25641026;23.07692308;46.15384615000001;15.38461538;0.0;5.12820513
2024-02;National;LYON PART DIEU;LILLE;187;301;18;;215;11.076356589006512;8.402796459;;80;25.00276126023256;9.503698848645936;;65;27.73641025673846;19;0;6.249999996;27.499999999000003;38.75;7.500000001;7.500000001;12.5
2024-02;National;PARIS MONTPARNASSE;ANGOULEME;125;280;16;;26;14.71153846;1.081755051;;23;42.43623188;3.894949495;;18;50.52222222;9;3;21.73913043;17.39130435;13.04347826;17.39130435;17.39130435;13.04347826
2024-02;National;GRENOBLE;PARIS LYON;182;230;2;;25;11.29333333;1.253450808;;34;28.705392156999995;6.931497797;;24;35.52083333;8;3;5.88235294;26.47058824;47.05882353;8.82352941;8.82352941;2.94117647
2024-02;National;LYON PART DIEU;MARNE LA VALLEE;107;310;19;;218;11.00328746;8.32454023;;90;19.91925926;7.911609195;;54;24.7845679;9;0;2.22222222;30.0;42.22222222;7.77777778;8.88888889;8.88888889
2024-02;International;PARIS LYON;ITALIE;502;29;0;;5;8.85;1.343678161;;0;0.0;0.0;;0;0.0;0;0;0.0;0.0;0.0;0.0;0.0;0.0
2024-02;National;LAVAL;PARIS MONTPARNASSE;79;284;6;;76;12.54429825;3.354856115;;41;25.93170732;3.954316547;;11;66.77272727;4;3;19.44444444;25.0;19.44444444;22.222222220000003;0.0;13.88888889
2024-02;National;PARIS NORD;LILLE;67;676;27;;87;12.547701149540227;1.738182999154237;;71;24.13556316665517;2.719316329571186;;36;36.50879629591667;16;5;7.109322599859154;24.74849094535212;20.18779343084508;14.419852445633802;14.621059693943664;18.913480884366194
2024-02;National;PARIS MONTPARNASSE;TOULOUSE MATABIAU;271;207;11;;23;10.25724638;0.753061225;;15;50.13666667;-0.566666667;;15;50.13666667;7;4;26.66666667;33.333333329999995;0.0;13.33333333;6.666666670000001;20.0
2024-02;International;PARIS LYON;ZURICH;244;125;9;;22;12.24621212;2.157614943;;12;30.95138889;4.725431035;;12;30.95138889;4;1;8.33333333;16.666666669999998;16.666666669999998;25.0;0.0;33.333333329999995
2024-02;National;PARIS EST;STRASBOURG;112;503;16;;51;9.812091503;1.011498973;;32;27.28229167;3.010951403;;21;34.25079365;10;1;6.25;28.125;12.5;37.5;15.625;0.0
2024-02;National;PARIS NORD;DUNKERQUE;128;171;8;;18;8.047222222;0.924642127;;16;26.5625;3.055214724;;11;32.90909091;5;1;12.5;31.25;37.5;12.5;0.0;6.25
2024-02;National;TOURS;PARIS MONTPARNASSE;74;183;11;;11;2.524242424;0.163662791;;19;11.66842105;2.46501938;;2;33.34166667;1;0;8.33333333;0.0;33.333333329999995;33.333333329999995;8.33333333;16.666666669999998
2024-02;National;PARIS LYON;GRENOBLE;181;268;0;;22;20.11287879;1.429726368;;39;31.44871795;5.873134328;;32;35.4375;12;5;7.69230769;12.82051282;48.71794872;17.948717950000002;10.25641026;2.56410256
2024-02;International;ZURICH;PARIS LYON;247;150;9;;41;1.548780488;0.964761905;;3;21.54444444;2.215476191;;3;21.544444444000003;0;0;33.333333329999995;0.0;33.333333329999995;33.333333329999995;0.0;0.0
2024-02;National;MARSEILLE ST CHARLES;TOURCOING;290;17;2;;2;12.64166667;1.354444444;;1;25.0;4.566666667;;1;25.0;0;0;0.0;0.0;100.0;0.0;0.0;0.0
2024-02;National;PARIS LYON;PERPIGNAN;315;176;7;;20;14.88333333;1.585207101;;16;34.48333333;3.023274162;;16;34.48333333;5;3;0.0;43.75;31.25;18.75;0.0;6.25
2024-02;National;PARIS MONTPARNASSE;BORDEAUX ST JEAN;140;986;60;;101;13.04108911;0.995014399;;85;31.89039216;4.382757379;;63;38.59867725;27;8;11.9047619;26.19047619;11.9047619;21.42857143;10.714285710000002;17.85714286
2024-02;International;PARIS EST;FRANCFORT;230;160;12;;14;8.58452381;0.84527027;;26;27.17307692;9.968918919;;26;27.17307692;6;0;4.16666667;16.666666669999998;58.33333333;12.5;4.16666667;4.16666667
2024-02;National;POITIERS;PARIS MONTPARNASSE;95;475;27;;152;6.847258771899999;2.170572917;;60;19.82722222;3.569196429;;20;39.37333333;6;4;17.0212766;42.55319149;21.27659574;4.25531915;2.12765957;12.765957450000002
2024-02;International;GENEVE;PARIS LYON;195;232;6;;168;3.3062499999999995;2.632964602;;16;44.48229167;4.828834808;;16;44.48229167;10;2;12.5;43.75;31.25;12.5;0.0;0.0
2024-02;National;LILLE;LYON PART DIEU;181;322;22;;141;6.127541371;2.9691111110986665;;44;25.64886364;5.891166666646667;;30;31.466666666999995;11;2;13.63636364;9.09090909;34.09090909;22.72727273;15.909090910000002;4.5454545500000005
2024-02;National;ANGOULEME;PARIS MONTPARNASSE;124;287;19;;113;7.357964602;3.07243346;;29;25.65747126;3.855956908;;16;36.09375;3;2;17.24137931;31.03448276;31.03448276;3.4482758600000003;6.896551720000001;10.34482759
2024-02;National;PARIS LYON;BESANCON FRANCHE COMTE TGV;127;161;5;;13;9.091025641;0.615491453;;11;20.53333333;2.495833333;;7;25.00952381;1;0;0.0;27.27272727;45.45454545;0.0;27.27272727;0.0
2024-02;National;PARIS MONTPARNASSE;LE MANS;55;408;13;;33;12.79646465;0.63556962;;37;19.38423423;2.138016878;;12;39.72916667;4;2;13.79310345;17.24137931;10.34482759;27.5862069;13.79310345;17.24137931
2024-02;National;PARIS LYON;NIMES;181;196;5;;23;12.76014493;1.357417103;;28;28.93809524;5.82521815;;23;32.56014493;6;4;3.57142857;21.42857143;39.28571429;32.14285714;0.0;3.57142857
2024-02;National;STRASBOURG;NANTES;327;54;3;;5;6.686666666700001;0.7294117646999999;;4;73.60833333;6.241176471;;4;73.60833333;4;1;0.0;50.0;25.0;0.0;0.0;25.0
2024-02;National;ST MALO;PARIS MONTPARNASSE;149;98;4;;5;5.396666667;0.1923220973999999;;10;21.835;3.843445693;;5;30.01;2;0;30.0;10.0;10.0;30.0;0.0;20.0
2024-02;National;PARIS LYON;LYON PART DIEU;119;693;23;;44;10.93333333;0.4799999999999999;;34;29.47941177;1.5320149253999995;;27;33.91049383;10;2;6.0606060600000005;21.21212121;51.51515152;3.03030303;12.12121212;6.0606060600000005
2024-02;National;VANNES;PARIS MONTPARNASSE;163;263;10;;108;6.4375;2.857104914;;41;34.53617886;6.853917663;;25;47.92;11;4;42.50000000000001;10.000000000000002;10.000000000000002;22.5;2.5000000000000004;12.5
2024-02;National;BORDEAUX ST JEAN;PARIS MONTPARNASSE;139;1023;58;;222;19.23933934;4.271161826;;117;46.62165242;6.742479253100001;;89;57.06104868900001;48;25;35.897435900000005;17.948717950000002;26.4957265;6.83760684;5.12820513;7.69230769
2024-02;National;CHAMBERY CHALLES LES EAUX;PARIS LYON;178;318;0;;137;12.15863747;5.079286475;;69;29.75144928;8.822523962;;60;32.11583333;23;5;8.95522388;31.34328358;41.79104478;11.94029851;0.0;5.97014925
2024-02;National;PARIS EST;NANCY;97;265;7;;33;14.28131313;1.965310078;;27;37.57098765;5.37622739;;20;46.09916667;10;4;7.407407409999999;14.814814809999998;22.22222222;37.03703704;7.407407409999999;11.11111111
2024-02;International;PARIS LYON;GENEVE;191;236;9;;23;9.057246377;0.713656388;;14;24.229761905000004;2.928928047;;14;24.22976191;4;0;21.42857143;21.42857143;42.85714286;0.0;14.28571429;0.0
2024-02;International;STUTTGART;PARIS EST;203;141;7;;111;15.47522523;12.33207071;;16;33.3;5.693813131;;16;33.3;5;2;6.25;12.5;56.25;6.25;6.25;12.5
2024-02;National;ARRAS;PARIS NORD;50;466;21;;275;7.028242424;4.425188537;;93;19.00340502;4.936953243;;27;41.46481482;16;4;2.17391304;23.91304348;42.391304350000006;20.652173909999995;2.17391304;8.695652169999999
2024-02;National;PARIS EST;METZ;85;257;11;;20;14.533333332999998;1.24796748;;45;17.61740741;4.591802168;;17;30.49901961;6;0;4.65116279;25.58139535;41.86046512;13.95348837;6.976744190000001;6.976744190000001
2024-02;National;PARIS LYON;TOULON;237;231;10;;27;24.44259259;2.185671192;;20;39.06416667;3.994343891;;20;39.06416667;10;3;10.0;5.0;45.0;15.0;15.0;10.0
2024-02;National;PARIS MONTPARNASSE;RENNES;97;727;28;;70;13.64571429;0.951573677;;58;34.21436782;2.636051502;;44;40.80340909;22;6;18.96551724;17.24137931;3.4482758600000003;31.03448276;13.79310345;15.51724138
2024-02;International;ITALIE;PARIS LYON;544;29;0;;24;2.7465277777999995;2.349425287;;9;23.32037037;11.59942529;;9;23.32037037;1;0;25.0;0.0;37.5;37.5;0.0;0.0
2024-02;International;PARIS EST;STUTTGART;192;122;7;;13;9.080769231;1.097826087;;20;35.58833333;10.88521739;;20;35.58833333;10;1;0.0;35.0;35.0;15.0;15.0;0.0
2024-02;National;LA ROCHELLE VILLE;PARIS MONTPARNASSE;169;213;12;;8;21.25;0.851077944;;18;32.26388889;4.714676617;;13;39.72820513;5;3;16.666666669999998;33.333333329999995;22.222222220000003;5.55555556;5.55555556;16.666666669999998
2024-02;National;LYON PART DIEU;MARSEILLE ST CHARLES;110;414;30;;206;10.66375405;5.874088542;;68;32.70416667;7.380772569;;56;36.86458333;24;9;7.35294118;27.94117647;41.17647059;16.17647059;4.41176471;2.94117647
2024-02;National;MARSEILLE ST CHARLES;LILLE;281;186;12;;19;10.575438596463156;0.998371648;;37;31.65460526315789;9.000478927363218;;37;29.89189189189189;11;1;5.405405405405405;27.027027027027028;35.13513513513514;10.81081081081081;10.81081081081081;10.81081081081081
2024-02;National;MARSEILLE ST CHARLES;LYON PART DIEU;104;400;29;;72;9.399768519;1.840610961;;66;22.44040404;7.25902965;;42;27.727380952000004;11;3;3.07692308;35.38461538;36.92307692;9.23076923;3.07692308;12.307692309999998
2024-02;National;MARSEILLE ST CHARLES;PARIS LYON;196;480;20;;92;10.45307971;1.928857351;;50;39.815;6.232641921;;50;39.815;25;9;18.0;26.0;32.0;6.0;4.0;14.000000000000002
2024-02;National;PERPIGNAN;PARIS LYON;316;175;8;;23;15.18623188;1.972055888;;17;39.57647059;7.145808383200001;;17;39.57647059;7;5;17.64705882;41.17647059;17.64705882;17.64705882;0.0;5.88235294
2024-02;National;NANTES;PARIS MONTPARNASSE;129;605;33;;74;8.802927928;0.792832168;;36;48.9;4.037062937;;30;56.06388888899999;22;8;69.44444444;2.77777778;13.88888889;5.55555556;2.77777778;5.55555556
2024-02;National;REIMS;PARIS EST;46;223;6;;31;14.35913979;2.13202765;;35;19.62095238;4.133794163;;10;47.13833333;5;2;3.03030303;21.21212121;48.48484848;3.03030303;21.21212121;3.03030303
2024-03;National;PARIS NORD;ARRAS;49;517;1;;45;8.103333333;0.761369509;;40;13.861666666999998;2.316602067;;11;25.35;0;0;5.555555560000001;16.666666669999998;11.11111111;27.77777778;16.666666669999998;22.222222220000003
2024-03;National;STRASBOURG;NANTES;332;57;0;;11;7.777272727300001;1.59702381;;8;48.46875;7.096726191;;8;48.46875;6;2;37.5;25.0;25.0;12.5;0.0;0.0
2024-03;National;TOULOUSE MATABIAU;PARIS MONTPARNASSE;278;181;0;;21;8.716666667;0.994444444;;29;40.84252874;8.653240741;;29;40.84252874;13;4;27.5862069;24.13793103;17.24137931;10.34482759;6.896551720000001;13.79310345
2024-03;National;PARIS EST;METZ;85;285;0;;22;8.071212121;0.640584795;;16;21.94583333;2.131871345;;9;30.853703704000004;3;1;26.66666667;13.33333333;13.33333333;26.66666667;20.0;0.0
2024-03;National;PARIS LYON;ANNECY;227;160;0;;9;12.38333333;0.5134375;;21;47.66666667;7.58125;;21;47.66666667;12;4;19.04761905;28.57142857;33.333333329999995;14.28571429;0.0;4.76190476
2024-03;National;PARIS MONTPARNASSE;ST PIERRE DES CORPS;68;545;3;;79;32.17236287;4.289125077;;80;38.6525;6.357208873;;51;55.05947712;33;16;5.333333329999999;14.66666667;21.33333333;21.33333333;24.0;13.33333333
2024-03;National;MACON LOCHE;PARIS LYON;93;234;0;;123;12.41205962;6.654876274;;55;28.00242424;7.401382824;;36;36.13055556;11;4;11.11111111;16.666666669999998;46.2962963;9.25925926;11.11111111;5.55555556
2024-03;National;PARIS LYON;BELLEGARDE (AIN);164;279;0;;31;16.79731183;1.647072879;;32;28.08697917;4.639605735;;21;35.17777778;7;2;12.5;25.0;31.25;12.5;12.5;6.25
2024-03;National;PARIS LYON;PERPIGNAN;317;183;0;;18;7.380555555600001;0.446903461;;25;31.22133333;6.30136612;;25;31.221333333000004;8;2;8.0;40.0;32.0;12.0;0.0;8.0
2024-03;National;PARIS MONTPARNASSE;ANGOULEME;131;277;0;;32;22.059375;2.118900966;;38;33.15701754;6.358997585;;24;44.32708333;11;5;18.91891892;27.02702703;16.21621622;18.91891892;13.51351351;5.40540541
2024-03;National;PARIS MONTPARNASSE;BORDEAUX ST JEAN;145;1056;1;;137;29.61484185;3.401407337;;159;42.51436059;7.544291588;;106;57.08144654;59;31;19.49685535;24.52830189;15.09433962;21.3836478;14.46540881;5.03144654
2024-03;National;PARIS MONTPARNASSE;BREST;239;272;5;;53;18.09842767;2.345006242;;31;55.17741936;6.911985019;;31;55.17741936;19;7;16.129032260000002;45.16129032;9.67741935;6.451612900000001;9.67741935;12.90322581
2024-03;National;PARIS MONTPARNASSE;QUIMPER;232;269;8;;62;24.39247312;3.368390805;;35;40.02857143;5.950191571;;35;40.02857143;17;5;17.14285714;37.14285714;8.57142857;8.57142857;5.71428571;22.857142860000003
2024-03;National;PARIS NORD;DUNKERQUE;129;197;1;;17;9.32254902;0.829336735;;16;23.25;1.737244898;;10;29.4;5;0;6.25;18.75;18.75;18.75;12.5;25.0
2024-03;National;PERPIGNAN;PARIS LYON;317;186;0;;32;12.11875;1.972882883;;28;40.17797619;8.201891892;;28;40.17797619;13;5;21.42857143;10.71428571;25.0;28.57142857;0.0;14.28571429
2024-03;National;POITIERS;PARIS MONTPARNASSE;100;500;0;;245;16.02755102;7.755555556;;141;35.61146572;10.77232262;;80;54.54416667;35;19;12.857142860000002;55.71428571;12.857142860000002;9.28571429;3.57142857;5.71428571
2024-03;National;TOURCOING;BORDEAUX ST JEAN;301;31;0;;3;18.33333333;1.870555556;;3;141.2833333;10.30277778;;3;141.2833333;3;3;33.333333329999995;0.0;0.0;66.66666667;0.0;0.0
2024-03;National;LE MANS;PARIS MONTPARNASSE;59;482;1;;173;15.7243738;5.745781032;;81;43.20823045;7.358891213;;50;63.59366667;37;18;23.45679012;19.75308642;19.75308642;23.45679012;7.407407409999999;6.17283951
2024-03;National;MULHOUSE VILLE;PARIS LYON;172;310;0;;94;6.039007092199999;1.823172043;;15;27.99444444;2.19811828;;11;33.33939394;4;1;20.0;33.333333329999995;13.33333333;13.33333333;0.0;20.0
2024-03;National;NIMES;PARIS LYON;179;194;0;;40;14.60458333;2.939690722;;40;28.05875;6.520360825;;26;36.14038462;8;4;12.5;15.0;42.5;17.5;0.0;12.5
2024-03;National;PARIS EST;NANCY;97;299;0;;39;6.224786325;0.913433668;;16;19.109375;1.964437012;;6;28.84166667;3;0;18.75;0.0;0.0;50.0;0.0;31.25
2024-03;National;PARIS LYON;LYON PART DIEU;119;705;0;;61;11.32076503;0.755555556;;56;28.53154762;2.245886525;;39;35.11111111;18;5;25.45454545;9.09090909;41.81818182;9.09090909;1.81818182;12.72727273
2024-03;National;PARIS LYON;DIJON VILLE;96;369;0;;41;14.229268293000002;1.438934056;;30;29.04611111;3.008717254;;22;34.79924242;9;3;23.33333333;20.0;40.0;3.33333333;6.666666670000001;6.666666670000001
2024-03;National;PARIS MONTPARNASSE;NANTES;134;621;1;;89;29.9329588;3.933306451600001;;90;53.63425926;7.988736559;;74;62.24752252300001;48;28;17.77777778;23.33333333;18.88888889;17.77777778;8.88888889;13.33333333
2024-03;International;LAUSANNE;PARIS LYON;232;160;0;;100;2.555166667;1.8652953586000005;;7;34.30238095;2.645042194;;7;34.30238095;4;0;14.28571429;0.0;42.85714286;14.28571429;0.0;28.57142857
2024-03;International;STUTTGART;PARIS EST;202;71;6;;49;5.304081632699999;3.774107143;;6;60.50555556;6.758035714;;6;60.50555556;2;1;0.0;50.0;16.666666669999998;33.333333329999995;0.0;0.0
2024-03;National;CHAMBERY CHALLES LES EAUX;PARIS LYON;175;269;0;;109;9.196941896;3.484386617;;54;28.04598765;6.844052045;;38;34.43991228;11;3;11.11111111;16.666666669999998;46.2962963;7.407407409999999;7.407407409999999;11.11111111
2024-03;National;LA ROCHELLE VILLE;PARIS MONTPARNASSE;174;227;0;;23;19.17391304;1.95980826;;45;41.08851852;9.38259587;;35;49.27714286;17;9;15.55555556;48.88888889;11.11111111;15.55555556;6.666666670000001;2.22222222
2024-03;National;LYON PART DIEU;MARNE LA VALLEE;107;332;1;;249;11.81713521;8.93101712;;82;28.61300813;9.28509567;;55;36.31575758;18;7;13.41463415;31.70731707;26.82926829;10.97560976;9.75609756;7.31707317
2024-03;National;MARNE LA VALLEE;MARSEILLE ST CHARLES;212;278;0;;161;8.649689441;5.054856115;;44;36.23522727;8.077458034;;44;36.23522727;16;8;11.36363636;20.45454545;25.0;18.18181818;9.09090909;15.909090910000002
2024-03;National;PARIS EST;STRASBOURG;112;589;10;;65;10.24153846;1.141278066;;35;26.12238095;2.060679332;;23;32.55797101;7;2;8.82352941;8.82352941;17.64705882;44.11764706;14.70588235;5.8823529400000005
2024-03;National;PARIS LYON;GRENOBLE;181;252;0;;15;18.45555556;0.9125;;68;32.44852941;11.625;;48;40.67708333;29;7;20.58823529;38.23529412;33.82352941;2.94117647;2.94117647;1.47058824
2024-03;International;PARIS LYON;ZURICH;244;131;0;;25;13.92733333;2.542239186;;16;30.625;4.982824428;;16;30.625;6;0;25.0;6.25;43.75;18.75;6.25;0.0
2024-03;National;BREST;PARIS MONTPARNASSE;231;274;0;;26;14.09230769;1.358302583;;30;57.61055556;7.141697417;;30;57.61055556;21;8;13.33333333;43.33333333;10.0;10.0;16.666666669999998;6.666666670000001
2024-03;National;GRENOBLE;PARIS LYON;182;216;0;;26;14.43461539;1.742052469;;42;31.786507937000003;8.04367284;;35;35.63809524;16;4;19.04761905;35.71428571;23.80952381;14.28571429;4.76190476;2.38095238
2024-03;National;LILLE;LYON PART DIEU;182;357;0;;185;8.509729729735136;4.011017740414286;;49;30.857973930983785;5.795798319319047;;38;36.01754385921053;13;4;10.204081630408163;26.53061224142857;20.408163260816327;16.326530616326533;16.326530611020406;10.204081630408163
2024-03;National;PARIS MONTPARNASSE;VANNES;162;279;0;;65;23.84769231;5.259677419;;53;48.54716981;10.35663082;;44;55.94318182;25;11;16.98113208;26.41509434;9.43396226;15.09433962;11.32075472;20.75471698
2024-03;International;BARCELONA;PARIS LYON;409;60;0;;7;1.142857143;0.133333333;;12;33.89583333;8.915555556;;12;33.89583333;6;1;33.333333329999995;0.0;16.666666669999998;33.333333329999995;0.0;16.666666669999998
2024-03;International;PARIS LYON;ITALIE;502;30;0;;2;3.641666667;0.175;;0;0.0;0.0;;0;0.0;0;0;0.0;0.0;0.0;0.0;0.0;0.0
2024-03;National;LILLE;MARSEILLE ST CHARLES;295;240;0;;73;9.272146118830136;2.7324999999837503;;42;35.014832817657535;8.707152778;;42;35.19285714276191;15;7;11.904761900714284;19.04761904833333;26.190476187619048;19.04761904642857;9.523809520952382;14.28571428595238
2024-03;National;PARIS LYON;SAINT ETIENNE CHATEAUCREUX;172;114;2;;15;14.24333333;1.585714286;;17;23.73137255;5.114880952;;11;29.40454546;2;1;17.64705882;17.64705882;41.17647059;17.64705882;0.0;5.88235294
2024-03;National;PARIS LYON;BESANCON FRANCHE COMTE TGV;127;159;0;;17;10.68529412;1.00639413;;14;24.70714286;3.231865828100001;;10;29.035000000000004;3;1;35.71428571;14.28571429;35.71428571;0.0;7.14285714;7.14285714
2024-03;National;PARIS LYON;NICE VILLE;342;200;0;;21;16.66428571;1.4552500000000002;;39;44.11837607;11.441499999999998;;39;44.11837607;21;7;25.64102564;25.64102564;35.897435900000005;10.25641026;2.56410256;0.0
2024-03;National;QUIMPER;PARIS MONTPARNASSE;235;267;0;;15;10.06666667;0.583011583;;35;50.78952381;6.708558559;;35;50.78952381;22;8;22.857142860000003;45.71428571;2.8571428600000006;11.428571430000002;14.28571429;2.8571428600000006
2024-03;National;PARIS LYON;CHAMBERY CHALLES LES EAUX;176;274;0;;23;7.700724638;0.447262774;;44;30.49469697;6.508515815;;29;39.75747126;11;4;13.63636364;29.54545455;43.18181818;6.81818182;0.0;6.81818182
2024-03;National;BESANCON FRANCHE COMTE TGV;PARIS LYON;132;169;0;;24;4.701388889;0.315581854;;2;20.775;0.63086785;;2;20.775;0;0;0.0;50.0;0.0;0.0;0.0;50.0
2024-03;National;PARIS LYON;MARSEILLE ST CHARLES;197;557;1;;52;17.55384615;1.425899281;;47;43.95921986;5.189688249;;47;43.95921986;24;10;8.5106383;10.63829787;34.04255319;21.27659574;14.89361702;10.63829787
2024-03;National;NANCY;PARIS EST;96;292;0;;51;10.6254902;1.919920091;;22;26.14621212;2.072716895;;13;35.08974359;8;1;18.18181818;36.36363636;9.09090909;22.72727273;4.5454545500000005;9.09090909
2024-03;National;LYON PART DIEU;MARSEILLE ST CHARLES;109;465;0;;236;13.88290961;7.187104885;;112;38.25238095;10.41192529;;86;45.62984496;38;19;12.5;33.92857143;21.42857143;10.71428571;5.357142860000001;16.07142857
2024-03;National;MARSEILLE ST CHARLES;MARNE LA VALLEE;208;278;1;;35;10.68809524;1.083092659;;39;34.43803419;7.573405536;;39;34.43803419;12;5;20.51282051;28.20512821;23.07692308;7.69230769;12.82051282;7.69230769
2024-03;National;PARIS MONTPARNASSE;LAVAL;83;315;1;;58;20.67787356;3.4856687898000005;;50;34.99933333;5.872505308;;27;55.58827161;15;10;10.20408163;26.53061224;16.32653061;22.44897959;12.24489796;12.24489796
2024-03;National;BORDEAUX ST JEAN;PARIS MONTPARNASSE;142;1080;2;;292;15.17876712;3.963246673;;161;45.4557971;8.146069328;;134;51.92089552;59;31;19.375;35.0;14.374999999999998;13.125;6.25;11.875
2024-03;National;PARIS EST;REIMS;46;243;0;;24;11.32361111;1.166803841;;18;18.13240741;1.878120713;;7;31.92380952;3;0;20.0;13.33333333;6.666666670000001;26.66666667;13.33333333;20.0
2024-03;National;PARIS MONTPARNASSE;TOURS;81;191;2;;28;25.88690476;3.4441798942000004;;22;39.54848485;5.097442681;;14;55.76071429;9;4;4.5454545500000005;13.63636364;22.72727273;22.72727273;27.27272727;9.09090909
2024-03;National;ANGERS SAINT LAUD;PARIS MONTPARNASSE;95;565;1;;163;17.71278119;5.203713607;;71;54.35516432;6.773499703;;58;64.06034483;41;21;27.53623188;23.1884058;20.28985507;15.94202899;8.695652169999999;4.34782609
2024-03;National;ARRAS;PARIS NORD;51;509;6;;272;6.659497549;3.599138502;;101;14.99686469;3.653313453;;27;29.74444444;10;1;6.12244898;37.75510204;23.46938776;14.28571429;7.14285714;11.2244898
2024-03;National;MARNE LA VALLEE;LYON PART DIEU;106;392;0;;279;9.393369176;6.374532313;;62;31.27231183;6.136522109;;40;41.10666667;15;6;11.47540984;24.59016393;16.393442620000002;18.03278689;18.03278689;11.47540984
2024-03;National;MARSEILLE ST CHARLES;LILLE;284;203;1;;24;5.270833333;0.3834983498475248;;37;33.2421875;8.260478547942574;;37;31.480180180135136;10;4;18.91891891891892;29.72972972972973;18.91891891891892;5.405405405405405;8.108108108108109;18.91891891891892
2024-03;National;MARSEILLE ST CHARLES;PARIS LYON;196;501;0;;82;11.5851626;1.692670683;;43;39.74031008;4.952643909;;43;39.74031008;25;6;18.60465116;32.558139530000005;23.25581395;6.976744190000001;9.30232558;9.30232558
2024-03;National;MARSEILLE ST CHARLES;TOURCOING;291;31;0;;4;20.01666667;2.185483871;;6;29.5;9.370967742;;6;29.5;2;0;0.0;50.0;16.666666669999998;16.666666669999998;16.666666669999998;0.0
2024-03;National;NANTES;STRASBOURG;312;57;0;;8;40.69375;5.739181287;;5;80.22666667;8.707309942;;5;80.22666667;4;2;0.0;40.0;20.0;20.0;20.0;0.0
2024-03;National;PARIS MONTPARNASSE;POITIERS;99;598;1;;79;31.07046414;3.680844519;;100;36.58116667;7.60917226;;57;56.12076023;29;18;17.77777778;17.77777778;12.22222222;20.0;18.88888889;13.33333333
2024-03;National;PARIS NORD;LILLE;68;706;5;;64;8.887760417;0.8816214930920115;;65;18.57291192717188;1.7826676177241083;;27;29.456172839222223;9;0;3.2983939170769228;26.38715131215384;14.775993237846157;21.773457314769228;9.628064247538465;24.136939986153845
2024-03;National;SAINT ETIENNE CHATEAUCREUX;PARIS LYON;168;114;0;;11;4.287878788;0.750884956;;11;34.70909091;5.091887906;;6;51.875;4;2;18.18181818;18.18181818;36.36363636;9.09090909;0.0;18.18181818
2024-03;National;ST MALO;PARIS MONTPARNASSE;154;96;0;;4;60.42083333;2.323611111;;14;42.17142857;7.357118056;;9;58.67962963;5;4;21.42857143;42.85714286;7.14285714;21.42857143;7.14285714;0.0
2024-03;National;TOURS;PARIS MONTPARNASSE;78;195;1;;20;34.98666667;3.598195876;;35;48.71333333;9.321563574;;18;86.5037037;13;7;12.12121212;27.27272727;33.333333329999995;15.15151515;9.09090909;3.03030303
2024-03;National;AVIGNON TGV;PARIS LYON;162;444;0;;164;5.717276423;2.023273273;;54;24.89228395;4.044406907;;31;33.58817204;15;2;14.814814809999998;24.07407407;40.74074074;9.25925926;3.7037037;7.407407409999999
2024-03;National;DUNKERQUE;PARIS NORD;131;171;2;;12;4.048611111;0.291814596;;13;21.58974359;3.613609468;;7;28.13571429;3;0;0.0;75.0;16.666666669999998;8.33333333;0.0;0.0
2024-03;National;ANNECY;PARIS LYON;226;157;0;;7;17.42857143;0.77611465;;24;36.40625;7.853609342;;24;36.40625;7;3;16.666666669999998;25.0;37.5;8.33333333;8.33333333;4.16666667
2024-03;National;BELLEGARDE (AIN);PARIS LYON;164;277;0;;89;4.791198502;1.530445247;;20;27.940000000000005;2.870397112;;13;36.25128205;7;1;15.0;5.0;40.0;15.0;0.0;25.0
2024-03;National;PARIS LYON;MULHOUSE VILLE;170;304;0;;44;13.57575758;1.831688597;;21;31.41825397;2.915241228;;14;40.56071429;4;4;14.28571429;4.76190476;42.85714286;23.80952381;4.76190476;9.52380952
2024-03;National;ST PIERRE DES CORPS;PARIS MONTPARNASSE;66;541;1;;223;13.4587444;5.680216049;;107;41.14018692;8.524259259;;51;75.83235294;31;19;13.59223301;30.09708738;25.24271845;10.67961165;8.73786408;11.65048544
2024-03;National;MONTPELLIER;PARIS LYON;208;194;0;;33;13.64141414;2.282646048;;26;36.14038462;6.520360825;;26;36.14038462;8;4;15.38461538;11.53846154;30.76923077;26.92307692;0.0;15.38461538
2024-03;National;PARIS MONTPARNASSE;RENNES;103;785;1;;149;22.03008949;3.822087585;;97;44.60756014;5.567453231;;75;53.69311111;40;25;15.625;23.95833333;11.45833333;20.83333333;12.5;15.625
2024-03;National;PARIS NORD;DOUAI;70;147;8;;16;9.1625;1.07853717;;25;16.91933333;3.784772182;;11;27.95909091;4;0;0.0;14.28571429;28.57142857;28.57142857;14.28571429;14.28571429
2024-03;National;AIX EN PROVENCE TGV;PARIS LYON;184;446;0;;211;5.845418641;2.86838565;;37;37.37702703;4.752653214;;37;37.37702703;17;4;24.32432432;24.32432432;29.72972973;2.7027027;5.40540541;13.51351351
2024-03;National;DOUAI;PARIS NORD;78;186;0;;62;4.744623656;2.073517382;;33;13.356060605999998;2.516768916;;7;27.30714286;2;0;3.125;34.375;25.0;18.75;9.375;9.375
2024-03;National;PARIS LYON;MACON LOCHE;93;225;0;;13;13.45769231;0.6045925926000001;;21;36.6515873;4.821333333;;15;46.16666667;9;4;21.05263158;10.52631579;42.10526316;10.52631579;0.0;15.78947368
2024-03;National;PARIS MONTPARNASSE;TOULOUSE MATABIAU;278;193;0;;25;26.10466667;2.515284974;;16;74.475;3.150777202;;16;74.475;12;7;6.25;43.75;12.5;18.75;18.75;0.0
2024-03;National;VANNES;PARIS MONTPARNASSE;168;288;1;;141;7.468439716299999;3.7228222996999993;;53;39.43238994;7.989779326399999;;37;51.08738739;23;9;22.64150943;41.50943396;5.66037736;13.20754717;13.20754717;3.77358491
2024-03;International;ZURICH;PARIS LYON;249;166;0;;48;1.454166667;0.946586345;;9;36.13148148;3.50873494;;9;36.13148148;4;1;22.222222220000003;22.222222220000003;22.222222220000003;11.11111111;0.0;22.222222220000003
2024-03;National;LAVAL;PARIS MONTPARNASSE;82;300;0;;114;10.92690059;4.078395062;;55;41.13090909;6.872502806;;37;56.35585585599999;26;10;16.36363636;32.72727273;21.81818182;16.36363636;9.09090909;3.63636364
2024-03;National;NANTES;PARIS MONTPARNASSE;134;656;1;;103;22.07928803;3.094478372;;83;55.17028112;7.263155216;;71;62.29507042;50;27;25.30120482;21.68674699;20.481927710000004;14.45783133;14.45783133;3.61445783
2024-03;National;PARIS LYON;AVIGNON TGV;163;430;1;;47;14.9964539;1.456798757;;46;30.133695652000004;4.198407148;;37;34.18828829;13;3;8.695652169999999;10.86956522;32.60869565;19.56521739;15.2173913;13.04347826
2024-03;National;PARIS LYON;VALENCE ALIXAN TGV;134;406;0;;45;12.845185185000002;1.132142857;;42;28.56468254;3.97820197;;34;32.24460784;15;2;14.63414634;12.19512195;36.58536585;17.07317073;17.07317073;2.4390243900000006
2024-03;National;ANGOULEME;PARIS MONTPARNASSE;130;297;0;;216;9.993364198;7.301242938;;76;36.76052632;10.59909605;;53;47.15251572;21;9;17.10526316;46.05263158;17.10526316;7.894736839999999;1.31578947;10.52631579
2024-03;National;PARIS MONTPARNASSE;LA ROCHELLE VILLE;182;229;0;;40;30.613333333000003;4.963391558;;36;50.69444444;9.576419214;;32;55.375;17;11;19.44444444;16.666666669999998;13.88888889;16.666666669999998;22.222222220000003;11.11111111
2024-03;National;PARIS MONTPARNASSE;LE MANS;61;455;3;;72;29.133333333000003;4.28820059;;58;45.59626437;5.681010325;;33;73.21919192;24;15;12.06896552;10.34482759;18.96551724;34.48275862;15.51724138;8.62068966
2024-03;International;PARIS EST;FRANCFORT;229;174;19;;21;20.8015873;2.535483871;;26;30.841025641000005;9.202365591;;26;30.84102564;7;2;4.34782609;17.39130435;34.7826087;21.73913043;13.04347826;8.695652169999999
2024-03;International;PARIS LYON;LAUSANNE;232;172;3;;13;14.49871795;0.809566075;;14;27.44285714;2.418244576;;14;27.44285714;3;0;14.28571429;28.57142857;42.85714286;7.14285714;0.0;7.14285714
2024-03;National;NICE VILLE;PARIS LYON;342;203;0;;22;23.703030302999995;2.397454844;;32;47.3234375;9.572660099;;32;47.3234375;22;7;28.125;28.125;18.75;6.25;15.625;3.125
2024-03;National;BORDEAUX ST JEAN;TOURCOING;316;31;0;;8;27.23958333;6.788172043;;12;48.66666667;21.09677419;;12;48.66666667;7;3;16.666666669999998;16.666666669999998;16.666666669999998;25.0;25.0;0.0
2024-03;National;PARIS MONTPARNASSE;ANGERS SAINT LAUD;96;541;1;;84;31.3327381;4.50117284;;90;45.51074074;8.066512346;;61;61.81639344;43;25;12.35955056;24.71910112;19.1011236;20.2247191;11.23595506;12.35955056
2024-03;National;PARIS MONTPARNASSE;ST MALO;160;96;0;;13;32.10384615;3.947916667;;14;48.30833333;7.513888888900001;;14;48.30833333;7;4;14.28571429;35.71428571;7.14285714;28.57142857;14.28571429;0.0
2024-03;National;REIMS;PARIS EST;47;247;0;;26;6.752564103;0.824156545;;18;14.724999999999998;0.939203779;;6;25.99722222;1;0;6.25;43.75;6.25;25.0;18.75;0.0
2024-03;International;FRANCFORT;PARIS EST;233;173;18;;95;3.792631579;2.523202614;;20;35.84083333;6.143246187;;20;35.84083333;5;2;20.0;20.0;45.0;10.0;5.0;0.0
2024-03;National;PARIS LYON;MONTPELLIER;213;228;0;;27;11.96604938;1.141739766;;26;30.83717949;4.720979532;;26;30.83717949;11;0;15.38461538;19.23076923;26.92307692;30.76923077;7.69230769;0.0
2024-03;National;PARIS LYON;TOULON;238;254;1;;25;19.95666667;1.680434783;;29;50.05172414;6.123781291;;29;50.05172414;19;8;24.13793103;10.34482759;34.48275862;24.13793103;6.896551720000001;0.0
2024-03;National;PARIS LYON;LE CREUSOT MONTCEAU MONTCHANIN;77;214;0;;21;8.488095238;0.653037383;;19;20.29736842;2.697429907;;11;28.08939394;4;0;10.52631579;15.78947368;36.84210526;26.31578947;0.0;10.52631579
2024-03;National;STRASBOURG;PARIS EST;118;574;9;;202;10.12739274;3.682030787;;53;32.34025157;2.827442274;;38;39.81359649;17;4;11.32075472;16.98113208;20.75471698;30.18867925;7.54716981;13.20754717
2024-03;National;VALENCE ALIXAN TGV;PARIS LYON;134;379;0;;205;9.627317073;5.338;;82;29.05;7.1464;;57;35.93421053;21;7;17.07317073;14.63414634;35.36585366;20.73170732;0.0;12.19512195
2024-03;National;DIJON VILLE;PARIS LYON;98;388;0;;148;5.406756757;2.136993971;;22;23.66136364;2.181050818;;13;30.5525641;4;0;18.18181818;27.27272727;31.818181820000003;13.63636364;0.0;9.09090909
2024-03;International;PARIS EST;STUTTGART;192;67;16;;7;13.34285714;1.884640523;;8;28.44583333;9.281045752;;8;28.44583333;3;0;25.0;25.0;37.5;12.5;0.0;0.0
2024-03;National;LE CREUSOT MONTCEAU MONTCHANIN;PARIS LYON;79;242;0;;78;7.17948718;2.466113416;;30;20.35277778;2.693568465;;12;34.02222222;5;1;10.34482759;20.68965517;37.93103448;20.68965517;3.4482758600000003;6.896551720000001
2024-03;National;LILLE;PARIS NORD;72;696;4;;150;8.778333333190666;1.7081170822450866;;98;17.92738795;3.104972904582081;;32;35.021875;16;2;7.295537785306122;36.455301736326525;17.70558157653061;11.46761469;13.529027234489796;13.54693698734694
2024-03;National;LYON PART DIEU;LILLE;187;322;3;;251;12.445152722398406;8.683646813;;87;29.259090621685257;10.267450366013168;;66;34.220454545045456;22;8;18.390804600344826;28.735632183103448;20.689655173793103;11.494252868965518;9.195402295172414;11.494252868965518
2024-03;National;METZ;PARIS EST;88;315;0;;92;9.308514493;2.754232804;;36;25.98796296;2.825449735;;20;39.43666667;11;2;8.33333333;16.666666669999998;41.666666670000005;16.666666669999998;8.33333333;8.33333333
2024-03;National;RENNES;PARIS MONTPARNASSE;101;821;1;;304;12.74895833;4.732926333;;130;42.20628205;7.247741148;;91;55.1025641;58;27;21.53846154;36.92307692;9.23076923;16.15384615;12.30769231;3.84615385
2024-03;International;GENEVE;PARIS LYON;195;243;0;;178;3.100842697;2.4733882030000003;;13;36.25128205;3.197805213;;13;36.25128205;7;1;7.69230769;0.0;53.84615385;15.38461538;0.0;23.07692308
2024-03;International;PARIS LYON;BARCELONA;407;58;0;;9;8.544444444;1.041954023;;3;49.0;3.017241379;;3;49.0;2;1;0.0;33.333333329999995;66.66666667;0.0;0.0;0.0
2024-03;International;PARIS LYON;GENEVE;192;242;0;;26;17.95961539;1.739187328;;19;32.86929825;4.184366391;;19;32.86929825;9;1;15.78947368;31.57894737;26.31578947;5.26315789;10.52631579;10.52631579
2024-03;National;LYON PART DIEU;MONTPELLIER;116;247;0;;132;10.82058081;5.902159244;;59;36.37062147;9.24682861;;46;42.77644928;25;9;10.16949153;38.98305085;28.81355932;13.55932203;1.6949152499999998;6.77966102
2024-03;National;LYON PART DIEU;PARIS LYON;119;723;0;;244;5.978483607;2.127478101;;58;28.05603448;3.398593822;;35;37.81476191;17;4;15.78947368;19.29824561;31.57894737;19.29824561;3.50877193;10.526315789999998
2024-03;National;LYON PART DIEU;RENNES;236;94;0;;47;6.318794326;3.3131205673999995;;9;66.81481482;7.928014184;;9;66.81481482;5;4;22.222222220000003;66.66666667;0.0;0.0;11.11111111;0.0
2024-03;International;ITALIE;PARIS LYON;544;30;0;;12;2.740277778;1.265555556;;9;31.36111111;12.87055556;;9;31.36111111;2;0;11.11111111;11.11111111;33.333333329999995;22.222222220000003;22.222222220000003;0.0
2024-03;National;MARSEILLE ST CHARLES;LYON PART DIEU;105;427;0;;80;9.870416667;1.796330991;;59;33.99011299;7.569828259;;36;47.16898148;21;11;11.86440678;44.06779661;28.81355932;11.86440678;1.6949152499999998;1.6949152499999998
2024-03;National;MONTPELLIER;LYON PART DIEU;112;186;0;;31;18.90860215;3.148297491;;34;42.70098039;10.69901434;;24;54.58124999999999;13;10;5.88235294;35.294117650000004;41.17647059;5.88235294;8.82352941;2.94117647
2024-03;National;PARIS LYON;AIX EN PROVENCE TGV;185;474;1;;57;15.755847953000002;1.703911205;;43;38.0372093;4.584249472;;41;39.21178862;19;6;11.62790698;9.30232558;27.90697674;25.58139535;13.95348837;11.62790698
2024-03;National;PARIS LYON;NIMES;181;216;0;;24;11.28402778;0.987037037;;24;27.23819444;4.871219136;;20;29.83416667;8;0;8.695652169999999;17.39130435;34.7826087;34.7826087;4.34782609;0.0
2024-03;National;RENNES;LYON PART DIEU;236;95;0;;12;19.06944444;2.330877193;;13;60.37948718;8.050175439;;13;60.37948718;9;3;15.38461538;46.15384615;15.38461538;15.38461538;7.69230769;0.0
2024-03;National;TOULON;PARIS LYON;238;252;0;;100;13.973166666999996;5.611266667;;39;45.09017094;8.6964;;39;45.09017094;25;8;25.64102564;25.64102564;23.07692308;5.12820513;12.82051282;7.69230769
2024-04;National;DIJON VILLE;PARIS LYON;98;385;0;;136;6.323284314;2.278051948;;28;38.11845238;3.73030303;;21;46.6;14;4;35.71428571;28.57142857;17.85714286;7.14285714;3.57142857;7.14285714
2024-04;National;PARIS MONTPARNASSE;BORDEAUX ST JEAN;145;1029;0;;118;15.3161017;1.278960156;;96;27.81684028;3.974311629;;65;34.68;19;8;1.04166667;15.625;20.83333333;25.0;14.58333333;22.91666667
2024-04;National;PARIS MONTPARNASSE;LA ROCHELLE VILLE;181;218;0;;23;8.143478261;0.472629969;;23;31.52173913;5.105504587;;18;36.94444444;8;2;8.695652169999999;13.04347826;21.73913043;4.34782609;4.34782609;47.826086960000005
2024-04;National;PARIS MONTPARNASSE;ST PIERRE DES CORPS;69;526;1;;54;11.84907407;0.786952381;;57;16.76374269;2.545079365;;20;29.08083333;4;1;0.0;5.45454545;30.90909091;27.27272727;7.27272727;29.09090909
2024-04;National;PARIS MONTPARNASSE;ST MALO;159;94;0;;7;11.54047619;0.445921986;;7;28.72619048;3.04787234;;5;34.43;3;0;14.28571429;14.28571429;14.28571429;42.85714286;14.28571429;0.0
2024-04;National;QUIMPER;PARIS MONTPARNASSE;235;268;0;;17;13.94117647;0.884711779;;23;53.10144928;5.592982456;;23;53.10144928;14;6;13.04347826;34.7826087;13.04347826;17.39130435;13.04347826;8.695652169999999
2024-04;National;BREST;PARIS MONTPARNASSE;232;283;0;;15;5.87;0.318492344;;10;27.485;2.255712603;;10;27.485000000000003;4;0;20.0;40.0;10.0;20.0;10.0;0.0
2024-04;National;CHAMBERY CHALLES LES EAUX;PARIS LYON;173;195;0;;89;4.872097378;2.05948718;;31;24.786021505000004;6.12042735;;20;31.32166667;7;1;9.67741935;12.90322581;58.06451613;12.90322581;3.2258064500000003;3.2258064500000003
2024-04;National;MARNE LA VALLEE;LYON PART DIEU;106;419;0;;303;12.47216722;9.089339698;;101;33.42640264;9.405847255;;77;39.64090909;25;12;21.78217822;22.77227723;22.77227723;15.84158416;14.851485149999998;1.98019802
2024-04;National;PARIS EST;NANCY;97;302;1;;47;50.87553192;7.256967670000001;;34;106.3563726;12.14682274;;30;118.8266667;24;18;0.0;58.82352941;8.82352941;26.47058824;2.94117647;2.94117647
2024-04;National;PARIS LYON;SAINT ETIENNE CHATEAUCREUX;172;111;0;;13;11.04230769;1.10015015;;13;23.8948718;4.830780781;;9;28.62592593;3;0;23.07692308;23.07692308;15.38461538;15.38461538;15.38461538;7.69230769
2024-04;National;RENNES;PARIS MONTPARNASSE;101;814;0;;270;7.319382716;2.41795977;;74;29.02747748;3.316091954;;42;41.24047619;21;6;13.88888889;25.0;23.61111111;18.05555556;6.94444444;12.5
2024-04;International;PARIS EST;FRANCFORT;230;170;6;;23;29.057971014000003;3.750813008;;25;49.73066667;12.45020325;;25;49.73066666700001;9;3;12.5;12.5;45.83333333;20.83333333;0.0;8.33333333
2024-04;International;PARIS LYON;LAUSANNE;232;166;0;;12;11.41805556;0.606425703;;16;35.13645833;4.319779117;;16;35.13645833;8;1;50.0;18.75;6.25;12.5;6.25;6.25
2024-04;National;LE MANS;PARIS MONTPARNASSE;60;473;0;;174;9.294827586;3.523504274;;63;23.9;3.403062678;;27;43.11851852;14;5;16.666666669999998;15.0;25.0;23.33333333;11.66666667;8.33333333
2024-04;National;MARNE LA VALLEE;MARSEILLE ST CHARLES;213;282;0;;179;11.09115456;7.107328605;;59;43.78107345;11.40076832;;59;43.78107345;23;7;11.86440678;18.6440678;32.20338983;18.6440678;5.08474576;13.55932203
2024-04;National;PARIS MONTPARNASSE;LAVAL;83;311;0;;45;19.80259259;2.481296892;;28;31.54880952;3.241854234;;21;38.26507937;9;3;0.0;3.57142857;10.71428571;39.28571429;39.28571429;7.14285714
2024-04;International;PARIS LYON;BARCELONA;408;58;0;;6;20.68055556;1.882758621;;0;0.0;0.0;;0;0.0;0;0;0.0;0.0;0.0;0.0;0.0;0.0
2024-04;National;DOUAI;PARIS NORD;76;183;0;;65;7.0;2.832481061;;57;15.25994152;5.638257576;;17;28.49313726;5;1;8.92857143;42.85714286;30.357142860000003;10.71428571;3.57142857;3.57142857
2024-04;National;PARIS LYON;LE CREUSOT MONTCEAU MONTCHANIN;77;210;0;;20;10.78916667;0.880238095;;28;16.33571429;2.957698413;;9;31.3;2;0;7.14285714;17.85714286;35.71428571;25.0;7.14285714;7.14285714
2024-04;National;PARIS LYON;NIMES;181;229;0;;27;16.18518519;1.671906841;;27;26.69259259;5.42860262;;22;29.96363636;8;0;22.22222222;7.407407409999999;18.51851852;29.62962963;7.407407409999999;14.814814809999998
2024-04;National;LYON PART DIEU;MARNE LA VALLEE;107;357;0;;283;12.98863369;10.28039216;;109;28.40458716;10.73576097;;66;38.26666667;22;11;17.59259259;22.222222220000003;37.03703704;8.33333333;9.25925926;5.55555556
2024-04;National;MARSEILLE ST CHARLES;MARNE LA VALLEE;209;283;0;;37;14.786036036000002;1.084692671;;49;40.20340136;9.409810875;;49;40.20340136;13;8;18.36734694;16.32653061;30.6122449;10.20408163;10.20408163;14.28571429
2024-04;National;PARIS LYON;MACON LOCHE;94;217;0;;25;16.3;1.472043011;;19;25.7;4.069969278;;15;29.04222222;3;1;15.78947368;5.26315789;10.52631579;21.05263158;26.31578947;21.05263158
2024-04;National;REIMS;PARIS EST;46;239;0;;34;33.74460784;4.918340307;;30;43.82333333;6.412064156;;17;69.52647059;13;8;0.0;26.66666667;30.0;13.33333333;23.33333333;6.666666670000001
2024-04;National;MONTPELLIER;LYON PART DIEU;112;189;0;;30;15.07111111;2.422429078;;59;36.41186441;13.53492908;;32;55.63697917;14;6;20.33898305;20.33898305;33.89830508;6.77966102;6.77966102;11.86440678
2024-04;National;PARIS LYON;TOULON;237;270;0;;25;20.25933333;1.615987654;;33;42.53585859;5.751234568;;33;42.53585859;18;7;30.3030303;6.06060606;30.3030303;12.12121212;18.18181818;3.03030303
2024-04;National;PARIS NORD;DUNKERQUE;129;192;0;;21;14.88174603;1.218836806;;20;30.775;3.309895833;;16;35.25;6;1;0.0;25.0;40.0;10.0;20.0;5.0
2024-04;National;TOULON;PARIS LYON;238;278;0;;117;7.403418803;3.105155875;;45;34.45777778;7.652937649900001;;45;34.45777778;17;5;17.77777778;37.77777778;22.22222222;11.11111111;4.44444444;6.666666670000001
2024-04;International;FRANCFORT;PARIS EST;231;168;3;;96;3.833159722;2.441666667;;35;46.94238095;13.01676955;;35;46.94238095;15;3;14.28571429;42.85714286;28.57142857;2.8571428600000006;2.8571428600000006;8.57142857
2024-04;International;GENEVE;PARIS LYON;196;239;0;;178;2.601872659;2.129079498;;20;32.7425;4.275732218;;20;32.7425;8;1;50.0;10.0;20.0;10.0;0.0;10.0
2024-04;National;BESANCON FRANCHE COMTE TGV;PARIS LYON;132;175;0;;26;7.683333333;0.886857143;;11;40.56212121;3.27152381;;8;50.96875;6;2;45.45454545;27.27272727;9.09090909;9.09090909;0.0;9.09090909
2024-04;National;PARIS MONTPARNASSE;BREST;237;271;0;;41;11.23699187;1.299323493;;18;27.80555556;2.54797048;;18;27.80555556;4;1;16.666666669999998;16.666666669999998;16.666666669999998;22.222222220000003;11.11111111;16.666666669999998
2024-04;International;ZURICH;PARIS LYON;244;171;1;;59;1.914971751;1.154411765;;14;41.90595238099999;4.656470588;;14;41.90595238;7;3;42.85714286;14.28571429;28.57142857;7.14285714;7.14285714;0.0
2024-04;National;MULHOUSE VILLE;PARIS LYON;170;318;1;;133;5.254761905;2.234279706;;26;38.7698718;4.009989485;;21;45.08095238;12;5;42.30769231;19.23076923;23.07692308;7.69230769;3.84615385;3.84615385
2024-04;National;PARIS NORD;LILLE;67;729;4;;51;11.96633986962745;0.5251954023137931;;84;16.682376283941178;2.4188275862257926;;27;29.15061728411112;5;1;2.4691358000000005;25.92592593;34.56790123333334;11.111111109999998;8.641975310000001;17.283950613333335
2024-04;National;ST PIERRE DES CORPS;PARIS MONTPARNASSE;66;538;1;;223;6.423168909;2.815134459;;91;16.41373626;2.679612258;;23;36.72753623;12;2;4.54545455;21.59090909;38.63636364;14.77272727;3.40909091;17.04545455
2024-04;National;VANNES;PARIS MONTPARNASSE;168;289;0;;167;5.904191617;3.473529412;;37;39.03198198;6.055594002;;26;49.99102564;14;6;10.81081081;32.432432430000006;18.91891892;18.91891892;8.10810811;10.81081081
2024-04;National;LAVAL;PARIS MONTPARNASSE;82;286;0;;94;8.340070922;2.699823322;;41;24.22357724;3.505535925;;18;41.00555556;12;3;20.000000000000004;27.500000000000004;22.5;12.5;12.5;5.000000000000001
2024-04;National;LILLE;LYON PART DIEU;183;387;0;;211;8.702922590871088;4.843088069846512;;89;33.98103302154976;8.546992648082686;;73;41.17739726061644;23;12;20.224719104269663;24.71910112629213;23.59550562022472;13.483146066067416;15.730337082134833;2.247191011011236
2024-04;National;LILLE;PARIS NORD;69;710;2;;142;9.246830986;1.660920715287853;;148;19.28366006817605;4.644713731;;46;38.66884057973913;15;8;8.307955845;37.81880472;24.89531785;13.79901028;5.60525314;9.573658165
2024-04;National;MACON LOCHE;PARIS LYON;93;218;0;;112;9.110863095;4.728858024699999;;37;26.51171171;6.227623456799999;;25;33.086;10;1;13.51351351;13.51351351;48.64864864999999;18.91891892;2.7027027;2.7027027
2024-04;National;PARIS LYON;NICE VILLE;341;218;1;;22;22.1;1.882104455;;39;43.55470086;10.35230415;;39;43.55470086;19;7;30.76923077;15.38461538;17.948717950000002;12.82051282;15.38461538;7.69230769
2024-04;National;PARIS LYON;VALENCE ALIXAN TGV;134;387;0;;39;15.156837607000002;1.274461671;;43;25.99612403;4.074504737;;27;33.52530864;11;2;16.27906977;25.58139535;25.58139535;9.30232558;18.60465116;4.65116279
2024-04;National;PERPIGNAN;PARIS LYON;319;200;0;;35;11.65428571;1.993083333;;31;62.32311828;12.3225;;31;62.32311828;18;6;16.129032260000002;25.80645161;32.258064520000005;3.2258064500000003;6.451612900000001;16.129032260000002
2024-04;National;AVIGNON TGV;PARIS LYON;162;473;0;;250;9.648066667;4.809851695;;79;32.89240506;6.766772599;;54;42.00092593;21;10;12.65822785;22.78481013;32.91139241;15.18987342;10.12658228;6.32911392
2024-04;National;NIMES;PARIS LYON;179;221;0;;72;13.19282407;4.265158371;;35;57.79476191;10.66598793;;27;70.88209877;15;4;17.14285714;37.14285714;22.857142860000003;5.71428571;5.71428571;11.428571430000002
2024-04;National;PARIS MONTPARNASSE;ANGERS SAINT LAUD;96;529;0;;49;10.95986395;0.602709515;;49;25.49081633;2.754568368;;28;35.85535714;9;4;25.531914890000003;10.63829787;31.91489362;23.40425532;0.0;8.5106383
2024-04;National;METZ;PARIS EST;87;301;0;;90;24.84685185;7.480066445;;50;54.18666667;9.79042082;;31;81.11612903;19;16;12.0;26.0;34.0;6.0;14.000000000000002;8.0
2024-04;National;PARIS EST;STRASBOURG;113;593;4;;84;46.24126984;6.617600453;;70;82.99285714;10.51202603;;54;103.5209877;40;29;1.4285714300000003;48.57142857;15.71428571;20.0;7.14285714;7.14285714
2024-04;National;PARIS LYON;AVIGNON TGV;163;459;0;;40;14.51333333;1.069426289;;46;42.01775362;5.148075527;;38;48.23640351;17;6;22.222222220000003;8.888888890000002;22.222222220000003;15.55555556;17.777777780000005;13.33333333
2024-04;National;PARIS LYON;BESANCON FRANCHE COMTE TGV;128;167;1;;17;15.637254902000002;1.444678715;;16;33.46145833;4.309538153;;11;42.45757576;7;2;43.75;12.5;18.75;12.5;12.5;0.0
2024-04;National;PARIS LYON;DIJON VILLE;96;374;0;;38;14.25964912;1.351381462;;44;27.80340909;3.841399287;;30;34.35888889;13;2;40.90909091;11.36363636;25.0;4.5454545500000005;18.18181818;0.0
2024-04;National;PARIS LYON;MONTPELLIER;213;249;0;;29;15.77931035;1.598058902;;37;41.26036036;7.820682731;;37;41.26036036;19;6;35.13513514;16.21621622;10.81081081;21.62162162;5.40540541;10.81081081
2024-04;National;POITIERS;PARIS MONTPARNASSE;100;482;0;;255;9.340784314;4.825086987;;118;18.54449153;5.177000696;;45;31.22296296;14;3;8.47457627;56.779661020000006;13.55932203;8.47457627;0.84745763;11.86440678
2024-04;International;PARIS LYON;ZURICH;245;139;0;;20;14.36666667;1.960791367;;22;33.76363636;6.98441247;;22;33.76363636;9;2;19.04761905;19.04761905;28.57142857;4.76190476;23.80952381;4.76190476
2024-04;International;LAUSANNE;PARIS LYON;234;160;0;;86;2.08372093;1.354270833;;8;26.608333333000004;2.905625;;8;26.60833333;2;0;50.0;37.5;0.0;0.0;0.0;12.5
2024-04;National;DUNKERQUE;PARIS NORD;132;166;0;;6;18.83333333;0.680722892;;27;35.28950617;8.30562249;;16;50.53958333;9;5;11.53846154;53.84615385;23.07692308;3.84615385;3.84615385;3.84615385
2024-04;National;LE CREUSOT MONTCEAU MONTCHANIN;PARIS LYON;79;242;0;;97;7.496907217;3.122245179;;34;20.14460784;3.486225895;;13;36.34230769;5;1;14.70588235;5.88235294;32.35294118;17.64705882;8.82352941;20.58823529
2024-04;National;LYON PART DIEU;MONTPELLIER;115;242;1;;158;8.982700422;5.981396957;;56;32.76666667;8.189834025;;39;40.87777778;14;6;19.64285714;14.28571429;32.14285714;14.28571429;8.92857143;10.71428571
2024-04;National;LYON PART DIEU;PARIS LYON;119;711;0;;282;6.989893617;2.895897797;;76;31.26995614;4.546530708;;45;43.44592593;17;6;16.0;14.66666667;26.66666667;20.0;10.666666669999998;12.0
2024-04;National;LYON PART DIEU;RENNES;236;90;0;;45;5.486296296;2.890555556;;5;28.013333332999995;2.892777778;;5;28.01333333;2;0;40.0;0.0;40.0;20.0;0.0;0.0
2024-04;National;PARIS EST;REIMS;46;232;1;;30;47.08388889;6.163492064;;31;51.58602151;7.401875902;;20;74.39916667;14;8;9.67741935;32.258064520000005;25.80645161;19.35483871;6.451612900000001;6.451612900000001
2024-04;National;PARIS LYON;CHAMBERY CHALLES LES EAUX;171;188;1;;18;16.18055556;1.346613191;;31;25.57903226;6.935115864499999;;20;32.0575;7;2;6.451612900000001;29.03225806;41.93548387;9.67741935;6.451612900000001;6.451612900000001
2024-04;National;PARIS NORD;ARRAS;49;503;0;;50;14.472;1.060404241;;78;16.24252137;3.821438038;;21;35.57063492;8;2;2.666666670000001;24.0;29.33333333;18.66666667;14.66666667;10.66666667
2024-04;National;ANGERS SAINT LAUD;PARIS MONTPARNASSE;96;558;0;;139;7.467745803;1.9806306306000003;;44;27.08560606;2.13966967;;17;51.25196078;9;4;16.666666669999998;19.04761905;26.19047619;16.666666669999998;14.28571429;7.14285714
2024-04;National;GRENOBLE;PARIS LYON;179;196;0;;19;15.40087719;1.492942177;;36;27.13796296;6.663945578;;25;33.01666667;6;2;13.88888889;13.88888889;50.0;19.44444444;0.0;2.77777778
2024-04;National;PARIS LYON;MULHOUSE VILLE;169;309;0;;38;14.92280702;1.736084142;;34;28.25392157;3.779719525;;21;37.20555556;13;1;41.17647059;11.76470588;14.70588235;5.88235294;23.52941176;2.94117647
2024-04;National;PARIS LYON;PERPIGNAN;318;202;0;;26;16.51730769;1.896452145;;39;38.03589744;9.004537954;;39;38.03589744;18;5;20.51282051;15.38461538;28.20512821;15.38461538;0.0;20.51282051
2024-04;National;STRASBOURG;PARIS EST;116;575;2;;251;17.76015936;7.804392088;;89;64.41348315;11.35907504;;63;85.43333333;38;24;3.37078652;46.06741573;19.1011236;10.11235955;6.7415730300000005;14.60674157
2024-04;National;LA ROCHELLE VILLE;PARIS MONTPARNASSE;174;214;0;;21;9.928571429;0.982087227;;31;23.96290323;4.947663551;;18;32.11666667;6;1;12.90322581;51.61290322999999;12.90322581;6.451612900000001;0.0;16.129032260000002
2024-04;National;PARIS LYON;AIX EN PROVENCE TGV;185;479;0;;45;11.74814815;0.888587335;;42;46.04126984;5.444432846;;42;46.04126984;20;5;33.333333329999995;7.14285714;11.9047619;14.28571429;14.28571429;19.04761905
2024-04;National;PARIS LYON;BELLEGARDE (AIN);163;249;0;;40;17.31333333;2.599196787;;50;27.41566667;6.3416332;;37;32.2518018;14;2;46.0;14.000000000000002;10.0;12.0;12.0;6.0
2024-04;National;PARIS LYON;LYON PART DIEU;119;679;0;;57;12.76491228;0.8670594011000001;;46;28.91014493;2.135861561;;35;33.78095238;12;2;15.55555556;28.88888889;17.777777780000005;17.777777780000005;11.11111111;8.888888890000002
2024-04;National;PARIS MONTPARNASSE;TOULOUSE MATABIAU;278;213;0;;20;12.50666667;0.6863067292999999;;20;37.7125;2.105164319;;20;37.7125;12;1;45.0;25.0;10.0;15.0;0.0;5.0
2024-04;National;TOURS;PARIS MONTPARNASSE;79;191;1;;14;10.16428571;0.740123457;;28;13.67559524;2.198765432;;4;38.59166667;3;0;0.0;3.84615385;53.84615385;11.53846154;7.69230769;23.07692308
2024-04;National;VALENCE ALIXAN TGV;PARIS LYON;134;374;1;;221;8.223981901;4.980458221;;71;35.73521127;8.116891285;;45;48.77629629599999;23;7;15.49295775;22.53521127;42.25352113;4.225352109999999;5.63380282;9.85915493
2024-04;National;MARSEILLE ST CHARLES;LILLE;285;216;1;;24;11.310416666666669;0.9658139535074418;;41;45.4859319;12.457519379561392;;41;44.24065040682927;18;7;21.95121951121951;19.51219512097561;31.707317069756098;7.317073168292683;4.878048778048781;14.634146344146345
2024-04;National;ANGOULEME;PARIS MONTPARNASSE;131;277;0;;231;8.924747475;7.717475124;;68;29.67696078;6.796952736;;42;39.98769841;15;4;11.76470588;41.17647059;17.64705882;7.35294118;1.47058824;20.58823529
2024-04;National;NANCY;PARIS EST;95;296;1;;62;26.11048387;5.573276836;;45;60.58962963;10.45711864;;26;96.86730769;16;10;4.44444444;53.33333333;24.44444444;11.11111111;4.44444444;2.22222222
2024-04;National;NANTES;STRASBOURG;312;56;0;;6;21.84444444;2.395535714;;8;115.9291667;18.38214286;;8;115.9291667;6;5;25.0;25.0;12.5;0.0;0.0;37.5
2024-04;National;PARIS MONTPARNASSE;POITIERS;99;579;0;;67;14.82263682;1.290126655;;58;24.18132184;3.6015831893999994;;30;36.27722222;11;3;5.172413790000001;10.34482759;24.13793103;18.96551724;15.51724138;25.862068970000003
2024-04;National;PARIS MONTPARNASSE;QUIMPER;232;268;2;;43;19.93449612;1.785025063;;21;27.97619048;2.640977444;;21;27.976190476000003;5;1;4.76190476;28.57142857;9.52380952;19.04761905;19.04761905;19.04761905
2024-04;National;PARIS NORD;DOUAI;71;136;0;;12;11.80277778;0.660171569;;24;16.85138889;4.31372549;;8;32.94583333;4;0;0.0;39.13043478;26.08695652;13.04347826;13.04347826;8.695652169999999
2024-04;National;NICE VILLE;PARIS LYON;343;223;0;;7;6.321428571;0.03033033;;36;34.33101852;7.459984985;;36;34.33101852;14;4;16.666666669999998;44.444444440000005;19.44444444;8.33333333;2.77777778;8.33333333
2024-04;National;PARIS MONTPARNASSE;RENNES;103;786;0;;108;14.620679011999998;1.614694657;;62;27.28951613;2.129770992;;48;31.341319444000003;16;3;12.90322581;9.67741935;12.90322581;33.870967740000005;20.96774194;9.67741935
2024-04;National;PARIS MONTPARNASSE;LE MANS;62;432;2;;44;13.21515152;0.963139535;;52;18.67467949;2.151511628;;21;31.69920635;10;0;10.63829787;8.5106383;36.17021277;38.29787234;6.3829787200000005;0.0
2024-04;International;ITALIE;PARIS LYON;544;28;0;;16;3.554166667;2.119047619;;4;28.0625;7.214285714;;4;28.0625;1;0;0.0;25.0;75.0;0.0;0.0;0.0
2024-04;International;PARIS LYON;GENEVE;192;245;0;;40;17.31333333;2.6429251700999994;;32;31.723958332999995;5.64244898;;32;31.72395833;13;1;46.875;9.375;9.375;9.375;12.5;12.5
2024-04;National;ANNECY;PARIS LYON;226;153;0;;5;6.8;0.222222222;;15;33.03666667;6.209586057;;15;33.03666667;6;1;20.0;13.33333333;40.0;20.0;0.0;6.666666670000001
2024-04;National;ST MALO;PARIS MONTPARNASSE;153;95;0;;1;1.533333333;-0.179298246;;7;26.6;3.495789474;;4;37.48333333;3;0;14.28571429;0.0;14.28571429;57.14285714;0.0;14.28571429
2024-04;National;ARRAS;PARIS NORD;51;496;1;;267;9.112359551;4.952323232;;157;19.98779193;7.43020202;;49;42.74183673500001;21;10;8.38709677;41.29032258;27.09677419;12.90322581;2.5806451599999995;7.74193548
2024-04;National;BORDEAUX ST JEAN;TOURCOING;317;30;0;;6;4.8;0.74;;7;25.71428571;8.3;;7;25.71428571;2;0;0.0;28.57142857;57.14285714;0.0;0.0;14.28571429
2024-04;National;RENNES;LYON PART DIEU;236;90;0;;16;4.167708333;0.647222222;;10;29.84166667;3.484259259;;10;29.84166667;4;0;20.0;60.0;10.0;10.0;0.0;0.0
2024-04;National;TOULOUSE MATABIAU;PARIS MONTPARNASSE;278;211;0;;33;16.88181818;2.672432859;;33;52.43535354;9.64257504;;33;52.43535354;22;7;27.27272727;24.24242424;12.12121212;12.12121212;12.12121212;12.12121212
2024-04;National;STRASBOURG;NANTES;336;56;1;;10;7.909999999999999;1.456363636;;5;72.60666667;6.801818182;;5;72.60666667;2;2;20.0;40.0;40.0;0.0;0.0;0.0
2024-04;International;PARIS LYON;ITALIE;502;28;0;;1;14.76666667;0.45952381;;0;0.0;0.0;;0;0.0;0;0;0.0;0.0;0.0;0.0;0.0;0.0
2024-04;National;MONTPELLIER;PARIS LYON;208;221;0;;70;12.80976191;3.973227753;;27;70.88209877;10.66598793;;27;70.88209877;15;4;14.814814809999998;44.44444444;11.11111111;7.407407409999999;7.407407409999999;14.814814809999998
2024-04;National;PARIS LYON;GRENOBLE;179;216;0;;14;9.7;0.455709877;;40;24.7875;7.291666667;;30;28.61666667;10;0;10.25641026;25.64102564;46.15384615;5.12820513;5.12820513;7.69230769
2024-04;National;PARIS LYON;MARSEILLE ST CHARLES;197;547;0;;45;12.69592593;0.830499695;;48;47.00381944;5.690981109;;48;47.00381944400001;24;7;31.25;4.16666667;14.58333333;12.5;20.83333333;16.666666669999998
2024-04;National;PARIS MONTPARNASSE;VANNES;162;276;0;;45;19.85296296;2.87928744;;32;32.890625;4.856884058;;26;37.51923077;11;3;6.25;18.75;18.75;28.125;15.625;12.5
2024-04;National;BORDEAUX ST JEAN;PARIS MONTPARNASSE;142;1067;0;;287;13.02526132;3.374054983;;136;34.55968137;5.584801625;;115;38.56072464;50;10;13.23529412;28.67647059;13.23529412;17.64705882;7.35294118;19.85294118
2024-04;National;LILLE;MARSEILLE ST CHARLES;294;249;0;;92;10.79981884064674;3.9948953709843376;;54;44.10777260151088;11.092050752543775;;54;49.43672839483334;22;8;11.11111111111111;18.51851851888889;31.48148148055555;20.37037037;7.407407408888888;11.111111112222222
2024-04;National;PARIS LYON;ANNECY;226;151;0;;15;16.81666667;1.56214128;;18;32.36111111;5.09602649;;18;32.36111111;6;2;5.55555556;38.88888889;22.222222220000003;27.77777778;5.55555556;0.0
2024-04;National;PARIS MONTPARNASSE;TOURS;81;187;0;;17;9.487254902;0.450802139;;15;15.980000000000002;1.93030303;;7;22.52142857;0;0;6.666666670000001;0.0;33.333333329999995;40.0;6.666666670000001;13.33333333
2024-04;National;MARSEILLE ST CHARLES;LYON PART DIEU;105;463;0;;108;10.66296296;2.385493161;;98;27.31496599;8.834017279;;55;38.25090909;20;9;16.32653061;24.48979592;34.69387755;13.26530612;2.04081633;9.18367347
2024-04;National;MARSEILLE ST CHARLES;TOURCOING;290;29;0;;6;36.43888889;1.948275862;;4;31.625;8.137931035;;4;31.625;2;0;0.0;25.0;0.0;0.0;25.0;50.0
2024-04;National;NANTES;PARIS MONTPARNASSE;134;650;0;;84;10.83015873;0.995942476;;38;34.46140351;2.422701592;;20;53.13666667;11;6;25.0;19.44444444;22.222222220000003;19.44444444;11.11111111;2.7777777800000005
2024-04;National;TOURCOING;BORDEAUX ST JEAN;300;30;0;;1;11.0;0.433333333;;3;24.76111111;3.842777778;;3;24.76111111;1;0;0.0;66.66666667;33.333333329999995;0.0;0.0;0.0
2024-04;International;PARIS EST;STUTTGART;191;123;7;;21;47.48095238;2.8564655172000006;;15;39.20666667;8.629166667;;15;39.20666667;7;1;6.666666670000001;20.0;20.0;33.333333329999995;6.666666670000001;13.33333333
2024-04;National;AIX EN PROVENCE TGV;PARIS LYON;184;464;0;;290;7.939137931;4.744672426;;58;37.53649425;6.562670986;;56;38.43988095;20;9;18.96551724;25.862068970000003;27.5862069;12.06896552;10.34482759;5.172413790000001
2024-04;National;LYON PART DIEU;MARSEILLE ST CHARLES;110;490;0;;253;11.49209486;6.070756646;;86;36.18682171;7.821949557;;71;40.82089202;30;10;18.60465116;18.60465116;34.88372093;13.95348837;1.1627907;12.79069767
2024-04;National;PARIS MONTPARNASSE;NANTES;135;609;0;;57;11.14005848;0.65651341;;47;31.58652482;2.569376026;;33;39.40606061;14;7;36.17021277;8.5106383;27.65957447;21.27659574;4.25531915;2.12765957
2024-04;National;PARIS EST;METZ;85;282;0;;38;52.06491228;7.048279953;;48;70.259375;12.2569395;;36;90.26712963;22;17;6.25;45.83333333;14.58333333;25.0;6.25;2.08333333
2024-04;International;STUTTGART;PARIS EST;202;123;0;;92;8.634057971;6.055413105;;17;84.08529412;9.77037037;;17;84.08529412;9;7;5.88235294;47.05882353;5.88235294;29.41176471;5.88235294;5.88235294
2024-04;National;BELLEGARDE (AIN);PARIS LYON;161;245;0;;78;4.551068376;1.474965986;;34;25.00147059;4.191836735;;20;32.7425;8;1;55.88235294;8.82352941;17.64705882;5.88235294;2.94117647;8.82352941
2024-04;National;LYON PART DIEU;LILLE;188;347;1;;279;12.69695340532473;10.223651252248557;;112;36.94311370139068;13.74629094;;74;46.31914414381082;33;15;17.857142860446427;22.321428569464285;32.14285713848214;12.500000000446429;8.928571426160715;6.249999995446429
2024-04;National;MARSEILLE ST CHARLES;PARIS LYON;196;525;0;;132;15.45770202;3.446845124;;57;42.91666667;6.759878904;;57;42.91666667;24;13;10.52631579;33.333333329999995;22.80701754;14.03508772;12.28070175;7.01754386
2024-04;National;PARIS MONTPARNASSE;ANGOULEME;131;255;0;;29;19.25747126;1.74875817;;28;29.9875;5.472091503;;20;36.34583333;7;3;3.57142857;14.28571429;25.0;14.28571429;14.28571429;28.57142857
2024-04;National;SAINT ETIENNE CHATEAUCREUX;PARIS LYON;168;112;0;;9;5.487037037;0.734984985;;19;43.87807018;8.698648649;;12;61.59722222;4;2;21.05263158;15.78947368;36.84210526;15.78947368;5.26315789;5.26315789
2024-04;International;BARCELONA;PARIS LYON;409;58;0;;0;0.0;0.0;;8;0.0;9.180747126;;8;48.86458333;6;2;25.0;0.0;50.0;12.5;0.0;12.5
2024-05;National;CHAMBERY CHALLES LES EAUX;PARIS LYON;173;196;0;;67;6.121144279;1.877806122;;28;25.04166667;5.180782313;;14;36.62976191;6;3;7.14285714;25.0;50.0;0.0;10.71428571;7.14285714
2024-05;National;NANCY;PARIS EST;95;291;0;;59;9.34039548;1.970904926;;35;23.51666667;4.075658648;;17;38.26960784;8;3;2.8571428600000006;25.71428571;37.14285714;17.14285714;2.8571428600000006;14.28571429
2024-05;National;PARIS LYON;PERPIGNAN;317;212;0;;23;12.63043478;1.067610063;;25;41.00533333;5.86163522;;25;41.00533333;15;4;16.0;40.0;20.0;16.0;4.0;4.0
2024-05;National;PARIS MONTPARNASSE;NANTES;134;621;0;;54;13.476234568000002;0.782206119;;27;31.30740741;1.274771873;;22;35.29242424;7;3;0.0;25.92592593;18.51851852;29.62962963;11.11111111;14.814814809999998
2024-05;National;TOULOUSE MATABIAU;PARIS MONTPARNASSE;277;194;0;;14;22.525;1.6067010309000005;;24;54.21180556;7.782731959;;24;54.21180556;15;7;8.33333333;33.333333329999995;20.83333333;12.5;12.5;12.5
2024-05;International;LAUSANNE;PARIS LYON;234;180;0;;85;2.41372549;1.469273743;;15;40.65222222;4.481657356;;15;40.65222222;6;3;26.66666667;40.0;20.0;13.33333333;0.0;0.0
2024-05;National;LILLE;MARSEILLE ST CHARLES;295;262;0;;91;8.232783882742858;2.7786895674251912;;64;35.15416666642857;11.93587786291603;;64;37.10859375;26;10;10.9375;17.1875;26.5625;23.4375;9.374999999;12.5
2024-05;National;MARSEILLE ST CHARLES;LILLE;287;234;2;;37;12.712612612864865;1.7443965516875002;;64;30.69072829256757;11.200502873294395;;64;31.22760417;24;5;12.5;29.68749999734376;28.125000003593748;10.9375;7.812500003125001;10.93750000015625
2024-05;National;POITIERS;PARIS MONTPARNASSE;100;482;1;;206;8.272491909;3.309185804;;63;22.49126984;3.556924148;;23;42.46449275;8;3;1.61290323;43.5483871;20.96774194;19.35483871;1.61290323;12.90322581
2024-05;National;BELLEGARDE (AIN);PARIS LYON;161;251;0;;71;5.043896714;1.460092962;;29;35.35057471;4.833665339;;21;43.82698413;8;5;13.79310345;41.37931034;31.03448276;13.79310345;0.0;0.0
2024-05;National;ST MALO;PARIS MONTPARNASSE;153;100;0;;4;20.57916667;0.627833333;;7;30.06428571;3.551333333;;6;32.65;1;1;14.28571429;14.28571429;0.0;42.85714286;0.0;28.57142857
2024-05;National;BREST;PARIS MONTPARNASSE;232;270;0;;19;4.168421053;0.298209877;;16;28.17291667;2.790740741;;16;28.17291667;3;1;18.75;37.5;6.25;18.75;0.0;18.75
2024-05;National;GRENOBLE;PARIS LYON;179;204;0;;9;13.66666667;0.602941177;;43;27.43565892;7.383333333299999;;34;31.13921569;12;2;20.93023256;44.18604650999999;23.25581395;4.65116279;2.3255814;4.65116279
2024-05;National;LILLE;PARIS NORD;69;670;9;;132;8.230050505027272;1.4380196194954613;;70;18.046818181818185;2.597179403314977;;30;31.082777777666667;6;2;10.183150184285712;24.65201465;37.76556776571429;11.575091575714284;8.68131868;7.142857144285715
2024-05;National;PARIS LYON;AIX EN PROVENCE TGV;184;502;0;;49;18.76020408;1.580776892;;55;36.44090909;5.089840638;;55;36.44090909;23;7;16.36363636;29.09090909;12.72727273;25.45454545;9.09090909;7.27272727
2024-05;National;PARIS LYON;MACON LOCHE;93;228;0;;26;13.554487179000002;1.3241959064000002;;20;26.93416667;4.726973684200001;;15;31.49111111;6;1;0.0;21.05263158;15.78947368;21.05263158;21.05263158;21.05263158
2024-05;National;PARIS MONTPARNASSE;LAVAL;83;318;1;;31;24.67795699;1.969348055;;23;35.97101449;2.948948475;;9;73.71481482;5;4;8.695652169999999;4.34782609;21.73913043;34.7826087;17.39130435;13.04347826
2024-05;National;DUNKERQUE;PARIS NORD;131;169;7;;3;48.66666667;0.901234568;;15;31.48111111;4.812242798;;14;32.90476191;4;1;13.33333333;46.66666667;26.66666667;6.666666670000001;6.666666670000001;0.0
2024-05;National;MARNE LA VALLEE;MARSEILLE ST CHARLES;212;298;0;;193;8.817962004;5.748098434;;68;37.44436275;11.32153244;;68;37.44436275;27;11;10.29411765;17.64705882;25.0;23.52941176;10.29411765;13.23529412
2024-05;National;PARIS LYON;MARSEILLE ST CHARLES;197;592;1;;59;17.24124294;1.450620417;;77;42.18506494;6.784771574;;77;42.18506494;35;15;16.88311688;33.76623377;12.987012989999998;15.58441558;9.09090909;11.68831169
2024-05;International;PARIS LYON;ZURICH;244;161;0;;21;16.80476191;1.980124224;;19;32.80263158;4.872153209;;19;32.80263158;9;0;27.77777778;16.666666669999998;16.666666669999998;5.555555560000001;27.77777778;5.555555560000001
2024-05;National;MONTPELLIER;LYON PART DIEU;112;152;0;;18;13.41944444;1.579057018;;32;24.43177083;7.51875;;20;30.49833333;8;2;9.375;15.625;46.875;12.5;9.375;6.25
2024-05;National;PARIS MONTPARNASSE;LA ROCHELLE VILLE;182;220;0;;19;19.94561404;1.314848485;;20;28.575;4.336363636;;14;35.03571429;5;2;0.0;35.0;20.0;15.0;15.0;15.0
2024-05;National;LYON PART DIEU;PARIS LYON;119;760;0;;279;6.480406213;2.519100877;;74;28.03941441;3.753881579;;55;33.23818182;16;6;12.328767119999998;30.1369863;9.5890411;10.95890411;17.808219180000002;19.17808219
2024-05;National;LYON PART DIEU;RENNES;235;93;0;;50;5.601666666700001;3.131362007;;12;31.63055556;5.36344086;;12;31.63055556;4;1;25.0;41.666666670000005;33.333333329999995;0.0;0.0;0.0
2024-05;National;PARIS MONTPARNASSE;ST MALO;159;99;0;;11;7.845454545500001;0.491077441;;5;23.20333333;2.085690236;;5;23.20333333;1;0;20.0;20.0;0.0;60.0;0.0;0.0
2024-05;National;TOULON;PARIS LYON;238;294;0;;136;10.98345588;5.101020408;;53;39.78207547;9.406405896;;53;39.78207547;25;9;15.09433962;45.28301887;16.98113208;7.54716981;9.43396226;5.66037736
2024-05;International;STUTTGART;PARIS EST;202;146;3;;124;5.896505376;4.640258216;;16;30.525;5.914553991;;16;30.525;4;2;12.5;12.5;25.0;31.25;6.25;12.5
2024-05;National;ARRAS;PARIS NORD;51;503;17;;227;6.855066079299999;3.229312715;;94;17.07606383;3.8704811;;33;31.43686869;7;3;9.890109890000002;28.57142857;42.85714286;14.28571429;4.395604399999999;0.0
2024-05;National;RENNES;PARIS MONTPARNASSE;101;813;1;;264;9.220959596;2.995340723;;65;27.69384615;3.20704023;;55;30.29424242;14;4;20.0;32.30769231;6.153846150000001;21.53846154;4.61538462;15.38461538
2024-05;National;VANNES;PARIS MONTPARNASSE;168;287;0;;144;5.657407407;2.903948897;;29;30.122413793000003;4.051219512;;26;32.11217949;8;2;20.68965517;37.93103448;6.896551720000001;20.68965517;6.896551720000001;6.896551720000001
2024-05;National;PARIS LYON;ANNECY;225;161;0;;17;13.61960784;1.220496894;;11;45.5;3.900621118;;11;45.5;5;2;9.09090909;63.636363640000006;9.09090909;18.18181818;0.0;0.0
2024-05;National;PARIS LYON;DIJON VILLE;95;425;0;;45;16.32148148;1.561882353;;27;27.72283951;2.44345098;;17;35.88235294;8;3;33.333333329999995;25.92592593;3.7037037;7.407407409999999;11.11111111;18.51851852
2024-05;National;STRASBOURG;PARIS EST;116;600;4;;281;9.902846975;4.715380313;;89;26.81666667;5.149412752;;59;33.60056497;22;8;4.49438202;21.34831461;29.21348315;24.71910112;4.49438202;15.730337080000002
2024-05;National;BORDEAUX ST JEAN;PARIS MONTPARNASSE;141;1069;0;;293;11.19613197;2.914904896;;101;37.90280528;4.458247583;;75;46.82266667;36;15;8.91089109;40.59405941;13.86138614;15.84158416;3.96039604;16.83168317
2024-05;National;PARIS MONTPARNASSE;RENNES;103;800;1;;75;19.70355556;1.405861494;;44;35.14545455;1.893345849;;35;41.02285714;11;6;13.63636364;9.09090909;11.36363636;38.63636364;22.72727273;4.5454545500000005
2024-05;National;RENNES;LYON PART DIEU;235;93;0;;14;5.033333333;0.674731183;;7;27.17619048;1.782258065;;7;27.17619048;2;0;14.28571429;14.28571429;28.57142857;28.57142857;0.0;14.28571429
2024-05;National;ANGOULEME;PARIS MONTPARNASSE;131;234;0;;179;7.406983240199999;5.682834758;;32;33.05520833;5.693447293;;18;48.5212963;10;1;0.0;40.625;18.75;25.0;3.125;12.5
2024-05;National;PARIS MONTPARNASSE;ST PIERRE DES CORPS;69;533;0;;49;13.45986395;0.829643527;;55;17.57484849;2.429143215;;17;36.48921569;10;2;11.11111111;14.814814809999998;31.48148148;22.222222220000003;9.25925926;11.11111111
2024-05;International;PARIS LYON;BARCELONA;409;64;0;;6;1.494444444;-0.166666667;;0;0.0;0.0;;0;0.0;0;0;0.0;0.0;0.0;0.0;0.0;0.0
2024-05;National;LAVAL;PARIS MONTPARNASSE;83;291;1;;95;6.988421053;2.227298851;;41;16.14390244;2.536034483;;17;24.35;3;0;12.5;25.0;25.0;12.5;12.5;12.5
2024-05;National;PARIS EST;REIMS;46;233;1;;12;21.125;1.163433908;;15;20.38666667;1.6927442529000003;;10;25.13333333;4;0;6.666666670000001;6.666666670000001;20.0;26.66666667;13.33333333;26.66666667
2024-05;National;PARIS LYON;NIMES;180;216;0;;23;11.98550725;0.98904321;;24;33.13472222;5.811959877;;22;34.99772727;9;2;8.33333333;25.0;8.33333333;37.5;4.16666667;16.666666669999998
2024-05;International;PARIS EST;STUTTGART;192;142;2;;18;8.208333333;1.156785714;;19;43.14298246;11.16880952;;19;43.14298246;8;4;0.0;21.05263158;47.36842105;26.31578947;5.26315789;0.0
2024-05;National;NANTES;STRASBOURG;312;57;0;;3;2.955555556;0.099707602;;1;26.11666667;2.363157895;;1;26.11666667;0;0;0.0;0.0;0.0;0.0;0.0;100.0
2024-05;National;PARIS LYON;AVIGNON TGV;162;487;0;;47;17.26382979;1.427173169;;58;32.05862069;4.741581109;;46;37.09746377;20;6;21.05263158;19.29824561;17.543859649999998;21.05263158;12.28070175;8.77192982
2024-05;National;PARIS MONTPARNASSE;TOULOUSE MATABIAU;278;192;0;;13;9.073076923;0.139930556;;20;60.425;3.705555556;;20;60.425;15;7;25.0;45.0;15.0;5.0;0.0;10.0
2024-05;National;AIX EN PROVENCE TGV;PARIS LYON;184;488;0;;286;8.320920746;4.978635117;;84;39.30257937;8.000548697;;83;39.62851406;31;12;15.47619048;36.9047619;17.85714286;9.52380952;4.76190476;15.47619048
2024-05;National;PERPIGNAN;PARIS LYON;318;209;0;;43;7.838372093;1.5247596154000005;;21;46.3515873;6.477323718;;21;46.3515873;15;3;14.28571429;33.333333329999995;23.80952381;9.52380952;4.76190476;14.28571429
2024-05;International;BARCELONA;PARIS LYON;413;64;0;;0;0.0;0.0;;8;0.0;7.6765625;;8;46.60416667;7;1;37.5;25.0;12.5;25.0;0.0;0.0
2024-05;International;PARIS LYON;GENEVE;191;243;0;;29;17.02356322;1.797325103;;23;39.73405797;5.290329218;;23;39.73405797;13;3;18.18181818;36.36363636;9.090909089999998;0.0;27.27272727;9.090909089999998
2024-05;National;ANGERS SAINT LAUD;PARIS MONTPARNASSE;95;566;1;;149;7.592953020100001;2.081563422;;50;24.986;2.548525074;;28;35.17380952;11;3;14.28571429;34.69387755;22.44897959;6.12244898;2.04081633;20.40816327
2024-05;National;BESANCON FRANCHE COMTE TGV;PARIS LYON;132;187;0;;36;6.893518519;1.03844086;;10;47.03333333;2.8640681;;9;50.70740741;5;4;40.0;40.0;10.0;0.0;0.0;10.0
2024-05;National;MARSEILLE ST CHARLES;TOURCOING;291;30;0;;8;12.15208333;2.977777778;;7;33.85714286;11.58333333;;7;33.85714286;4;1;14.28571429;0.0;42.85714286;14.28571429;14.28571429;14.28571429
2024-05;National;PARIS MONTPARNASSE;BORDEAUX ST JEAN;145;1029;1;;103;10.18656958;0.545525292;;73;19.62054795;2.258592737;;37;25.57252252;8;1;1.36986301;26.02739726;28.76712329;21.91780822;13.69863014;8.21917808
2024-05;National;PARIS NORD;ARRAS;49;507;11;;30;17.657222222000005;0.701310484;;33;27.29343434;2.848622312;;16;46.84895833;8;4;3.7037037;18.51851852;14.814814809999998;11.11111111;37.03703704;14.814814809999998
2024-05;International;FRANCFORT;PARIS EST;231;160;4;;90;4.662777778;2.833442266;;37;31.441441440999995;11.19891068;;37;31.441441440999995;14;4;2.7027027;16.21621622;37.83783784;21.62162162;8.10810811;13.51351351
2024-05;National;NANTES;PARIS MONTPARNASSE;133;656;1;;96;10.50329861;1.130763359;;47;28.80177305;2.464122137;;31;36.62688172;13;4;12.765957450000002;36.17021277;19.14893617;6.3829787200000005;4.25531915;21.27659574
2024-05;National;PARIS LYON;BELLEGARDE (AIN);162;248;0;;29;17.02356322;1.756854839;;35;28.85142857;5.253293011;;22;37.11439394;10;2;11.428571430000002;28.57142857;22.857142860000003;2.8571428600000006;28.57142857;5.71428571
2024-05;National;PARIS MONTPARNASSE;BREST;237;255;0;;22;16.54166667;0.984901961;;14;30.39285714;2.42745098;;14;30.39285714;4;1;7.14285714;14.28571429;7.14285714;50.0;7.14285714;14.28571429
2024-05;National;PARIS MONTPARNASSE;VANNES;161;278;0;;31;27.46935484;2.64382494;;34;40.20588235;5.956834532;;26;48.53846153799999;15;5;15.15151515;27.27272727;15.15151515;24.24242424;15.15151515;3.03030303
2024-05;National;ST PIERRE DES CORPS;PARIS MONTPARNASSE;66;518;0;;169;6.1265286;2.134105534;;56;18.26339286;2.17007722;;19;33.07719298;7;1;0.0;27.77777778;22.222222220000003;29.62962963;1.85185185;18.51851852
2024-05;National;MACON LOCHE;PARIS LYON;93;234;0;;100;8.4675;3.656681035;;30;25.50944444;4.554094828;;15;37.68;7;3;6.666666670000001;26.66666667;46.66666667;0.0;10.0;10.0
2024-05;National;PARIS EST;STRASBOURG;114;632;2;;70;11.79761905;1.334867725;;31;25.80268817;2.103359788;;21;31.68174603;5;1;10.0;6.666666670000001;16.666666669999998;36.66666667;23.33333333;6.666666670000001
2024-05;National;PARIS LYON;BESANCON FRANCHE COMTE TGV;127;177;0;;23;11.51304348;1.36346516;;11;23.60151515;2.743314501;;6;32.33333333;4;0;36.36363636;9.09090909;0.0;18.18181818;0.0;36.36363636
2024-05;National;VALENCE ALIXAN TGV;PARIS LYON;133;394;1;;241;8.582918396;5.316369048;;62;30.01236559;6.004719388;;38;40.14078947;25;3;19.35483871;29.03225806;29.03225806;12.90322581;4.83870968;4.83870968
2024-05;National;PARIS EST;NANCY;97;294;1;;27;17.94074074;1.728612059;;18;39.0712963;3.216040956;;14;46.05952381000001;6;4;16.666666669999998;11.11111111;0.0;55.55555556;16.666666669999998;0.0
2024-05;National;PARIS MONTPARNASSE;QUIMPER;232;268;4;;29;28.53735632;1.175883838;;26;35.19230769;3.916666667;;26;35.19230769;12;2;11.53846154;50.0;15.38461538;15.38461538;3.84615385;3.84615385
2024-05;International;ITALIE;PARIS LYON;551;18;0;;7;2.321428571;1.073148148;;2;29.85833333;4.898148148;;2;29.85833333;1;0;0.0;0.0;100.0;0.0;0.0;0.0
2024-05;National;ANNECY;PARIS LYON;227;165;0;;5;17.8;0.539393939;;12;37.75833333;5.282222222;;12;37.75833333;5;3;16.666666669999998;41.666666670000005;33.333333329999995;0.0;8.33333333;0.0
2024-05;National;LE MANS;PARIS MONTPARNASSE;60;437;1;;162;6.750514403;2.517013889;;59;20.6519774;2.869791667;;24;35.67361111;9;3;12.06896552;31.03448276;20.68965517;18.96551724;6.896551720000001;10.34482759
2024-05;National;LYON PART DIEU;MARSEILLE ST CHARLES;110;500;0;;289;13.22698962;7.749133333;;138;34.30845411;10.882;;103;41.57491909;38;23;15.2173913;21.73913043;25.36231884;19.56521739;5.79710145;12.31884058
2024-05;National;LYON PART DIEU;MONTPELLIER;115;211;0;;137;9.057177616;5.976698262;;40;27.98375;6.537756714;;32;31.628125;14;2;15.0;22.5;40.0;10.0;7.5;5.0
2024-05;National;MULHOUSE VILLE;PARIS LYON;169;344;0;;163;4.212372188;2.027955426;;25;41.66333333;3.6901162791000006;;19;50.31754386;8;7;41.666666670000005;25.0;25.0;0.0;0.0;8.33333333
2024-05;National;PARIS EST;METZ;85;279;1;;25;12.74333333;1.212529976;;23;22.2115942;2.694844125;;10;38.62666667;6;1;10.0;5.0;20.0;30.0;25.0;10.0
2024-05;National;BORDEAUX ST JEAN;TOURCOING;313;30;0;;4;3.775;0.267777778;;9;25.33333333;9.833333333;;9;25.33333333;3;0;0.0;44.444444440000005;22.222222220000003;11.11111111;11.11111111;11.11111111
2024-05;National;LYON PART DIEU;MARNE LA VALLEE;107;362;0;;275;13.18836364;10.07104052;;114;27.8755848;10.18669429;;79;34.36940928;25;8;7.01754386;23.68421053;36.84210526;15.78947368;6.14035088;10.52631579
2024-05;National;NIMES;PARIS LYON;179;194;1;;61;10.435245902000002;3.200518135;;28;32.11428571;5.361139896;;18;42.47685185;11;2;14.28571429;39.28571429;14.28571429;10.71428571;7.14285714;14.28571429
2024-05;National;PARIS LYON;MULHOUSE VILLE;168;341;0;;43;14.324031008000002;1.6238514173999998;;26;29.13397436;2.964516129;;17;37.47156863;8;3;34.61538462;11.53846154;7.69230769;7.69230769;23.07692308;15.38461538
2024-05;National;STRASBOURG;NANTES;335;57;0;;7;4.7;0.640350877;;0;0.0;-0.28625731;;0;0.0;0;0;0.0;0.0;0.0;0.0;0.0;0.0
2024-05;National;TOURCOING;BORDEAUX ST JEAN;298;30;0;;1;1.2;0.065555556;;2;57.41666667;2.226666667;;2;57.41666667;1;1;0.0;50.0;0.0;50.0;0.0;0.0
2024-05;International;PARIS LYON;ITALIE;502;18;0;;2;10.74166667;1.194444444;;0;0.0;0.0;;0;0.0;0;0;0.0;0.0;0.0;0.0;0.0;0.0
2024-05;National;LE CREUSOT MONTCEAU MONTCHANIN;PARIS LYON;79;258;0;;89;8.93670412;3.204457364;;37;19.16576577;2.910917313;;20;27.2075;4;1;8.33333333;25.0;13.88888889;8.33333333;16.666666669999998;27.77777778
2024-05;National;MARSEILLE ST CHARLES;LYON PART DIEU;105;485;1;;125;13.07946667;3.295341615;;95;30.4522807;8.003623188;;72;36.07199074;30;11;13.82978723;28.72340426;31.91489362;9.57446809;4.25531915;11.702127660000002
2024-05;National;MARSEILLE ST CHARLES;MARNE LA VALLEE;210;304;0;;48;12.26701389;1.653947368;;56;32.28184524;8.213048246;;56;32.28184524;18;4;12.5;26.78571429;26.78571429;10.71428571;12.5;10.71428571
2024-05;National;SAINT ETIENNE CHATEAUCREUX;PARIS LYON;167;119;0;;11;2.184848485;0.543137255;;14;24.50357143;4.778851540600001;;10;29.075;3;1;14.28571429;57.14285714;0.0;7.14285714;14.28571429;7.14285714
2024-05;National;METZ;PARIS EST;87;309;1;;90;8.067777778;2.410714286;;40;18.70875;3.245833333;;13;37.81923077;5;2;7.5;15.0;47.5;5.0;17.5;7.5
2024-05;International;GENEVE;PARIS LYON;195;241;0;;179;3.004469274;2.411410788;;20;44.11583333;4.85131397;;20;44.11583333;7;5;15.0;45.0;25.0;15.0;0.0;0.0
2024-05;National;PARIS LYON;CHAMBERY CHALLES LES EAUX;170;191;1;;20;13.9375;1.274385965;;23;33.92971015;5.870614035;;14;47.83571429;9;3;17.39130435;39.13043478;26.08695652;17.39130435;0.0;0.0
2024-05;National;QUIMPER;PARIS MONTPARNASSE;235;268;0;;16;8.48125;0.514015152;;22;32.40909091;3.313573232;;22;32.40909091;7;2;22.72727273;40.90909091;4.5454545500000005;13.63636364;9.09090909;9.09090909
2024-05;National;PARIS LYON;GRENOBLE;179;219;0;;17;12.24019608;0.723287671;;34;28.66176471;5.621004566;;22;37.15909091;12;1;24.24242424;27.27272727;21.21212121;6.0606060600000005;12.12121212;9.09090909
2024-05;National;PARIS LYON;LYON PART DIEU;119;715;1;;67;14.29925373;1.12184874;;37;32.8445946;1.786344538;;32;35.9625;19;1;18.91891892;13.51351351;16.21621622;18.91891892;16.21621622;16.21621622
2024-05;National;PARIS MONTPARNASSE;LE MANS;62;411;1;;38;23.97105263;1.858048781;;37;28.7536036;2.186097561;;16;54.296875;11;4;8.57142857;14.28571429;25.71428571;37.14285714;5.71428571;8.57142857
2024-05;National;PARIS MONTPARNASSE;POITIERS;99;587;0;;51;16.77026144;1.025865985;;57;22.563157895000003;3.008177172;;27;34.67222222;10;3;7.27272727;16.36363636;23.636363640000003;23.636363640000003;12.72727273;16.36363636
2024-05;International;PARIS EST;FRANCFORT;235;162;6;;19;7.916666667;0.841559829;;35;35.84095238;11.56228633;;35;35.84095238;15;5;12.12121212;36.36363636;33.333333329999995;9.09090909;3.03030303;6.0606060600000005
2024-05;National;LILLE;LYON PART DIEU;182;385;0;;214;7.939797507785047;4.453506493491688;;67;27.21218522878972;6.929956709996104;;47;33.23687943293617;16;4;11.940298507462686;13.432835821044776;20.89552239;31.34328358194029;16.417910447761194;5.970149253731343
2024-05;National;REIMS;PARIS EST;46;239;0;;42;7.857539683;1.479218968;;17;22.04019608;2.455090656;;6;47.50555556;3;1;6.25;18.75;43.75;0.0;25.0;6.25
2024-05;National;NICE VILLE;PARIS LYON;343;239;0;;24;19.26527778;1.786610879;;42;43.63333333;9.872105997;;42;43.63333333;23;9;16.666666669999998;40.47619048;16.666666669999998;9.52380952;11.9047619;4.76190476
2024-05;National;PARIS LYON;LE CREUSOT MONTCEAU MONTCHANIN;77;228;0;;22;13.39469697;1.115350877;;24;21.07152778;3.436476608;;10;36.74;7;1;8.33333333;12.5;20.83333333;29.16666667;16.666666669999998;12.5
2024-05;National;MARSEILLE ST CHARLES;PARIS LYON;195;561;0;;135;15.00197531;3.422252091;;91;42.96428571;8.772520908;;91;42.96428571;41;17;19.78021978;36.26373626;15.38461538;12.08791209;3.2967033;13.18681319
2024-05;National;PARIS LYON;MONTPELLIER;212;232;0;;26;11.69102564;1.03987069;;27;33.79691358;5.373922414;;27;33.79691358;12;2;7.407407409999999;22.22222222;18.51851852;25.92592593;7.407407409999999;18.51851852
2024-05;National;PARIS NORD;DOUAI;71;135;5;;8;22.34791667;1.013076923;;13;20.53846154;3.151666667;;4;47.54583333;2;1;0.0;0.0;46.15384615;7.69230769;38.46153846;7.69230769
2024-05;National;PARIS NORD;LILLE;67;659;9;;46;12.41123188391304;0.4985384615056923;;49;20.675579709782607;1.8975384615398465;;19;35.228070175421045;7;2;4.08163265;16.326530615714287;28.57142856714286;14.285714282857144;14.285714284285714;22.44897959
2024-05;National;DIJON VILLE;PARIS LYON;98;426;0;;138;8.983937198;2.9959119496999995;;32;38.43958333;3.532861635;;25;45.43466667;11;7;34.375;28.125;21.875;6.25;3.125;6.25
2024-05;National;DOUAI;PARIS NORD;76;178;7;;64;3.469270833;1.518639053;;30;14.13777778;2.932642998;;6;33.50833333;2;1;6.896551720000001;24.13793103;51.724137930000005;13.793103449999997;3.4482758600000003;0.0
2024-05;National;PARIS MONTPARNASSE;ANGERS SAINT LAUD;95;544;0;;48;14.14444444;0.833946078;;31;27.20268817;1.86908701;;23;33.5173913;6;3;3.4482758600000003;24.13793103;20.68965517;27.5862069;6.896551720000001;17.24137931
2024-05;National;TOURS;PARIS MONTPARNASSE;79;185;0;;7;1.902380952;0.015585586;;19;17.50438597;2.181711712;;7;30.597619047999995;2;0;0.0;21.05263158;26.31578947;31.57894737;0.0;21.05263158
2024-05;National;LYON PART DIEU;LILLE;188;353;3;;274;13.710036496718978;9.948571428;;120;29.319738351346714;12.47728571;;107;31.050467289859814;40;8;9.166666667;26.66666666;35.000000003500006;11.666666664250002;5.000000004;12.5
2024-05;National;MARNE LA VALLEE;LYON PART DIEU;106;420;0;;287;10.42305459;7.163849206;;83;26.15341366;7.006150794;;50;34.67433333;17;5;10.97560976;14.63414634;19.51219512;32.92682927;13.41463415;8.53658537
2024-05;National;MONTPELLIER;PARIS LYON;208;194;1;;52;10.88108974;2.926511226;;18;42.47685185;5.361139896;;18;42.47685185;11;2;22.222222220000003;44.444444440000005;11.11111111;5.55555556;5.55555556;11.11111111
2024-05;National;PARIS LYON;SAINT ETIENNE CHATEAUCREUX;171;119;1;;12;13.53888889;1.113983051;;11;22.48484849;6.106073446;;3;47.21666667;2;1;45.45454545;9.09090909;9.09090909;18.18181818;18.18181818;0.0
2024-05;National;LA ROCHELLE VILLE;PARIS MONTPARNASSE;174;215;1;;15;8.233333333;0.580841122;;14;27.70238095;2.886059190000001;;8;38.2875;4;2;7.14285714;71.42857143;7.14285714;7.14285714;7.14285714;0.0
2024-05;International;ZURICH;PARIS LYON;245;181;0;;57;1.568128655;0.98747698;;11;49.79848485;4.555985267;;11;49.79848485;4;3;60.0;30.0;10.0;0.0;0.0;0.0
2024-05;National;PARIS LYON;VALENCE ALIXAN TGV;133;411;0;;46;15.61231884;1.438442822;;40;31.42916667;4.183901054;;25;42.72066667;15;6;22.5;20.0;22.5;12.5;12.5;10.0
2024-05;International;PARIS LYON;LAUSANNE;230;184;1;;13;23.09230769;1.406010929;;15;36.00555556;3.518761384;;15;36.00555556;5;2;26.66666667;13.33333333;40.0;0.0;13.33333333;6.666666670000001
2024-05;National;PARIS LYON;NICE VILLE;341;234;0;;30;30.64388889;3.647435897;;54;52.32839506;13.96723647;;54;52.32839506;30;16;20.37037037;33.333333329999995;14.814814809999998;9.25925926;12.96296296;9.25925926
2024-05;National;PARIS LYON;TOULON;236;289;0;;35;29.48761905;3.277623991;;42;60.62619048;9.269607843;;42;60.62619048;28;17;23.80952381;30.95238095;14.28571429;11.9047619;11.9047619;7.14285714
2024-05;National;PARIS MONTPARNASSE;TOURS;81;182;0;;18;13.72777778;0.961080586;;17;20.11764706;2.137728938;;6;40.83055556;4;0;18.75;12.5;12.5;37.5;12.5;6.25
2024-05;National;PARIS MONTPARNASSE;ANGOULEME;131;221;0;;22;13.777272726999998;0.9521870287000002;;22;19.52651515;3.928959276;;7;34.84761905;4;1;10.0;25.0;25.0;25.0;10.0;5.0
2024-05;National;AVIGNON TGV;PARIS LYON;162;505;0;;260;10.19320513;5.265205843;;108;33.42808642;7.769721115500001;;79;40.80991561;30;13;12.96296296;37.96296296;21.2962963;11.11111111;4.62962963;12.03703704
2024-05;National;PARIS NORD;DUNKERQUE;129;193;5;;10;14.10166667;0.3601063829999999;;9;28.666666667000005;1.247340426;;7;33.28571429;2;1;0.0;22.222222220000003;11.11111111;22.222222220000003;22.222222220000003;22.222222220000003
2024-06;International;PARIS LYON;GENEVE;191;234;1;;43;17.62868217;2.438912733;;28;41.17619048;6.844921316;;28;41.17619048;13;3;7.14285714;28.57142857;14.28571429;17.85714286;21.42857143;10.71428571
2024-06;National;LE MANS;PARIS MONTPARNASSE;60;472;2;;207;10.95128825;4.924046076;;75;34.58688889;4.433549316;;43;52.19689923;25;6;16.21621622;33.78378378;14.86486486;9.45945946;12.16216216;13.51351351
2024-06;National;PARIS MONTPARNASSE;TOURS;81;184;1;;16;21.89375;1.5185792349999998;;15;24.59888889;2.379781421;;8;38.24583333;5;0;13.33333333;13.33333333;13.33333333;40.0;13.33333333;6.666666670000001
2024-06;National;MARSEILLE ST CHARLES;LILLE;286;213;0;;44;7.663257575745454;1.3535211267286384;;47;30.995592286545456;9.917449139;;47;33.57943262417021;21;4;8.510638299361702;21.276595747234044;34.04255318808511;12.765957450212763;8.510638299361702;14.893617024468083
2024-06;National;VALENCE ALIXAN TGV;PARIS LYON;133;403;1;;218;7.963302752;4.467004219;;72;27.81643519;5.957721519000001;;49;34.74489796;19;7;13.88888889;30.55555556;29.16666667;16.666666669999998;4.16666667;5.55555556
2024-06;National;LA ROCHELLE VILLE;PARIS MONTPARNASSE;174;214;0;;21;4.129365079;0.448831776;;32;21.95260417;4.012850467;;23;25.49637681;4;1;12.90322581;51.61290322999999;6.451612900000001;22.580645160000003;0.0;6.451612900000001
2024-06;National;LAVAL;PARIS MONTPARNASSE;83;284;1;;93;8.42562724;2.752120141;;38;23.61535088;2.959540636;;20;35.49;9;2;8.33333333;19.44444444;25.0;13.88888889;13.88888889;19.44444444
2024-06;National;LILLE;PARIS NORD;69;667;3;;161;9.431469979;2.117821285143373;;112;18.85383023;3.981224899567169;;32;40.15885417;14;7;11.60287081;13.49681021;31.7284689;23.165869220000005;13.337320571250002;6.668660288
2024-06;National;NANTES;PARIS MONTPARNASSE;134;647;3;;108;17.81666667;2.611041991;;73;37.96187215;4.393960601;;54;46.57901235;22;10;20.83333333;34.72222222;18.05555556;12.5;2.77777778;11.11111111
2024-06;National;PARIS EST;NANCY;99;294;0;;30;4.951666667;0.607142857;;17;20.61568628;1.575056689;;12;23.49722222;1;0;11.76470588;35.294117650000004;5.88235294;35.294117650000004;11.76470588;0.0
2024-06;National;PARIS LYON;BESANCON FRANCHE COMTE TGV;127;169;0;;25;14.55933333;2.082149901;;12;47.64166667;4.812130178;;9;58.42407407;7;2;25.0;8.33333333;8.33333333;25.0;25.0;8.33333333
2024-06;National;PARIS LYON;DIJON VILLE;95;408;1;;60;21.151666667000004;2.898198198;;35;41.69333333299999;4.483783784;;25;52.85933333;20;4;14.28571429;14.28571429;5.71428571;25.71428571;28.57142857;11.428571430000002
2024-06;National;RENNES;PARIS MONTPARNASSE;101;805;3;;273;9.515262515;3.242655015;;81;34.9537037;3.689450687;;53;46.57295598;29;10;17.28395062;35.80246914;16.04938272;16.04938272;8.64197531;6.17283951
2024-06;International;PARIS EST;FRANCFORT;230;160;3;;31;20.52956989;4.072717622;;29;40.99482759;10.77643312;;29;40.99482759;15;4;18.51851852;14.814814809999998;37.03703704;7.407407409999999;14.814814809999998;7.407407409999999
2024-06;National;PARIS LYON;ANNECY;225;153;0;;12;17.58888889;1.267429194;;19;43.05263158;6.924836601;;19;43.05263158;13;3;15.78947368;21.05263158;36.84210526;21.05263158;0.0;5.26315789
2024-06;International;PARIS LYON;ZURICH;245;148;1;;22;13.71742424;1.923129252;;22;37.15984849;6.894104308;;22;37.15984849;11;3;20.0;20.0;30.0;10.0;5.0;15.0
2024-06;National;PARIS EST;STRASBOURG;114;626;3;;67;17.05771144;1.835473515;;38;34.57587719;2.618726592;;27;43.69444444;14;4;13.15789474;13.15789474;15.78947368;28.947368420000004;21.05263158;7.894736839999999
2024-06;National;PARIS LYON;MULHOUSE VILLE;169;316;0;;49;15.57755102;2.181118144;;40;34.20416667;5.053533755;;28;43.01904762;18;5;17.5;27.500000000000004;10.0;17.5;12.5;15.0
2024-06;National;PARIS LYON;SAINT ETIENNE CHATEAUCREUX;171;115;0;;12;13.14305556;1.113768116;;13;33.83461539;5.48115942;;11;37.62727273;4;2;15.38461538;30.76923077;23.07692308;15.38461538;7.69230769;7.69230769
2024-06;National;REIMS;PARIS EST;46;237;0;;37;7.740090090099999;1.328410689;;31;16.14516129;3.164627286;;8;34.10625;4;0;3.57142857;25.0;35.71428571;21.42857143;14.28571429;0.0
2024-06;National;STRASBOURG;NANTES;336;55;0;;12;7.152777778;1.640909091;;5;34.89333333;3.447272727;;5;34.89333333;1;1;40.0;40.0;20.0;0.0;0.0;0.0
2024-06;National;TOURS;PARIS MONTPARNASSE;79;188;0;;21;4.565079365;0.526152482;;24;20.34097222;2.571099291;;11;31.39848485;4;0;16.666666669999998;29.16666667;41.666666670000005;8.33333333;0.0;4.16666667
2024-06;National;LYON PART DIEU;PARIS LYON;119;735;0;;283;7.122850412;2.8676870748000005;;72;32.06018519;4.404036281;;51;39.94575163;19;6;12.67605634;14.08450704;16.901408449999998;30.98591549;9.85915493;15.49295775
2024-06;National;MARSEILLE ST CHARLES;PARIS LYON;196;535;2;;143;12.32179487;3.115853659;;83;32.87610442;7.168073796;;83;32.87610442;36;7;8.433734939999999;31.3253012;26.5060241;20.481927710000004;4.819277110000001;8.433734939999999
2024-06;National;PARIS LYON;GRENOBLE;179;217;0;;14;23.08095238;1.303763441;;39;26.47435897;5.873271889;;26;33.53846154;12;2;10.25641026;33.333333329999995;38.46153846;15.38461538;0.0;2.56410256
2024-06;National;PARIS MONTPARNASSE;NANTES;135;608;3;;78;13.0207265;1.333333333;;37;40.19144144;2.656280992;;26;51.3948718;15;7;8.33333333;33.333333329999995;13.88888889;25.0;5.55555556;13.88888889
2024-06;National;PARIS MONTPARNASSE;TOULOUSE MATABIAU;278;214;0;;27;15.43148148;1.534657321;;15;36.48;0.624376947;;15;36.48;11;1;20.0;33.333333329999995;6.666666670000001;20.0;13.33333333;6.666666670000001
2024-06;National;PARIS MONTPARNASSE;VANNES;162;271;1;;47;17.37411348;2.663395062;;25;40.9;4.790740741;;19;49.78947368;12;5;12.0;16.0;8.0;36.0;12.0;16.0
2024-06;National;TOULON;PARIS LYON;239;284;0;;148;10.2481982;5.341138498;;61;35.89726776;9.214964789;;61;35.89726776;26;6;13.1147541;22.95081967;34.42622951;18.03278689;3.27868852;8.196721310000001
2024-06;National;TOULOUSE MATABIAU;PARIS MONTPARNASSE;279;215;0;;19;22.66842105;2.006666667;;33;36.79949495;5.97379845;;33;36.79949495;14;4;21.21212121;51.51515152;3.03030303;3.03030303;12.12121212;9.09090909
2024-06;National;LILLE;MARSEILLE ST CHARLES;296;242;0;;58;11.16436781615862;2.614183794990909;;45;40.04167127634483;9.667382932216944;;45;39.525185184933335;21;5;8.888888887111111;35.55555555666667;17.777777774666667;24.444444447555554;4.444444444;8.888888887555556
2024-06;National;MONTPELLIER;LYON PART DIEU;113;191;1;;44;14.03068182;3.290877193;;30;30.205;7.075877193;;21;37.23174603;6;4;13.33333333;20.0;43.33333333;13.33333333;3.33333333;6.666666670000001
2024-06;National;DUNKERQUE;PARIS NORD;132;161;3;;12;18.83472222;0.713481953;;28;30.40892857;7.132908705;;18;40.03055556;7;2;25.92592593;7.407407409999999;29.62962963;22.222222220000003;11.11111111;3.7037037
2024-06;National;LYON PART DIEU;MARSEILLE ST CHARLES;110;457;0;;271;12.77281673;7.742783883;;122;32.20464481;9.562967033;;80;41.98;47;10;10.6557377;27.86885246;27.04918033;18.85245902;3.27868852;12.29508197
2024-06;National;PARIS LYON;MONTPELLIER;211;282;2;;33;11.63484849;0.809940476;;38;30.80614035;6.319226191;;38;30.80614035;16;2;10.52631579;34.21052632;13.15789474;31.57894737;10.52631579;0.0
2024-06;National;PARIS MONTPARNASSE;BREST;238;268;2;;39;11.54230769;1.287593985;;21;37.76190476;3.877819549;;21;37.76190476;9;2;19.04761905;28.57142857;0.0;33.333333329999995;9.52380952;9.52380952
2024-06;National;PARIS MONTPARNASSE;ST PIERRE DES CORPS;69;525;1;;53;19.71949686;1.628148855;;45;28.13111111;2.981965649;;30;37.68555555599999;16;2;11.11111111;15.55555556;4.44444444;35.55555556;24.44444444;8.88888889
2024-06;National;POITIERS;PARIS MONTPARNASSE;100;477;0;;195;8.067264957;3.112893082;;90;19.09222222;3.930188679;;44;27.96477273;9;2;12.5;45.45454545;17.04545455;17.04545455;2.27272727;5.6818181800000005
2024-06;National;ANGERS SAINT LAUD;PARIS MONTPARNASSE;95;560;1;;171;9.47417154;3.026865223;;70;36.72761905;3.253098676;;50;46.39233333;20;8;20.28985507;31.88405797;20.28985507;13.04347826;2.89855072;11.5942029
2024-06;National;NIMES;PARIS LYON;180;227;0;;65;11.01923077;3.132892805;;34;31.91470588;5.49948605;;24;39.83888889;10;6;20.58823529;29.41176471;29.41176471;14.70588235;0.0;5.88235294
2024-06;National;PARIS LYON;AVIGNON TGV;162;475;4;;52;14.02884615;1.333333333;;69;25.80555556;4.934253362;;56;28.709821429000005;18;1;8.695652169999999;40.57971014;11.5942029;23.1884058;7.246376810000001;8.695652169999999
2024-06;National;PARIS LYON;BELLEGARDE (AIN);162;239;0;;43;17.62868217;2.979009763;;41;38.22235772;7.638912134;;32;45.30208333;13;4;10.000000000000002;25.0;12.5;25.0;15.0;12.5
2024-06;National;PERPIGNAN;PARIS LYON;318;230;0;;30;10.38;0.6754347825999999;;30;33.78555556;5.906376812;;30;33.78555556;11;4;20.0;33.333333329999995;30.0;10.0;0.0;6.666666670000001
2024-06;International;STUTTGART;PARIS EST;202;140;1;;78;9.017094017;4.626520681;;36;38.93888889;12.62518248;;36;38.93888889;12;5;5.55555556;22.222222220000003;19.44444444;22.222222220000003;13.88888889;16.666666669999998
2024-06;International;ZURICH;PARIS LYON;246;168;2;;37;1.981981982;0.972323232;;16;37.90625;6.000606061;;16;37.90625;6;2;25.0;56.25;0.0;6.25;6.25;6.25
2024-06;National;BELLEGARDE (AIN);PARIS LYON;161;244;1;;69;7.294444444;2.124691358;;19;32.31754386;3.642455418;;14;38.69166667;7;2;15.78947368;31.57894737;15.78947368;26.31578947;5.26315789;5.26315789
2024-06;National;PARIS LYON;NICE VILLE;342;223;0;;29;10.4954023;1.075411061;;39;39.08034188;9.045216741;;39;39.08034188;19;4;12.82051282;43.589743590000005;10.25641026;10.25641026;5.12820513;17.948717950000002
2024-06;National;PARIS MONTPARNASSE;ANGERS SAINT LAUD;96;529;2;;67;11.49054726;1.007621758;;42;24.78611111;2.282542695;;22;36.99924242;9;4;11.9047619;23.80952381;11.9047619;23.80952381;11.9047619;16.666666669999998
2024-06;National;PARIS MONTPARNASSE;RENNES;103;778;2;;118;16.63050848;2.131829897;;62;33.26801075;2.541752577;;46;40.02318841;21;10;6.451612900000001;20.96774194;8.064516130000001;38.70967742;14.51612903;11.29032258
2024-06;International;PARIS EST;STUTTGART;192;139;4;;9;27.15;1.9456790123000005;;21;38.27539683;9.484074074;;21;38.27539683;9;3;9.52380952;14.28571429;28.57142857;33.333333329999995;4.76190476;9.52380952
2024-06;International;BARCELONA;PARIS LYON;414;70;0;;0;0.0;0.0;;11;0.0;7.189761905;;11;31.907575758000004;5;1;18.18181818;45.45454545;9.09090909;18.18181818;0.0;9.09090909
2024-06;International;PARIS LYON;LAUSANNE;230;163;3;;24;29.42986111;3.792916666700001;;13;29.741025641000004;3.295833333;;13;29.74102564;4;0;7.69230769;38.46153846;0.0;15.38461538;23.07692308;15.38461538
2024-06;National;BORDEAUX ST JEAN;PARIS MONTPARNASSE;142;1056;2;;239;14.10264993;3.030534472;;125;32.9804;4.550490196;;97;38.75635739;36;12;16.0;45.6;8.799999999999999;11.2;10.4;8.0
2024-06;National;MARSEILLE ST CHARLES;LYON PART DIEU;105;454;1;;133;10.37243108;2.893377483;;85;28.02509804;7.406033848;;57;35.14707602;23;7;12.941176469999998;40.0;25.88235294;9.41176471;3.52941176;8.23529412
2024-06;National;PARIS LYON;CHAMBERY CHALLES LES EAUX;170;179;0;;12;17.57638889;1.077560521;;37;23.87117117;6.757169459999999;;21;32.11904762;10;0;8.10810811;24.32432432;45.94594595;16.21621622;0.0;5.40540541
2024-06;National;PARIS NORD;ARRAS;49;495;11;;41;17.05284553;1.117011019;;60;20.65861111;3.756646006;;33;30.25707071;15;0;5.0;13.33333333;31.66666667;20.0;23.33333333;6.666666670000001
2024-06;National;AIX EN PROVENCE TGV;PARIS LYON;185;473;2;;304;7.395339912;4.863340411;;71;32.88262911;6.633368719;;68;33.82254902;27;6;8.45070423;33.8028169;25.35211268;19.71830986;4.225352109999999;8.45070423
2024-06;National;ARRAS;PARIS NORD;51;492;7;;261;8.566347382;4.673215523;;125;19.67213333;5.818988219;;41;40.28861789;17;5;16.10169492;15.25423729;41.52542373;19.49152542;5.93220339;1.6949152499999998
2024-06;National;BREST;PARIS MONTPARNASSE;232;280;1;;18;7.734259259;0.521445639;;19;53.78421053;4.034468339;;19;53.78421053;9;6;36.84210526;31.57894737;10.52631579;21.05263158;0.0;0.0
2024-06;National;GRENOBLE;PARIS LYON;179;202;0;;13;14.13461539;0.932838284;;63;32.63571429;12.43473597;;47;39.19078014;23;6;34.92063492;36.50793651;19.04761905;9.52380952;0.0;0.0
2024-06;National;PARIS LYON;NIMES;180;265;0;;29;9.177586207;0.727106918;;42;27.24563492;7.032327044;;35;29.81285714;11;2;7.14285714;33.333333329999995;19.04761905;35.71428571;4.76190476;0.0
2024-06;National;PARIS MONTPARNASSE;LAVAL;83;310;1;;35;18.48142857;1.655393743;;21;33.0468254;2.615048544;;12;49.26944444400001;5;4;16.666666669999998;22.222222220000003;16.666666669999998;38.88888889;5.555555559999999;0.0
2024-06;International;PARIS LYON;BARCELONA;409;70;0;;8;10.03958333;0.878095238;;0;0.0;0.0;;0;0.0;0;0;0.0;0.0;0.0;0.0;0.0;0.0
2024-06;National;LILLE;LYON PART DIEU;182;375;0;;182;12.83763736276923;6.312577534809334;;106;34.119645550956044;11.684758497832002;;84;39.49146825366667;44;11;5.660377357358491;10.37735849490566;25.471698117735848;34.905660380188685;12.26415094773585;11.320754721320757
2024-06;National;PARIS LYON;LYON PART DIEU;119;694;0;;57;17.22280702;1.172478386;;58;34.94339081;3.3113592699000005;;46;40.63007246;26;6;8.62068966;24.13793103;20.68965517;27.5862069;12.06896552;6.896551720000001
2024-06;National;PARIS MONTPARNASSE;POITIERS;99;576;0;;80;17.40208333;2.033101852;;62;29.89435484;3.936400463;;40;40.03291667;21;5;8.196721310000001;21.31147541;6.55737705;29.50819672;24.59016393;9.83606557
2024-06;International;GENEVE;PARIS LYON;195;234;1;;142;3.430164319;2.333764368;;13;40.32307692;3.401005747;;13;40.32307692;7;2;15.38461538;23.07692308;15.38461538;30.76923077;7.69230769;7.69230769
2024-06;National;LYON PART DIEU;MARNE LA VALLEE;107;362;4;;258;12.66136951;9.212150838;;108;27.08040124;9.179702048;;69;35.0031401;26;8;12.26415094;22.64150943;26.41509434;18.86792453;7.54716981;12.26415094
2024-06;National;PARIS NORD;DUNKERQUE;129;184;5;;14;17.44166667;0.98603352;;17;34.97058824;3.416201117;;16;36.34375;8;1;17.64705882;29.41176471;11.76470588;17.64705882;17.64705882;5.88235294
2024-06;National;BORDEAUX ST JEAN;TOURCOING;321;30;4;;5;35.54333333;6.570512821;;5;49.2;9.076923077;;5;49.2;3;2;0.0;20.0;20.0;20.0;20.0;20.0
2024-06;National;METZ;PARIS EST;87;311;0;;93;11.06827957;3.321489818;;56;23.83095238;4.734994641;;24;41.35416667;10;7;7.14285714;10.71428571;35.71428571;19.64285714;25.0;1.78571429
2024-06;National;PARIS LYON;MARSEILLE ST CHARLES;197;578;4;;61;12.90245902;1.1235482;;73;32.75958904;6.188240418;;73;32.75958904;25;6;9.5890411;38.35616438;16.43835616;15.06849315;9.5890411;10.95890411
2024-06;National;PARIS MONTPARNASSE;ANGOULEME;131;255;1;;40;19.03875;2.603215223;;31;33.62311828;5.120931759;;22;42.47348485;15;2;9.67741935;16.129032260000002;6.451612900000001;25.80645161;22.58064516;19.35483871
2024-06;National;MULHOUSE VILLE;PARIS LYON;170;320;2;;168;5.529662698;2.95351153;;34;31.59803922;4.38081761;;23;40.35;11;4;17.64705882;47.05882353;17.64705882;2.94117647;8.82352941;5.88235294
2024-06;National;DOUAI;PARIS NORD;76;178;2;;76;6.225877193;2.936512524;;50;20.07933333;6.186127168;;18;39.78240741;8;2;18.75;14.58333333;47.916666670000005;12.5;4.16666667;2.08333333
2024-06;National;PARIS EST;REIMS;46;229;0;;19;9.906140351;0.925545852;;23;22.73913044;2.726710335;;7;49.46904762;4;1;9.090909089999998;22.72727273;27.27272727;22.72727273;9.090909089999998;9.090909089999998
2024-06;National;PARIS LYON;LE CREUSOT MONTCEAU MONTCHANIN;77;217;0;;24;15.36944444;1.482949309;;33;21.7530303;5.053072197;;14;39.38690476200001;8;2;12.12121212;18.18181818;24.24242424;30.3030303;9.09090909;6.06060606
2024-06;National;PARIS MONTPARNASSE;LE MANS;62;445;3;;55;18.89363636;1.7458144795999997;;33;39.04141414;2.445286576;;23;51.09927536;15;6;10.0;26.66666667;13.33333333;43.33333333;6.666666670000001;0.0
2024-06;National;PARIS NORD;LILLE;67;653;8;;53;14.909748427735847;0.8262532299944186;;79;20.75201257903773;3.2096640827125578;;35;34.12;15;4;6.576598506455696;11.85086010772152;25.0;26.31856540189873;11.842745862784811;18.41123012113924
2024-06;National;ST MALO;PARIS MONTPARNASSE;153;95;0;;3;3.061111111;-0.085263158;;10;29.77166667;4.171052632;;5;45.61333333;3;1;0.0;30.0;30.0;20.0;0.0;20.0
2024-06;National;TOURCOING;BORDEAUX ST JEAN;304;30;0;;1;1.133333333;0.054166667;;4;39.87916667;3.023809524;;4;39.87916667;3;1;25.0;25.0;25.0;0.0;0.0;25.0
2024-06;National;MARSEILLE ST CHARLES;TOURCOING;295;28;1;;4;11.0875;0.168518519;;5;42.3;8.592592593;;5;42.3;3;1;60.0;40.0;0.0;0.0;0.0;0.0
2024-06;National;NANCY;PARIS EST;96;289;0;;68;10.94705882;2.668454441;;32;29.6109375;4.420876586;;23;37.34710145;6;1;0.0;37.5;25.0;25.0;6.25;6.25
2024-06;National;NICE VILLE;PARIS LYON;344;226;0;;20;20.79166667;1.661946903;;54;36.85401235;9.954277286100002;;54;36.85401235;24;5;11.11111111;24.07407407;31.48148148;20.37037037;3.7037037;9.25925926
2024-06;National;AVIGNON TGV;PARIS LYON;162;488;2;;276;7.421376812;4.213670799;;89;25.65805243;5.881783747;;59;31.86101695;28;4;8.98876404;32.58426966;31.460674160000003;14.60674157;3.37078652;8.98876404
2024-06;National;CHAMBERY CHALLES LES EAUX;PARIS LYON;172;187;0;;71;8.037793427;2.94981982;;48;29.47291667;7.842702703;;37;34.08918919;11;2;14.58333333;39.58333333;25.0;12.5;0.0;8.33333333
2024-06;International;FRANCFORT;PARIS EST;231;152;5;;91;7.254761905;4.638013699;;38;41.42368421;12.99554795;;38;41.42368421;19;6;13.15789474;7.894736839999999;39.47368421;21.05263158;10.52631579;7.894736839999999
2024-06;National;MACON LOCHE;PARIS LYON;93;222;0;;109;14.25412844;7.0125;;51;29.92647059;8.07469697;;39;34.88461539;12;3;13.7254902;41.17647059;23.52941176;11.76470588;0.0;9.80392157
2024-06;National;MARSEILLE ST CHARLES;MARNE LA VALLEE;209;284;3;;53;8.79245283;1.300474496;;45;31.267037037000005;7.575385528;;45;31.26703704;14;3;13.33333333;31.11111111;22.22222222;11.11111111;11.11111111;11.11111111
2024-06;National;PARIS LYON;VALENCE ALIXAN TGV;133;429;1;;52;10.95032051;1.07885514;;72;25.85555556;5.827842679;;48;32.22118056;18;4;5.55555556;43.05555556;11.11111111;29.16666667;6.94444444;4.16666667
2024-06;National;PARIS LYON;AIX EN PROVENCE TGV;184;492;4;;59;13.07570622;1.354098361;;61;28.349453552000003;5.218237705;;58;29.16522989;17;1;9.83606557;36.06557377;11.47540984;22.95081967;8.196721310000001;11.47540984
2024-06;National;MARNE LA VALLEE;MARSEILLE ST CHARLES;213;282;0;;167;8.259081836;4.951359338;;52;39.27083333;9.422222222;;52;39.27083333;26;6;7.69230769;40.38461538;17.30769231;23.07692308;3.84615385;7.69230769
2024-06;National;ST PIERRE DES CORPS;PARIS MONTPARNASSE;66;526;0;;197;5.741032149;2.296577947;;77;19.41839827;2.645944233;;35;30.29714286;12;1;20.0;28.000000000000004;22.66666667;14.66666667;5.33333333;9.33333333
2024-06;National;QUIMPER;PARIS MONTPARNASSE;235;265;2;;16;13.58541667;0.871072797;;20;44.5175;3.122541507;;20;44.5175;13;2;30.0;25.0;5.0;15.0;20.0;5.0
2024-06;National;SAINT ETIENNE CHATEAUCREUX;PARIS LYON;168;115;0;;13;16.17435897;2.139855073;;12;34.15;5.814202899;;9;41.42222222;2;1;25.0;16.666666669999998;41.666666670000005;8.33333333;8.33333333;0.0
2024-06;National;ANNECY;PARIS LYON;226;157;0;;9;8.457407407;0.479936306;;27;33.86790124;8.07388535;;27;33.86790124;8;1;18.51851852;44.44444444;14.814814809999998;14.814814809999998;0.0;7.407407409999999
2024-06;National;BESANCON FRANCHE COMTE TGV;PARIS LYON;132;175;0;;41;6.718699187;1.334761905;;11;36.71969697;2.638952381;;8;45.09791667;6;2;18.18181818;54.54545455;0.0;0.0;18.18181818;9.09090909
2024-06;National;LE CREUSOT MONTCEAU MONTCHANIN;PARIS LYON;79;249;0;;88;7.900378787899999;2.916801075;;40;26.86791667;4.293145161;;18;47.69166667;7;4;10.25641026;10.25641026;25.64102564;17.948717950000002;10.25641026;25.64102564
2024-06;National;PARIS MONTPARNASSE;BORDEAUX ST JEAN;146;1015;1;;140;15.37428571;1.715253123;;88;30.168560606000003;3.496449704;;72;33.79398148;29;6;5.68181818;28.40909091;6.81818182;30.68181818;14.77272727;13.63636364
2024-06;National;PARIS MONTPARNASSE;QUIMPER;233;263;3;;46;17.66775362;2.262179487;;21;40.88095238;3.426923077;;21;40.88095238;12;4;20.0;10.0;10.0;40.0;5.0;15.0
2024-06;National;NANTES;STRASBOURG;312;55;0;;3;27.41111111;1.614545455;;6;55.025;7.185454545500001;;6;55.025;4;2;16.666666669999998;50.0;0.0;16.666666669999998;0.0;16.666666669999998
2024-06;National;PARIS NORD;DOUAI;71;135;2;;15;16.09333333;1.497493734;;25;23.48133333;5.462406015;;12;38.73333333;7;1;4.34782609;26.08695652;21.73913043;34.7826087;13.04347826;0.0
2024-06;National;DIJON VILLE;PARIS LYON;98;408;0;;170;7.597745098;3.264768977;;33;39.1949495;4.085643564;;25;47.554;12;6;21.21212121;39.39393939;12.12121212;6.06060606;15.15151515;6.06060606
2024-06;National;LYON PART DIEU;MONTPELLIER;116;248;0;;164;14.97022358;10.00766129;;69;36.13115942;10.77116936;;58;40.42385058;25;10;4.34782609;26.08695652;30.43478261;24.63768116;7.246376810000001;7.246376810000001
2024-06;National;LYON PART DIEU;RENNES;236;90;0;;42;4.59484127;2.284074074;;8;22.9;3.342037037;;8;22.9;1;0;25.0;12.5;25.0;25.0;12.5;0.0
2024-06;National;MONTPELLIER;PARIS LYON;209;227;0;;65;10.16589744;2.908516887;;24;39.83888889;5.49948605;;24;39.83888889;10;6;25.0;37.5;20.83333333;8.33333333;0.0;8.33333333
2024-06;National;PARIS EST;METZ;85;281;0;;41;12.66666667;1.864650059;;36;19.14444444;3.564234875;;11;41.80909091;6;4;0.0;8.82352941;26.47058824;35.294117650000004;23.529411759999995;5.882352939999999
2024-06;National;PARIS LYON;MACON LOCHE;93;215;0;;17;22.40784314;1.614108527;;26;29.08269231;6.329767442;;19;34.65263158;7;2;7.69230769;19.23076923;11.53846154;46.15384615;3.84615385;11.53846154
2024-06;National;PARIS LYON;PERPIGNAN;317;240;0;;27;9.977777778;0.855902778;;30;32.04722222;5.388611111;;30;32.04722222;10;2;16.666666669999998;40.0;20.0;16.666666669999998;6.666666670000001;0.0
2024-06;National;PARIS LYON;TOULON;236;279;0;;34;10.75637255;1.007945042;;41;40.35609756;6.843548387;;41;40.35609756;22;5;14.63414634;36.58536585;21.95121951;12.19512195;4.87804878;9.75609756
2024-06;National;PARIS MONTPARNASSE;LA ROCHELLE VILLE;181;218;0;;29;17.04597701;1.910397554;;16;41.09375;4.071100917;;13;47.73076923;6;3;12.5;0.0;0.0;37.5;25.0;25.0
2024-06;National;STRASBOURG;PARIS EST;116;603;3;;297;11.17760943;5.595019477;;116;27.66853448;6.071563717;;82;33.72296748;24;8;4.31034483;15.51724138;31.89655172;15.51724138;14.65517241;18.10344828
2024-06;National;VANNES;PARIS MONTPARNASSE;168;285;2;;143;6.509207459;3.390450771;;30;36.89222222;4.245136418;;22;45.49924242;15;2;23.33333333;36.66666667;10.0;10.0;16.666666669999998;3.33333333
2024-06;International;LAUSANNE;PARIS LYON;229;159;1;;76;3.487061404;2.001602564;;8;73.17708333;4.950106838;;8;73.17708333;5;3;37.5;25.0;25.0;0.0;12.5;0.0
2024-06;National;ANGOULEME;PARIS MONTPARNASSE;130;286;0;;188;7.182978723;4.76465721;;51;24.430392157000004;4.646394799;;33;30.73030303;10;3;14.000000000000002;34.0;16.0;18.0;8.0;10.0
2024-06;National;RENNES;LYON PART DIEU;236;91;0;;14;9.309523809499998;1.387362637;;10;33.01833333;4.487728938;;10;33.01833333;4;1;10.0;40.0;10.0;20.0;0.0;20.0
2024-06;National;LYON PART DIEU;LILLE;188;345;3;;254;12.754855642779134;9.538888888689474;;122;30.491597254133858;13.062573099805263;;92;36.170833333684776;46;10;5.834136932295082;15.002066400163931;42.50585480377049;11.668273864590164;9.154153460163934;15.83551452909836
2024-06;National;MARNE LA VALLEE;LYON PART DIEU;105;420;1;;286;13.12016317;9.011562998;;119;32.95196078;11.188277512000004;;92;38.59583333;48;11;5.042016810000001;11.76470588;26.890756300000003;35.294117650000004;10.92436975;10.08403361
2024-06;National;PARIS MONTPARNASSE;ST MALO;159;94;0;;9;22.67037037;1.875531915;;10;32.94666667;4.441843972;;8;37.81875;3;2;0.0;30.0;20.0;40.0;10.0;0.0
2024-07;National;PARIS LYON;ANNECY;226;135;3;;11;16.10757576;1.190782828;;17;56.97058823500001;9.208333333;;17;56.97058824;9;5;5.88235294;23.52941176;47.05882353;11.76470588;0.0;11.76470588
2024-07;National;PARIS LYON;MULHOUSE VILLE;168;328;8;;34;25.8877451;2.584739583;;44;55.95454546;8.23234375;;38;62.47807018;30;14;13.63636364;27.27272727;27.27272727;15.909090910000002;11.36363636;4.5454545500000005
2024-07;National;SAINT ETIENNE CHATEAUCREUX;PARIS LYON;168;111;3;;11;7.510606061;1.079127726;;13;21.37564103;3.251557632;;8;26.72291667;2;0;0.0;38.46153846;23.07692308;38.46153846;0.0;0.0
2024-07;National;MONTPELLIER;LYON PART DIEU;112;183;3;;40;30.72541667;6.854722222200001;;43;39.92906977;11.20212963;;25;58.56733333299999;14;6;9.30232558;6.976744190000001;37.20930232999999;13.95348837;13.95348837;18.60465116
2024-07;National;PARIS MONTPARNASSE;BORDEAUX ST JEAN;141;1068;20;;166;34.7309237;5.075842875;;142;70.23532864;9.8899014;;116;82.90962644;74;59;45.07042254;10.56338028;10.56338028;14.08450704;9.15492958;10.56338028
2024-07;National;PARIS MONTPARNASSE;ST MALO;153;124;3;;23;29.96811594;4.126584022;;17;65.1745098;10.46294766;;14;76.36547619;10;7;29.41176471;17.64705882;11.76470588;17.64705882;5.88235294;17.64705882
2024-07;National;MARSEILLE ST CHARLES;LYON PART DIEU;104;551;9;;189;26.94453263;9.314760148;;124;47.95376344100001;12.65925584;;92;59.87735507;54;35;28.22580645;10.48387097;22.58064516;10.48387097;9.67741935;18.5483871
2024-07;National;PARIS MONTPARNASSE;QUIMPER;229;290;9;;61;31.93770492;5.949762752;;38;70.57894737;9.859430605;;38;70.57894737;22;12;31.57894737;18.42105263;2.63157895;21.05263158;21.05263158;5.26315789
2024-07;National;TOULOUSE MATABIAU;PARIS MONTPARNASSE;274;220;5;;26;15.53974359;1.860358256;;46;50.71014492799999;12.08333333;;46;50.71014493;25;13;41.30434783;50.0;0.0;6.521739129999999;2.17391304;0.0
2024-07;National;NANTES;PARIS MONTPARNASSE;130;636;20;;170;14.885;3.798782468;;79;65.87953587;9.130357143;;64;78.35598958;47;24;44.15584416;15.58441558;19.48051948;7.79220779;6.493506490000001;6.493506490000001
2024-07;National;NICE VILLE;PARIS LYON;343;285;7;;32;22.97291667;2.483872902;;71;54.04882629;14.13758993;;71;54.04882629;51;24;32.3943662;33.8028169;16.901408449999998;9.85915493;4.225352109999999;2.81690141
2024-07;National;PARIS EST;REIMS;47;204;0;;15;7.405555556;0.610375817;;9;14.47777778;0.855964052;;2;24.66666667;0;0;11.11111111;11.11111111;11.11111111;22.222222220000003;0.0;44.444444440000005
2024-07;National;PARIS MONTPARNASSE;BREST;235;287;7;;46;37.5057971;5.649583333;;37;84.7027027;11.52321429;;37;84.7027027;26;15;40.54054054;16.21621622;8.10810811;13.51351351;16.21621622;5.40540541
2024-07;National;PARIS MONTPARNASSE;LA ROCHELLE VILLE;177;237;7;;37;33.73288288;5.062826087;;34;73.86764706;12.23043478;;31;79.72580645;19;13;38.23529412;11.76470588;17.64705882;14.70588235;2.94117647;14.70588235
2024-07;National;MARSEILLE ST CHARLES;TOURCOING;284;31;1;;10;18.39166667;5.870555556;;6;79.83333333;16.58333333;;6;79.83333333;6;3;50.0;33.333333329999995;0.0;0.0;0.0;16.666666669999998
2024-07;National;PARIS MONTPARNASSE;ANGERS SAINT LAUD;91;558;14;;96;29.98888889;4.851102941;;84;75.48809524;12.39941789;;64;95.37473958;45;31;40.0;17.5;15.0;7.5;7.5;12.5
2024-07;International;PARIS LYON;BARCELONA;411;88;2;;16;11.30729167;1.892248062;;11;64.09090909;9.255813954;;11;64.09090909;10;7;27.27272727;9.09090909;18.18181818;27.27272727;0.0;18.18181818
2024-07;National;PARIS LYON;NIMES;180;278;6;;49;20.62040816;3.494914216;;56;38.28660714;9.217034314;;36;52.12037037;22;13;16.07142857;10.71428571;16.07142857;28.57142857;8.92857143;19.64285714
2024-07;National;PARIS NORD;ARRAS;49;479;27;;42;24.69404762;2.002028024;;45;55.54962962999999;6.726179941;;32;74.13854167;28;21;68.29268293;0.0;12.19512195;14.63414634;4.87804878;0.0
2024-07;National;ANGERS SAINT LAUD;PARIS MONTPARNASSE;91;548;15;;166;13.8689759;4.418855535;;83;53.62349398;8.898186367;;55;75.96060606;41;20;35.80246914;18.51851852;23.45679012;9.87654321;4.9382716;7.407407409999999
2024-07;National;DOUAI;PARIS NORD;75;163;8;;44;5.738636364;1.960154525;;35;29.03761905;7.41214128;;13;60.63846154;7;6;24.24242424;12.12121212;36.36363636;15.15151515;6.0606060600000005;6.0606060600000005
2024-07;National;LE MANS;PARIS MONTPARNASSE;57;442;10;;187;12.15124777;5.296744186;;81;47.59547325;7.654844961;;49;72.05204082;37;18;37.66233766;20.77922078;14.28571429;11.68831169;9.09090909;6.493506490000001
2024-07;National;LILLE;MARSEILLE ST CHARLES;294;261;12;;82;16.995934959317076;5.5354569794261055;;75;67.64147001063414;21.76893635180321;;75;66.73599999965333;40;25;25.33333333;7.9999999962666655;21.33333333;13.333333334133332;3.999999998;28.0
2024-07;National;PARIS MONTPARNASSE;POITIERS;92;640;20;;83;36.42269076;4.024758065;;81;65.33909465;8.696801075;;55;91.2430303;35;25;36.70886076;7.59493671;13.924050630000002;18.98734177;10.12658228;12.65822785
2024-07;National;ST MALO;PARIS MONTPARNASSE;151;126;2;;7;42.78333333300001;2.1284946237000004;;22;55.26742424;10.52016129;;17;67.7127451;10;7;36.36363636;18.18181818;18.18181818;18.18181818;4.5454545500000005;4.5454545500000005
2024-07;National;ANNECY;PARIS LYON;226;134;2;;8;8.25;0.493129771;;22;45.21742424;8.446564886;;22;45.21742424;9;5;0.0;36.36363636;31.818181820000003;22.72727273;9.09090909;0.0
2024-07;National;MARSEILLE ST CHARLES;PARIS LYON;195;559;15;;162;19.7712963;5.715955473;;80;49.204375;8.32541744;;80;49.204375;44;21;25.0;26.25;18.75;15.0;3.75;11.25
2024-07;National;PARIS LYON;BELLEGARDE (AIN);162;244;5;;36;20.44583333;2.832008368;;50;34.70266667;8.560460251;;37;41.65045045;21;6;6.0;46.0;14.000000000000002;20.0;10.0;4.0
2024-07;National;ST PIERRE DES CORPS;PARIS MONTPARNASSE;63;479;22;;180;9.24287037;3.764296134;;74;27.22815315;4.739824945;;31;53.08978495;22;10;19.35483871;12.90322581;35.48387097;8.064516130000001;14.51612903;9.67741935
2024-07;National;ARRAS;PARIS NORD;50;470;28;;218;6.656498470899999;3.320060332;;102;29.50310458;8.02168175;;38;62.11842105;24;18;28.28282828;9.09090909;37.37373737;14.14141414;7.07070707;4.04040404
2024-07;International;GENEVE;PARIS LYON;195;229;5;;129;3.294315246;2.151826484;;24;77.11458333;7.098706241;;24;77.11458333;16;5;8.33333333;37.5;33.333333329999995;16.666666669999998;4.16666667;0.0
2024-07;National;MARNE LA VALLEE;LYON PART DIEU;106;432;20;;295;24.78186441;17.74769418;;116;61.67643678;19.24619741;;89;76.47958802;51;36;24.13793103;13.79310345;18.96551724;26.72413793;7.75862069;8.62068966
2024-07;National;MULHOUSE VILLE;PARIS LYON;169;337;8;;148;6.88018018;3.140729483;;46;51.8615942;7.505015197599999;;36;62.62824074;26;16;10.86956522;34.7826087;30.43478261;21.73913043;0.0;2.17391304
2024-07;National;NIMES;PARIS LYON;179;234;3;;85;20.86313726;7.676419214;;38;77.47938597;9.897671033500002;;38;77.47938597;22;11;42.10526316;26.31578947;13.15789474;7.894736839999999;5.26315789;5.26315789
2024-07;National;PARIS MONTPARNASSE;ANGOULEME;127;298;9;;47;35.66702128;5.449019608;;41;74.86341463;11.38581315;;31;95.12903226;18;15;36.58536585;9.75609756;14.63414634;9.75609756;14.63414634;14.63414634
2024-07;National;GRENOBLE;PARIS LYON;179;173;3;;12;7.5;0.529411765;;18;48.02314815;6.098627451;;15;54.79777778;5;2;33.333333329999995;11.11111111;27.77777778;16.666666669999998;5.55555556;5.55555556
2024-07;National;MARSEILLE ST CHARLES;MARNE LA VALLEE;208;306;10;;61;29.0136612;5.738006757;;58;58.91781609;13.40540541;;58;58.91781609;31;25;22.4137931;22.4137931;18.96551724;20.68965517;10.34482759;5.172413790000001
2024-07;National;PARIS LYON;AIX EN PROVENCE TGV;182;503;10;;71;20.20352113;2.66413117;;65;40.73641026;7.094996619;;63;41.57671958;35;14;13.84615385;15.38461538;18.46153846;18.46153846;20.0;13.84615385
2024-07;National;REIMS;PARIS EST;46;206;0;;17;4.950980392;0.557686084;;10;11.81;1.111650485;;4;17.59583333;0;0;0.0;0.0;44.444444440000005;22.222222220000003;33.333333329999995;0.0
2024-07;National;PARIS LYON;TOULON;234;334;9;;33;18.87626263;1.6276410256000002;;50;49.53433333;8.323897436;;50;49.53433333299999;26;12;28.000000000000004;30.0;14.000000000000002;16.0;4.0;8.0
2024-07;National;PARIS EST;METZ;85;261;0;;29;17.04770115;1.963473819;;39;30.11196581;5.057854406;;27;39.29938272;11;5;12.82051282;30.76923077;10.25641026;12.82051282;20.51282051;12.82051282
2024-07;National;TOURCOING;BORDEAUX ST JEAN;304;31;1;;2;141.5;9.456111111;;5;187.01;29.11444444;;5;187.01;4;4;40.0;40.0;0.0;0.0;0.0;20.0
2024-07;International;PARIS LYON;GENEVE;191;224;6;;33;22.13131313;3.109021407;;36;34.56805556;7.918195719;;36;34.56805556;16;4;11.11111111;47.22222222;16.666666669999998;13.88888889;8.33333333;2.77777778
2024-07;International;PARIS LYON;ITALIE;502;26;0;;2;33.50833333;2.5053333333000003;;0;0.0;0.0;;0;0.0;0;0;0.0;0.0;0.0;0.0;0.0;0.0
2024-07;International;PARIS EST;FRANCFORT;247;146;5;;20;14.56916667;1.521040189;;15;29.92555556;3.797399527;;15;29.92555556;7;0;21.42857143;14.28571429;21.42857143;42.85714286;0.0;0.0
2024-07;National;BELLEGARDE (AIN);PARIS LYON;161;249;5;;71;12.32605634;3.604986339;;33;65.30707071;9.215573771;;27;76.7654321;19;7;9.09090909;39.39393939;27.27272727;18.18181818;6.06060606;0.0
2024-07;National;LILLE;PARIS NORD;70;723;25;;172;9.779263566010464;2.262254512;;113;35.249954158883725;6.447111378659025;;54;65.46975308622223;40;29;36.77516535814159;6.422458558053099;27.37744547;10.98936473761062;9.205787135044249;9.229778733
2024-07;International;BARCELONA;PARIS LYON;420;88;0;;24;11.83333333;3.181818182;;20;85.61;20.48238636;;20;85.61;14;8;55.00000000000001;20.0;20.0;5.0;0.0;0.0
2024-07;National;LYON PART DIEU;MARNE LA VALLEE;107;381;16;;269;18.85960347;13.95383562;;103;50.40906149;15.35840183;;72;66.55162037;45;31;14.5631068;13.59223301;30.09708738;24.27184466;7.766990290000001;9.70873786
2024-07;National;PARIS MONTPARNASSE;NANTES;131;602;16;;102;29.1622549;4.620278726;;82;80.98313008;11.47121729;;66;97.50530303;44;32;42.68292683000001;20.73170732;9.75609756;7.31707317;6.097560979999999;13.41463415
2024-07;National;PARIS NORD;DOUAI;69;130;9;;11;24.83333333;1.681404959;;14;44.60119048;6.275068871;;8;71.0;6;5;46.15384615;0.0;23.07692308;23.07692308;0.0;7.69230769
2024-07;National;DUNKERQUE;PARIS NORD;130;154;10;;5;8.6;0.300699301;;23;36.20507246;7.763986014;;12;57.96666667;8;5;30.43478261;4.34782609;30.43478261;26.08695652;4.34782609;4.34782609
2024-07;National;PARIS MONTPARNASSE;LAVAL;78;311;8;;57;27.54239766;4.818866887;;55;45.88848485;8.939823982;;38;62.04473684;22;11;18.18181818;10.90909091;14.54545455;27.27272727;23.63636364;5.45454545
2024-07;National;PARIS MONTPARNASSE;VANNES;157;305;8;;65;31.894102564000004;6.614814815;;53;68.93396226;13.27777778;;44;80.45454546;30;17;32.0754717;15.09433962;5.66037736;22.64150943;20.75471698;3.77358491
2024-07;National;BORDEAUX ST JEAN;TOURCOING;321;31;1;;9;14.2962963;4.076111111;;7;68.14285714;17.06666667;;7;68.14285714;5;4;14.28571429;0.0;28.57142857;14.28571429;14.28571429;28.57142857
2024-07;National;MACON LOCHE;PARIS LYON;97;206;2;;144;16.58761574;12.04472362;;42;43.53611111;10.11892797;;37;47.50810811;17;10;0.0;35.71428571;30.95238095;19.04761905;11.9047619;2.38095238
2024-07;National;PARIS EST;NANCY;98;262;0;;24;8.986805556;0.926908397;;18;26.63888889;2.151399491;;12;33.38333333;5;1;5.55555556;22.222222220000003;16.666666669999998;16.666666669999998;16.666666669999998;22.222222220000003
2024-07;National;PARIS LYON;DIJON VILLE;95;417;9;;45;26.847407406999995;2.828104575;;45;54.56148148;6.173120915;;34;67.86176471;25;15;17.77777778;17.77777778;28.88888889;20.0;11.11111111;4.44444444
2024-07;National;MARNE LA VALLEE;MARSEILLE ST CHARLES;210;296;14;;179;23.70335196;15.05981088;;79;64.97953587;19.82659575;;79;64.97953587;42;25;24.050632910000004;8.86075949;20.25316456;15.18987342;5.0632911400000005;26.58227848
2024-07;National;NANCY;PARIS EST;97;261;0;;56;10.51636905;2.32311622;;19;39.22719298;3.892209451;;17;42.16078431;7;4;21.05263158;31.57894737;15.78947368;15.78947368;10.52631579;5.26315789
2024-07;National;ANGOULEME;PARIS MONTPARNASSE;124;322;7;;188;13.19521277;7.992204301;;62;55.61209677;11.6644086;;49;67.02210884;32;14;29.03225806;20.96774194;12.90322581;8.064516130000001;11.29032258;17.741935480000002
2024-07;National;METZ;PARIS EST;87;293;0;;85;11.84529412;3.482819635;;52;30.46602564;5.700627854;;30;45.57666667;18;5;19.23076923;19.23076923;26.92307692;13.46153846;13.46153846;7.69230769
2024-07;National;PARIS LYON;CHAMBERY CHALLES LES EAUX;171;174;3;;13;18.78461539;1.272417154;;34;45.15637255;10.76003899;;23;60.54565217;13;7;5.88235294;17.64705882;55.88235294;14.70588235;0.0;5.88235294
2024-07;National;PERPIGNAN;PARIS LYON;315;332;5;;66;32.97828283;6.499386503;;57;82.99005848;15.07597137;;57;82.99005848;34;20;47.36842105;21.05263158;21.05263158;3.50877193;5.26315789;1.75438596
2024-07;National;TOULON;PARIS LYON;238;352;9;;171;16.56890838;8.218957115;;79;52.81202532;12.56267057;;79;52.81202532;55;26;31.645569620000003;34.17721519;16.4556962;10.12658228;3.79746835;3.79746835
2024-07;National;PARIS LYON;LE CREUSOT MONTCEAU MONTCHANIN;80;218;4;;20;18.0;1.501557632;;24;27.86805556;3.3767133955999995;;14;41.60357143;9;3;4.16666667;25.0;12.5;29.16666667;25.0;4.16666667
2024-07;National;PARIS MONTPARNASSE;ST PIERRE DES CORPS;63;478;21;;53;38.48238994;3.282129832;;48;57.21666667;6.433479212;;27;94.15679012;22;13;28.260869570000004;10.86956522;23.91304348;23.91304348;8.695652169999999;4.34782609
2024-07;National;PARIS NORD;DUNKERQUE;129;165;12;;16;24.73541667;2.263596491;;20;50.0;6.171052632;;16;59.5;11;6;42.10526316;10.52631579;42.10526316;5.263157890000001;0.0;0.0
2024-07;National;PARIS LYON;MARSEILLE ST CHARLES;196;542;11;;73;21.41506849;2.691431262;;73;44.11164384;8.12435656;;73;44.11164384;37;18;15.06849315;15.06849315;16.43835616;16.43835616;19.17808219;17.808219180000002
2024-07;National;PARIS MONTPARNASSE;RENNES;98;847;20;;150;31.468888888999995;4.869830713;;121;61.24504132;8.877629988;;90;78.51592593;54;35;30.25210084;12.60504202;7.56302521;18.48739496;22.68907563;8.40336134
2024-07;National;BESANCON FRANCHE COMTE TGV;PARIS LYON;132;174;5;;31;10.475268816999998;1.592899408;;14;56.73333333;4.774556213;;10;74.47833333;8;6;14.28571429;28.57142857;28.57142857;28.57142857;0.0;0.0
2024-07;National;PARIS LYON;SAINT ETIENNE CHATEAUCREUX;172;111;4;;10;19.60833333;1.751557632;;11;34.55606061;4.968224299;;7;46.1952381;4;1;9.09090909;9.09090909;36.36363636;18.18181818;18.18181818;9.09090909
2024-07;National;PARIS NORD;LILLE;67;652;20;;67;16.559452735925372;1.478349156134177;;90;45.40836689580596;6.919013713107278;;55;67.65818181818182;46;34;51.06885246;0.0;22.22295082;10.432786888000004;10.4852459;5.790163935
2024-07;National;RENNES;PARIS MONTPARNASSE;99;828;20;;266;11.42330827;3.755865345;;130;51.14769231;8.504543577;;95;66.09561404;54;33;35.65891473;22.48062016;19.37984496;14.72868217;2.3255814;5.42635659
2024-07;National;BREST;PARIS MONTPARNASSE;230;287;7;;14;39.93928571;2.009617682;;30;67.16833333;7.935663082;;30;67.16833333;16;10;46.66666667;16.666666669999998;16.666666669999998;6.666666670000001;3.33333333;10.0
2024-07;National;LE CREUSOT MONTCEAU MONTCHANIN;PARIS LYON;81;250;5;;123;7.860840108;4.054713115;;34;22.11862745;2.655942623;;16;36.40104167;7;2;8.82352941;17.64705882;32.35294118;11.76470588;8.82352941;20.58823529
2024-07;National;STRASBOURG;PARIS EST;117;575;3;;290;12.01982759;6.099853544;;130;32.40051282;8.149179848;;91;40.5956044;47;11;21.53846154;19.23076923;20.0;16.15384615;11.53846154;11.53846154
2024-07;International;ITALIE;PARIS LYON;484;26;0;;17;4.254901961;2.905128205;;14;46.14047619;26.34294872;;14;46.14047619;7;4;0.0;28.57142857;35.71428571;14.28571429;21.42857143;0.0
2024-07;International;STUTTGART;PARIS EST;202;151;1;;124;7.934543011;5.937695749;;32;32.7421875;9.494966443;;32;32.7421875;13;3;12.5;28.125;18.75;6.25;15.625;18.75
2024-07;National;PARIS LYON;LYON PART DIEU;119;590;13;;49;15.868367346999998;1.139774697;;51;41.1879085;4.509532062;;37;51.56171171;19;10;11.76470588;23.52941176;31.37254902;13.7254902;15.68627451;3.92156863
2024-07;National;PARIS LYON;NICE VILLE;341;276;8;;24;15.22222222;1.061380597;;59;53.44378531;13.94589552;;59;53.44378531;33;20;27.11864407;40.6779661;10.16949153;8.47457627;3.38983051;10.16949153
2024-07;National;PARIS LYON;MONTPELLIER;210;282;6;;49;20.62040816;3.442149759;;47;50.36631205700001;10.53134058;;47;50.36631206;27;15;23.40425532;17.0212766;14.89361702;29.78723404;6.3829787200000005;8.5106383
2024-07;International;FRANCFORT;PARIS EST;250;148;5;;80;6.240625;3.666312057;;27;35.31111111;9.677895981;;27;35.31111111;12;1;18.51851852;22.22222222;29.62962963;22.22222222;3.7037037;3.7037037
2024-07;National;AVIGNON TGV;PARIS LYON;161;567;14;;276;13.48683575;6.687100663;;96;40.10850694;7.442616034;;74;48.00720721;42;20;20.83333333;29.16666667;17.708333330000002;16.666666669999998;4.16666667;11.45833333
2024-07;National;PARIS MONTPARNASSE;LE MANS;56;491;17;;76;36.10153509;3.33649789;;63;50.9526455;7.18850211;;39;76.26324786;27;18;30.0;11.66666667;11.66666667;28.33333333;10.0;8.33333333
2024-07;National;TOURS;PARIS MONTPARNASSE;75;155;8;;8;6.41875;0.340476191;;24;13.3875;2.644671202;;3;50.27222222;1;1;0.0;17.64705882;64.70588235;5.88235294;0.0;11.76470588
2024-07;National;VANNES;PARIS MONTPARNASSE;163;303;7;;131;7.472010178;3.341554054;;40;66.08833333;9.414414414;;35;73.51047619;23;14;52.5;20.0;15.0;10.0;0.0;2.5
2024-07;National;DIJON VILLE;PARIS LYON;98;419;10;;147;9.768480726;3.549344799;;47;45.0822695;5.401146601;;38;52.76447368;24;14;6.3829787200000005;31.91489362;27.65957447;27.65957447;4.25531915;2.12765957
2024-07;National;PARIS LYON;BESANCON FRANCHE COMTE TGV;127;161;2;;17;29.30098039;3.020649895;;18;53.02777778;6.753459119500001;;14;64.08571429;11;5;22.222222220000003;11.11111111;22.222222220000003;33.333333329999995;5.55555556;5.55555556
2024-07;National;PARIS LYON;PERPIGNAN;317;337;10;;50;19.39066667;2.528236493;;61;55.991530055000005;11.47737003;;61;55.99153006;32;20;26.66666667;20.0;20.0;23.33333333;6.666666670000001;3.33333333
2024-07;National;LAVAL;PARIS MONTPARNASSE;81;303;7;;97;11.40756014;3.671920904;;48;45.195138889000006;6.61920904;;31;64.83924731;20;13;36.17021276999999;17.0212766;6.3829787200000005;31.91489362;6.3829787200000005;2.12765957
2024-07;National;MARSEILLE ST CHARLES;LILLE;284;225;8;;44;30.460606060681823;5.778785277573732;;64;73.84443573695455;24.13255775417465;;64;73.33854166696875;33;28;25.0;14.0625;25.0;17.1875;9.375000005;9.375000003
2024-07;National;POITIERS;PARIS MONTPARNASSE;96;498;17;;199;15.45670017;6.268052668099999;;86;45.78992248;8.738392238;;49;72.90408163;28;17;26.744186050000003;17.44186047;18.60465116;8.139534880000001;6.976744190000001;22.09302326
2024-07;International;PARIS EST;STUTTGART;192;153;5;;32;13.43645833;2.834121622;;34;35.2745098;12.79617117;;34;35.2745098;18;3;17.64705882;11.76470588;29.41176471;26.47058824;8.82352941;5.88235294
2024-07;National;LYON PART DIEU;PARIS LYON;119;695;14;;269;6.283952912;2.59422418;;60;29.18611111;3.111527166;;45;34.41555556;20;2;5.0;20.0;16.666666669999998;28.33333333;8.33333333;21.66666667
2024-07;National;LYON PART DIEU;RENNES;236;93;3;;53;13.15534591;7.867222222;;21;115.1285714;27.73296296;;21;115.1285714;16;13;38.0952381;42.85714286;4.76190476;9.52380952;0.0;4.76190476
2024-07;National;NANTES;STRASBOURG;314;58;2;;13;17.11794872;3.929166667;;7;64.14285714;10.33809524;;7;64.14285714;6;3;42.85714286;28.57142857;14.28571429;0.0;0.0;14.28571429
2024-07;National;PARIS MONTPARNASSE;TOURS;76;149;9;;9;9.72037037;0.282976191;;9;20.4;1.510119048;;4;34.38333333;2;0;11.11111111;33.333333329999995;22.222222220000003;33.333333329999995;0.0;0.0
2024-07;International;PARIS LYON;ZURICH;257;61;3;;9;33.75740741;5.084195402;;7;59.5;8.793103448;;7;59.5;5;2;16.666666669999998;33.333333329999995;16.666666669999998;0.0;33.333333329999995;0.0
2024-07;National;AIX EN PROVENCE TGV;PARIS LYON;184;502;13;;281;11.98196916;6.986728395;;69;48.2794686;7.178909465;;69;48.2794686;35;17;26.08695652;26.08695652;15.94202899;17.39130435;4.34782609;10.14492754
2024-07;National;CHAMBERY CHALLES LES EAUX;PARIS LYON;174;173;2;;69;16.79396135;6.527290448299999;;40;44.95916667;11.5840156;;37;47.50810811;17;10;0.0;37.5;32.5;17.5;12.5;0.0
2024-07;National;LYON PART DIEU;MONTPELLIER;112;246;6;;141;21.88510638;12.94722222;;58;53.9362069;14.27381944;;48;62.18229167;23;15;25.862068970000003;22.4137931;24.13793103;8.62068966;3.4482758600000003;15.51724138
2024-07;National;MONTPELLIER;PARIS LYON;208;234;3;;51;30.21797386;6.701382824;;38;77.47938597;9.897671033500002;;38;77.47938597;22;11;42.10526316;26.31578947;13.15789474;7.894736839999999;5.26315789;5.26315789
2024-07;National;PARIS LYON;MACON LOCHE;96;200;3;;18;19.02685185;1.5491539763000002;;21;39.23571429;5.243993232;;20;40.64416667;7;6;9.52380952;23.80952381;28.57142857;23.80952381;4.76190476;9.52380952
2024-07;National;QUIMPER;PARIS MONTPARNASSE;232;286;7;;16;33.271875;1.93032491;;31;73.17311828;8.167569194;;31;73.17311828;20;12;58.06451613;19.35483871;9.67741935;9.67741935;0.0;3.2258064500000003
2024-07;International;LAUSANNE;PARIS LYON;232;97;3;;58;2.2373563218000005;1.560460993;;10;49.45166667;5.467553192;;10;49.45166667;5;4;0.0;40.0;20.0;20.0;10.0;10.0
2024-07;International;ZURICH;PARIS LYON;260;74;0;;32;3.3953125;1.806621005;;14;66.88690476;13.885388128000002;;14;66.88690476;11;6;14.28571429;14.28571429;28.57142857;35.71428571;0.0;7.14285714
2024-07;National;BORDEAUX ST JEAN;PARIS MONTPARNASSE;139;1100;23;;372;16.99919355;5.739399567;;210;50.46738095199999;10.67281028;;179;57.05856611;109;44;43.33333333;26.19047619;10.0;8.57142857;4.76190476;7.14285714
2024-07;National;LA ROCHELLE VILLE;PARIS MONTPARNASSE;171;227;6;;33;29.12777778;4.349396682;;30;73.2;10.81380091;;26;82.525;17;10;37.93103448;3.4482758600000003;13.793103449999997;17.24137931;6.896551720000001;20.68965517
2024-07;National;LILLE;LYON PART DIEU;183;398;18;;203;12.894006568568969;6.786570458415789;;95;67.57338711609852;19.07029852829816;;83;75.11867469848193;48;34;27.36842104915789;12.631578946526314;23.157894740105263;22.10526315315789;8.421052627789473;6.315789473263157
2024-07;National;PARIS EST;STRASBOURG;115;587;4;;87;20.5105364;2.946455117;;77;38.49242424;5.628216124;;64;43.48854167;36;11;31.16883117;10.38961039;2.5974026;29.87012987;15.58441558;10.38961039
2024-07;National;STRASBOURG;NANTES;336;57;1;;13;13.86794872;2.721428571;;5;85.07333333;7.621428571;;5;85.07333333;5;3;20.0;80.0;0.0;0.0;0.0;0.0
2024-07;National;LYON PART DIEU;LILLE;187;357;11;;266;19.109837092744364;14.243132018584973;;126;68.19869048;25.63191536320232;;107;73.86433021771028;61;49;23.015873012857146;10.317460314285714;28.57142857142857;18.253968253809525;7.142857142857142;12.698412695238096
2024-07;National;PARIS LYON;AVIGNON TGV;159;583;14;;76;20.06710526;2.423169303;;83;35.54718876;6.210574107;;64;42.06041667;32;16;8.433734939999999;19.27710843;20.481927710000004;21.68674699;16.867469879999998;13.25301205
2024-07;National;PARIS LYON;GRENOBLE;179;171;3;;20;30.833333332999995;3.418452381;;25;49.46;8.205357143;;22;54.29545454499999;15;5;24.0;36.0;24.0;8.0;4.0;4.0
2024-07;National;RENNES;LYON PART DIEU;236;97;4;;36;17.38472222;6.818996416;;19;98.43157895;21.5609319;;19;98.43157895;16;11;36.84210526;42.10526316;21.05263158;0.0;0.0;0.0
2024-07;National;PARIS LYON;VALENCE ALIXAN TGV;131;482;11;;60;18.62111111;2.11656051;;55;34.84363636;5.495258316;;40;42.82958333;19;10;7.27272727;16.36363636;25.45454545;27.27272727;10.90909091;12.72727273
2024-07;National;PARIS MONTPARNASSE;TOULOUSE MATABIAU;267;226;5;;39;34.52649573;4.213574661;;51;67.00751634;16.21749623;;51;67.00751634;36;22;43.1372549;17.64705882;15.68627451;13.7254902;5.88235294;3.92156863
2024-07;National;VALENCE ALIXAN TGV;PARIS LYON;132;459;6;;280;15.79196429;9.946076233;;79;64.77742616;9.90568012;;69;72.1557971;42;21;43.037974680000005;18.98734177;22.78481013;8.86075949;1.26582278;5.0632911400000005
2024-07;International;PARIS LYON;LAUSANNE;225;96;2;;8;43.875;3.531382979;;8;62.50416667;5.511524823;;8;62.50416667;6;2;25.0;25.0;25.0;12.5;0.0;12.5
2024-07;National;LYON PART DIEU;MARSEILLE ST CHARLES;104;576;15;;370;21.26995496;14.13508616;;187;47.03253119399999;17.39792038;;141;58.08593381;81;40;18.8172043;19.35483871;26.34408602;12.3655914;5.37634409;17.741935480000002
2024-08;National;ANGOULEME;PARIS MONTPARNASSE;124;324;0;;196;10.63596939;6.534384858000001;;47;50.13546099;6.806256572000001;;36;61.10231482;18;9;14.89361702;19.14893617;14.89361702;14.89361702;12.765957450000002;23.40425532
2024-08;National;MARSEILLE ST CHARLES;LYON PART DIEU;104;564;4;;176;16.62149621;4.365386905;;107;32.5376947;7.599851191;;81;38.83765432;29;14;14.01869159;14.953271030000002;28.971962620000003;20.56074766;10.28037383;11.21495327
2024-08;National;PARIS MONTPARNASSE;TOULOUSE MATABIAU;267;236;0;;20;27.44416667;1.761370057;;48;72.16770833;16.30861582;;48;72.16770833;30;15;33.333333329999995;35.416666670000005;8.33333333;12.5;2.08333333;8.33333333
2024-08;National;PERPIGNAN;PARIS LYON;315;349;2;;46;13.54057971;1.682324688;;36;43.54398148;5.410134486;;36;43.54398148;22;6;22.222222220000003;5.55555556;41.666666670000005;11.11111111;5.55555556;13.88888889
2024-08;National;STRASBOURG;PARIS EST;120;448;4;;150;8.949111111;3.066141141;;47;24.76453901;3.160998499;;29;32.11034483;13;2;8.5106383;10.63829787;29.78723404;17.0212766;10.63829787;23.40425532
2024-08;National;LYON PART DIEU;MONTPELLIER;112;252;1;;127;13.07335958;6.722509960199999;;57;30.28625731;7.662682603;;43;35.9375969;21;5;7.01754386;14.03508772;38.596491230000005;19.29824561;8.771929819999999;12.28070175
2024-08;National;RENNES;LYON PART DIEU;236;97;0;;34;4.823039216;1.832130584;;10;27.67;3.877491409;;10;27.670000000000005;2;0;30.0;20.0;10.0;0.0;0.0;40.0
2024-08;National;VALENCE ALIXAN TGV;PARIS LYON;133;472;2;;327;8.718654434;6.143794326;;57;31.7245614;4.418368794;;39;40.06068376;24;6;24.56140351;5.26315789;42.10526316;12.28070175;5.26315789;10.52631579
2024-08;National;LYON PART DIEU;RENNES;236;93;0;;49;6.765306122;3.779891304;;8;84.95833333300001;6.313043478;;8;84.95833333;5;3;25.0;25.0;12.5;25.0;0.0;12.5
2024-08;National;PARIS LYON;MONTPELLIER;209;282;0;;47;21.66489362;3.401300236;;34;38.11323529;6.028014184;;34;38.11323529;13;5;23.52941176;8.82352941;14.70588235;38.23529412;5.88235294;8.82352941
2024-08;National;PARIS LYON;NIMES;180;282;0;;47;21.66489362;3.401300236;;43;30.47015504;6.019030733;;32;36.58802083;11;5;11.62790698;11.62790698;16.27906977;44.18604650999999;4.65116279;11.62790698
2024-08;International;PARIS LYON;LAUSANNE;229;121;1;;11;12.50606061;0.987361111;;10;23.935;1.868194444;;10;23.935;0;0;0.0;40.0;20.0;20.0;20.0;0.0
2024-08;National;MARSEILLE ST CHARLES;PARIS LYON;195;552;1;;166;16.287751;4.741742562;;51;52.71241830100001;5.828324226;;50;53.51866667;35;16;15.68627451;15.68627451;31.37254902;19.60784314;5.88235294;11.76470588
2024-08;National;NANTES;PARIS MONTPARNASSE;129;638;1;;184;17.17146739;4.691313449;;79;47.8978903;7.093485086;;61;58.29371585;38;16;14.28571429;46.75324675;10.389610389999998;15.58441558;7.79220779;5.19480519
2024-08;National;PARIS LYON;DIJON VILLE;96;357;1;;37;18.94054054;1.8134831461000005;;17;43.69705882;2.503511236;;11;59.47878787900001;7;5;17.64705882;5.88235294;23.52941176;29.41176471;17.64705882;5.88235294
2024-08;National;AVIGNON TGV;PARIS LYON;161;570;4;;320;10.76515625;6.087056738;;79;34.22658228;4.832801418;;45;50.16851852;26;12;8.86075949;15.18987342;39.24050633;15.18987342;3.79746835;17.72151899
2024-08;National;LILLE;PARIS NORD;70;702;0;;130;5.781410256390769;0.8807727152698005;;42;16.051956876830772;1.311988924500285;;11;38.43030303027273;7;0;4.761904764285715;19.04761904619048;35.714285714285715;16.666666666190476;7.142857142857142;16.666666666190476
2024-08;National;MARSEILLE ST CHARLES;MARNE LA VALLEE;208;313;0;;58;13.43850575;2.24340836;;49;38.40816327;7.826741694;;49;38.40816327;15;8;16.32653061;8.163265309999998;34.69387755;22.44897959;14.28571429;4.08163265
2024-08;National;PARIS MONTPARNASSE;BREST;233;287;3;;27;19.40679012;0.855164319;;19;41.60526315800001;2.876760563;;19;41.60526316;8;3;15.78947368;21.05263158;21.05263158;26.31578947;5.26315789;10.52631579
2024-08;International;PARIS LYON;ITALIE;502;31;0;;2;1.575;0.131182796;;0;0.0;0.0;;0;0.0;0;0;0.0;0.0;0.0;0.0;0.0;0.0
2024-08;National;PARIS LYON;SAINT ETIENNE CHATEAUCREUX;171;120;2;;11;12.57575758;1.067655367;;12;34.92361111;4.708333333;;8;45.88541667;5;1;25.0;16.666666669999998;8.33333333;25.0;16.666666669999998;8.33333333
2024-08;National;PARIS MONTPARNASSE;BORDEAUX ST JEAN;140;1056;2;;108;19.06095679;1.452767236;;100;33.61766667;3.56827957;;76;40.39342105;38;14;10.0;16.0;7.000000000000001;25.0;19.0;23.0
2024-08;National;PARIS MONTPARNASSE;TOURS;74;136;0;;11;11.24090909;0.589460784;;6;23.50277778;1.628063726;;2;51.99166667;2;1;0.0;20.000000000000004;20.000000000000004;20.000000000000004;20.000000000000004;20.000000000000004
2024-08;National;REIMS;PARIS EST;46;192;0;;26;8.215384615;-1.055121528;;12;26.97638889;2.3546875;;7;38.66666667;3;1;8.33333333;33.333333329999995;25.0;16.666666669999998;8.33333333;8.33333333
2024-08;National;STRASBOURG;NANTES;336;58;0;;10;8.791666667;1.593103448;;1;32.25;0.442528736;;1;32.25;1;0;0.0;100.0;0.0;0.0;0.0;0.0
2024-08;International;BARCELONA;PARIS LYON;422;93;2;;20;2.55;0.373626374;;11;41.3;6.460439560399999;;11;41.3;7;2;18.18181818;0.0;54.54545455;18.18181818;0.0;9.09090909
2024-08;National;MACON LOCHE;PARIS LYON;97;205;0;;132;12.56792929;8.215181518;;30;31.69444444;5.089933993400001;;26;34.46538462;9;2;16.666666669999998;23.33333333;36.66666667;10.0;0.0;13.33333333
2024-08;National;MARSEILLE ST CHARLES;LILLE;285;231;1;;32;7.14375;0.6885710329573913;;43;33.06180556;8.886864672565217;;43;34.338372092720924;17;4;11.62790697627907;4.651162792325581;37.209302326279065;25.58139535325581;9.302325584651165;11.62790697627907
2024-08;National;MONTPELLIER;PARIS LYON;208;235;1;;68;11.00539216;3.284477826;;27;47.22839506;5.262374821;;27;47.22839506;15;8;22.22222222;7.407407409999999;29.62962963;14.814814809999998;11.11111111;14.814814809999998
2024-08;National;PARIS LYON;VALENCE ALIXAN TGV;132;515;1;;68;18.91397059;2.260927367;;50;28.35633333;4.042217899;;34;35.76960784;13;5;12.24489796;4.08163265;22.44897959;48.97959184;10.20408163;2.04081633
2024-08;National;PARIS MONTPARNASSE;LAVAL;77;303;2;;40;21.34708333;2.382890365;;42;25.21349206;4.008914729;;23;38.13695652;10;3;2.56410256;10.25641026;17.948717950000002;51.28205128;15.38461538;2.56410256
2024-08;National;PARIS MONTPARNASSE;ST MALO;151;127;0;;10;14.37166667;0.653937008;;12;50.30555556;5.545669291;;12;50.30555556;6;2;41.666666670000005;0.0;16.666666669999998;25.0;8.33333333;8.33333333
2024-08;National;PARIS NORD;DUNKERQUE;130;149;0;;16;11.346875;0.846756152;;9;27.55555556;1.446308725;;6;34.83333333;3;0;11.11111111;11.11111111;11.11111111;11.11111111;33.333333329999995;22.222222220000003
2024-08;National;PARIS NORD;LILLE;67;640;1;;34;11.03088235;0.2641888367292644;;34;17.03020833;0.898930621;;9;34.46111111077778;5;0;6.228373701;6.055363321;30.27681661117647;15.051903112941176;12.11072664235294;30.27681661117647
2024-08;National;POITIERS;PARIS MONTPARNASSE;95;498;0;;173;10.01175337;3.334274194;;82;28.55914634;5.70265457;;37;50.8027027;14;7;16.25;23.75;10.000000000000002;16.25;11.249999999999998;22.5
2024-08;National;PARIS EST;STRASBOURG;118;489;2;;53;10.32924528;1.122108145;;30;27.86111111;1.894147844;;22;32.88409091;4;2;6.666666670000001;6.666666670000001;16.666666669999998;56.66666667;3.33333333;10.0
2024-08;National;PARIS MONTPARNASSE;POITIERS;90;643;1;;68;15.43357843;1.213992731;;47;27.40106383;2.086292835;;27;39.81604938;10;6;8.695652169999999;19.565217390000004;4.34782609;19.565217390000004;30.43478261;17.39130435
2024-08;National;PARIS LYON;BELLEGARDE (AIN);162;252;1;;20;11.31083333;0.675763612;;25;27.22666667;3.869521912;;16;34.19479167;4;1;8.0;36.0;28.000000000000004;16.0;8.0;4.0
2024-08;International;PARIS LYON;ZURICH;259;108;1;;12;8.184722222;0.659657321;;3;22.99444444;1.964641745;;3;22.99444444;0;0;33.333333329999995;0.0;33.333333329999995;0.0;0.0;33.333333329999995
2024-08;International;FRANCFORT;PARIS EST;273;83;2;;22;8.834090909;2.167078189;;12;48.74444444;8.881687243;;12;48.74444444;7;1;16.666666669999998;0.0;33.333333329999995;41.666666670000005;8.33333333;0.0
2024-08;International;LAUSANNE;PARIS LYON;232;118;0;;75;3.052444444;2.196011396;;5;29.49;1.790740741;;5;29.49;1;0;60.0;0.0;20.0;20.0;0.0;0.0
2024-08;National;CHAMBERY CHALLES LES EAUX;PARIS LYON;173;173;0;;84;9.777777778;4.501647287;;28;32.25535714;5.150387597;;25;34.53933333;8;2;14.28571429;25.0;35.71428571;10.71428571;0.0;14.28571429
2024-08;National;MARSEILLE ST CHARLES;TOURCOING;284;31;0;;10;13.87166667;4.253763441;;5;34.6;5.290322581;;5;34.6;2;0;20.0;20.0;20.0;20.0;20.0;0.0
2024-08;National;PARIS LYON;AIX EN PROVENCE TGV;182;507;4;;64;23.99921875;2.749801193;;48;53.23576389;6.438734261;;47;54.051418440000006;23;14;12.5;10.41666667;22.91666667;37.5;8.33333333;8.33333333
2024-08;National;AIX EN PROVENCE TGV;PARIS LYON;184;494;3;;307;8.775895766;5.579795918;;41;40.96585366;3.944965986;;36;44.81898148;20;8;7.31707317;17.07317073;34.14634146;7.31707317;19.51219512;14.63414634
2024-08;National;DUNKERQUE;PARIS NORD;130;145;0;;7;6.142857143;0.296551724;;12;25.07361111;3.440114943;;6;36.73611111;3;0;16.666666669999998;50.0;16.666666669999998;8.33333333;0.0;8.33333333
2024-08;National;LA ROCHELLE VILLE;PARIS MONTPARNASSE;171;232;0;;25;14.44;1.55941092;;27;43.23765432;6.557974137899999;;22;50.06742424200001;8;3;14.814814809999998;18.51851852;7.407407409999999;14.814814809999998;22.22222222;22.22222222
2024-08;National;LAVAL;PARIS MONTPARNASSE;81;302;2;;84;10.06825397;2.719788183;;42;26.62142857;3.069230769;;22;41.74242424;10;2;26.82926829;31.70731707;17.07317073;12.19512195;9.756097560000002;2.4390243900000006
2024-08;National;METZ;PARIS EST;87;283;2;;74;5.85945946;1.56975089;;22;18.84772727;2.187307236;;10;29.6;3;0;4.76190476;9.52380952;38.0952381;23.80952381;4.76190476;19.04761905
2024-08;National;MULHOUSE VILLE;PARIS LYON;170;286;1;;121;5.080853995;2.185146199;;16;28.66458333;1.886725146;;16;28.66458333;4;1;31.25;12.5;37.5;18.75;0.0;0.0
2024-08;National;PARIS LYON;PERPIGNAN;317;356;0;;53;18.9745283;2.586048689;;42;39.58492064;5.356601124;;42;39.58492064;20;6;16.666666669999998;11.9047619;26.19047619;38.0952381;2.38095238;4.76190476
2024-08;International;PARIS LYON;GENEVE;191;227;1;;20;11.31083333;0.7678466077000001;;21;31.333333332999995;5.792035398;;21;31.33333333;7;1;4.76190476;42.85714286;19.04761905;23.80952381;4.76190476;4.76190476
2024-08;National;PARIS MONTPARNASSE;VANNES;155;313;2;;39;12.17094017;1.053001072;;34;31.67647059;4.286173633;;22;41.86363636;10;5;21.875;18.75;15.625;25.0;12.5;6.25
2024-08;National;PARIS LYON;CHAMBERY CHALLES LES EAUX;171;179;0;;12;17.02777778;0.93566108;;14;27.56904762;4.077746741;;9;35.00925926;4;1;50.0;14.28571429;7.14285714;14.28571429;14.28571429;0.0
2024-08;National;PARIS MONTPARNASSE;NANTES;129;611;0;;56;18.85952381;1.357064921;;50;31.39166667;2.50471904;;28;45.73035714;13;7;6.0;30.0;14.000000000000002;16.0;12.0;22.0
2024-08;National;PARIS MONTPARNASSE;RENNES;97;841;2;;86;13.76337209;0.889650377;;68;24.316421569000003;1.6205005959000005;;35;37.86333333;12;4;7.69230769;18.46153846;12.30769231;41.53846154;15.38461538;4.61538462
2024-08;National;SAINT ETIENNE CHATEAUCREUX;PARIS LYON;167;120;1;;11;3.383333333;0.6424501424999999;;5;23.983333333000004;1.532051282;;3;31.42777778;1;0;20.0;40.0;20.0;20.0;0.0;0.0
2024-08;National;BESANCON FRANCHE COMTE TGV;PARIS LYON;131;157;0;;31;7.439247312;1.22611465;;11;27.93939394;1.950212314;;8;33.77916667;2;1;18.18181818;18.18181818;18.18181818;36.36363636;0.0;9.09090909
2024-08;National;PARIS EST;METZ;85;253;1;;23;14.76304348;1.425595238;;27;22.75740741;2.96494709;;13;35.78846154;8;1;16.666666669999998;8.333333330000002;29.16666667;41.666666670000005;0.0;4.16666667
2024-08;National;PARIS MONTPARNASSE;ST PIERRE DES CORPS;61;456;1;;44;11.59015152;0.825641026;;40;17.24333333;2.113113553;;12;35.18611111;6;2;0.0;15.15151515;18.18181818;36.36363636;18.18181818;12.12121212
2024-08;National;PARIS NORD;DOUAI;68;124;0;;9;12.12962963;0.537231183;;11;18.23787879;2.380241936;;5;29.55333333;2;0;9.09090909;18.18181818;9.09090909;18.18181818;27.27272727;18.18181818
2024-08;International;GENEVE;PARIS LYON;196;227;1;;150;3.283;2.431703704;;5;44.88333333;1.609333333;;5;44.88333333;4;1;0.0;20.0;60.0;0.0;20.0;0.0
2024-08;International;PARIS EST;STUTTGART;224;131;1;;20;16.6475;2.555512821;;13;37.98846154;6.553717949;;13;37.98846154;8;1;7.69230769;0.0;30.76923077;38.46153846;7.69230769;15.38461538
2024-08;National;ANGERS SAINT LAUD;PARIS MONTPARNASSE;90;558;1;;189;17.16014109;5.971051051;;90;41.42185185;7.455135135;;56;60.46696429;35;16;12.04819277;50.602409640000005;13.25301205;14.45783133;6.02409639;3.61445783
2024-08;National;BORDEAUX ST JEAN;PARIS MONTPARNASSE;138;1092;1;;383;20.53581375;7.088252368;;195;48.52333333299999;9.912710052;;147;60.00283447;77;34;21.35416667;34.375;12.5;11.45833333;8.85416667;11.45833333
2024-08;National;PARIS LYON;AVIGNON TGV;159;613;3;;69;20.12681159;1.890628415;;65;34.45666667;4.940928962;;50;40.58966667;20;9;12.5;7.8125;28.125;28.125;12.5;10.9375
2024-08;International;ZURICH;PARIS LYON;254;116;0;;47;1.913120567;1.200589971;;9;31.09074074;2.80280236;;9;31.090740741000005;3;1;33.333333329999995;11.11111111;55.55555556;0.0;0.0;0.0
2024-08;National;DOUAI;PARIS NORD;76;163;0;;58;4.960344828;1.973045268;;17;20.43823529;2.463580247;;6;38.82222222;4;0;11.76470588;29.41176471;23.52941176;17.64705882;5.88235294;11.76470588
2024-08;National;ST PIERRE DES CORPS;PARIS MONTPARNASSE;62;451;1;;158;7.714240506300001;2.880925926;;76;18.63114035;4.030444444;;17;49.78235294;9;3;14.08450704;12.67605634;33.8028169;16.901408449999998;4.225352109999999;18.30985915
2024-08;National;NICE VILLE;PARIS LYON;342;293;6;;36;14.97592593;1.729518779;;53;50.84622642;9.202230047;;53;50.84622642;33;14;22.64150943;18.86792453;24.52830189;13.20754717;7.54716981;13.20754717
2024-08;National;PARIS LYON;TOULON;234;347;3;;54;21.95092593;3.026744186;;44;41.38522727;6.254021318;;44;41.38522727;21;8;25.0;6.81818182;15.909090910000002;27.27272727;11.36363636;13.63636364
2024-08;National;TOULON;PARIS LYON;238;361;7;;212;13.46312893;8.164142857;;55;51.93272727299999;8.185238095;;55;51.93272727;35;15;21.81818182;20.0;25.45454545;12.72727273;7.27272727;12.72727273
2024-08;International;STUTTGART;PARIS EST;225;130;0;;115;7.692898551;6.953125;;18;35.09722222;7.688802083;;18;35.09722222;7;1;11.11111111;16.666666669999998;22.222222220000003;16.666666669999998;5.55555556;27.77777778
2024-08;National;PARIS MONTPARNASSE;ANGERS SAINT LAUD;89;576;0;;51;19.31143791;1.325289352;;49;26.4585034;2.876475694;;22;44.50454546;9;5;6.25;22.91666667;22.91666667;16.666666669999998;10.41666667;20.83333333
2024-08;National;PARIS MONTPARNASSE;LE MANS;55;489;3;;54;17.4691358;1.544684499;;46;26.247463768000003;2.991152263;;24;41.03263889;10;4;6.976744190000001;18.604651160000003;13.95348837;41.86046512;11.62790698;6.976744190000001
2024-08;National;LYON PART DIEU;MARSEILLE ST CHARLES;104;601;3;;348;11.65761494;6.923087660499999;;129;33.74715762;8.810469012;;104;38.61394231;43;18;8.59375;9.375;32.03125;23.4375;4.6875;21.875
2024-08;National;VANNES;PARIS MONTPARNASSE;161;309;2;;167;5.740219561;3.136427796;;36;29.15740741;4.025298589;;23;38.5326087;11;3;31.42857143;25.71428571;5.71428571;17.14285714;8.57142857;11.428571429999998
2024-08;National;MARNE LA VALLEE;LYON PART DIEU;106;445;0;;304;10.81716009;7.392284644;;80;28.386875000000003;6.853970038;;60;33.19777778;27;4;3.75;15.0;36.25;21.25;12.5;11.25
2024-08;National;MONTPELLIER;LYON PART DIEU;112;194;0;;56;18.46994048;5.410535406;;42;45.31150794;10.97927461;;30;57.95611111;20;8;11.9047619;7.14285714;35.71428571;11.9047619;23.80952381;9.52380952
2024-08;National;PARIS LYON;MULHOUSE VILLE;174;298;1;;29;15.44022989;1.325533109;;18;34.15092593;2.457800225;;8;59.50208333;5;4;11.11111111;0.0;33.333333329999995;33.333333329999995;5.55555556;16.666666669999998
2024-08;National;PARIS LYON;GRENOBLE;179;157;0;;8;24.74583333;0.940127389;;19;40.44736842;5.815286624;;14;50.75;3;1;36.84210526;15.78947368;15.78947368;15.78947368;15.78947368;0.0
2024-08;National;PARIS NORD;ARRAS;49;455;0;;38;10.18333333;0.511684982;;33;14.529292929000002;1.982124542;;12;24.08055556;2;0;0.0;6.896551720000001;13.79310345;13.79310345;31.03448276;34.48275862
2024-08;National;ANNECY;PARIS LYON;226;132;0;;6;37.55277778;1.686742424;;17;38.65;5.696969697;;17;38.65;7;2;23.52941176;29.41176471;23.52941176;11.76470588;0.0;11.76470588
2024-08;International;PARIS LYON;BARCELONA;412;93;0;;16;25.07604167;4.07437276;;14;45.35714286;9.129032258;;14;45.35714286;10;2;14.28571429;7.14285714;35.71428571;42.85714286;0.0;0.0
2024-08;National;LE MANS;PARIS MONTPARNASSE;56;433;2;;175;16.02857143;6.581503115299999;;73;40.10753425;6.705218069;;41;64.04227642;25;12;23.1884058;30.43478261;18.84057971;17.39130435;1.44927536;8.695652169999999
2024-08;National;PARIS MONTPARNASSE;ANGOULEME;126;308;1;;37;20.56351351;2.031976113;;29;35.9816092;4.014386536;;18;50.09166667;10;5;17.24137931;24.13793103;3.4482758600000003;10.34482759;31.03448276;13.79310345
2024-08;National;GRENOBLE;PARIS LYON;179;160;0;;7;15.0;0.65625;;15;32.78111111;3.735520833;;13;35.73205128;9;1;40.0;26.66666667;20.0;0.0;0.0;13.33333333
2024-08;National;MARNE LA VALLEE;MARSEILLE ST CHARLES;211;314;0;;184;8.69067029;5.085084926;;47;36.73404255;7.084394905;;47;36.73404255;22;6;4.25531915;6.3829787200000005;31.91489362;23.40425532;6.3829787200000005;27.65957447
2024-08;National;PARIS EST;NANCY;97;243;0;;26;12.69038462;1.475171468;;13;33.9448718;2.9260631;;11;37.68636364;6;2;7.69230769;23.07692308;15.38461538;30.76923077;15.38461538;7.69230769
2024-08;National;PARIS LYON;ANNECY;226;134;0;;10;20.11833333;1.254850746;;11;32.13636364;3.600746269;;11;32.13636364;4;2;45.45454545;18.18181818;0.0;27.27272727;0.0;9.09090909
2024-08;National;RENNES;PARIS MONTPARNASSE;98;823;2;;255;10.0730719;3.117498985000001;;116;24.04137931;3.825253756;;61;36.43196721;24;4;30.47619048;27.61904762;11.42857143;16.19047619;4.76190476;9.52380952
2024-08;National;PARIS LYON;LE CREUSOT MONTCEAU MONTCHANIN;80;221;0;;16;17.37604167;1.134917044;;13;26.80512821;1.84653092;;6;42.91388889;4;1;0.0;15.38461538;15.38461538;30.76923077;23.07692308;15.38461538
2024-08;National;LILLE;MARSEILLE ST CHARLES;294;265;0;;68;10.009313725411763;2.401446540886415;;45;33.74168067235294;7.559433962;;45;35.15481481488889;20;5;4.444444446666667;6.666666665555556;31.111111112222225;24.44444444333333;6.666666668888889;26.66666666333333
2024-08;National;TOURS;PARIS MONTPARNASSE;74;141;1;;11;7.021212121;0.573214286;;26;11.30192308;3.35702381;;3;27.16111111;1;0;16.666666669999998;12.5;50.0;16.666666669999998;0.0;4.16666667
2024-08;National;BELLEGARDE (AIN);PARIS LYON;162;250;1;;90;7.126296296;2.621753681;;19;53.98508772;4.450066934;;9;98.77777778;8;5;15.78947368;21.05263158;36.84210526;0.0;10.52631579;15.78947368
2024-08;International;PARIS EST;FRANCFORT;273;98;3;;10;12.77666667;1.333333333;;6;38.29722222;-1.872105263;;6;38.29722222;3;0;0.0;0.0;50.0;16.666666669999998;16.666666669999998;16.666666669999998
2024-08;National;LE CREUSOT MONTCEAU MONTCHANIN;PARIS LYON;81;245;0;;121;9.139118457;4.627254098;;23;26.95144928;2.800956284;;10;50.54666667;6;2;13.04347826;4.34782609;21.73913043;21.73913043;8.695652169999999;30.43478261
2024-08;National;NANCY;PARIS EST;96;239;0;;42;8.734920635;1.584658299;;11;31.71363636;1.979637378;;9;36.39444444;4;0;9.09090909;18.18181818;9.09090909;36.36363636;9.09090909;18.18181818
2024-08;National;PARIS MONTPARNASSE;QUIMPER;228;291;3;;37;12.43963964;0.822164352;;21;40.5;2.894097222;;21;40.5;11;5;33.333333329999995;14.28571429;23.80952381;14.28571429;9.52380952;4.76190476
2024-08;National;TOULOUSE MATABIAU;PARIS MONTPARNASSE;274;220;0;;32;37.028125;5.375454546;;52;84.79102564;22.09939394;;52;84.79102564;33;17;32.69230769;30.76923077;5.76923077;7.69230769;17.30769231;5.76923077
2024-08;International;ITALIE;PARIS LYON;495;31;0;;22;28.48560606;20.32849462;;8;25.80416667;7.429569893;;8;25.80416667;1;0;0.0;25.0;37.5;12.5;0.0;25.0
2024-08;National;LILLE;LYON PART DIEU;183;398;0;;199;9.847403685;4.905688007001256;;63;30.757949469356785;7.086314701;;55;33.27636363618182;25;4;4.761904758571428;14.285714285714285;38.095238095238095;20.63492063809524;14.285714289047618;7.936507933333334
2024-08;National;PARIS LYON;NICE VILLE;341;292;4;;49;21.70442177;3.239641204;;61;66.9273224;16.41134259;;61;66.9273224;31;12;26.2295082;18.03278689;24.59016393;16.393442620000002;4.91803279;9.83606557
2024-08;National;LYON PART DIEU;MARNE LA VALLEE;107;388;1;;293;12.86951081;9.8082038;;107;27.45327103;8.300431779;;72;34.40833333;17;9;12.14953271;8.41121495;40.18691589000001;20.56074766;11.21495327;7.47663551
2024-08;National;LYON PART DIEU;PARIS LYON;119;633;1;;239;6.990237099;2.761524262;;36;34.68888889;2.482753165;;29;39.67643678;15;2;13.88888889;16.666666669999998;13.88888889;27.77777778;8.33333333;19.44444444
2024-08;National;NIMES;PARIS LYON;179;235;1;;97;10.90463918;4.510658083;;36;38.74398148;5.262374821;;27;47.22839506;15;8;25.0;5.55555556;30.55555556;13.88888889;13.88888889;11.11111111
2024-08;National;PARIS EST;REIMS;47;189;0;;18;17.28888889;1.742504409;;15;22.90111111;1.860229277;;9;29.88888889;4;0;0.0;13.33333333;20.0;33.333333329999995;20.0;13.33333333
2024-08;National;PARIS MONTPARNASSE;LA ROCHELLE VILLE;175;243;0;;34;15.142156863000002;1.716392318;;21;39.19047619;4.703703704;;16;47.625;8;5;0.0;30.0;10.0;35.0;10.0;15.0
2024-08;National;QUIMPER;PARIS MONTPARNASSE;231;290;2;;11;13.90909091;0.539779326;;21;35.61190476;3.727990709;;21;35.61190476;9;2;42.85714286;23.80952381;4.76190476;14.28571429;4.76190476;9.52380952
2024-08;National;ST MALO;PARIS MONTPARNASSE;150;138;0;;11;4.633333333;0.201570048;;14;28.43690476;3.799879227;;8;39.5375;5;0;35.71428571;35.71428571;14.28571429;0.0;0.0;14.28571429
2024-08;National;DIJON VILLE;PARIS LYON;98;344;1;;124;7.555107527;2.792225462;;23;28.11884058;2.098979592;;19;31.4377193;5;1;26.08695652;13.04347826;30.43478261;26.08695652;0.0;4.34782609
2024-08;National;LYON PART DIEU;LILLE;188;360;2;;289;12.64504036875294;10.092737430516202;;121;26.39160272817647;11.049953445190503;;79;33.642405063734174;28;7;11.570247930578512;5.785123962975207;40.49586777;23.96694214;9.090909089669422;9.090909089669422
2024-08;National;NANTES;STRASBOURG;315;59;0;;9;22.43703704;3.261581921;;5;39.54333333;5.943785311;;5;39.54333333;2;1;0.0;20.0;20.0;0.0;0.0;60.0
2024-08;National;PARIS LYON;LYON PART DIEU;120;564;1;;44;18.11515152;1.256642942;;26;43.93589744;2.305308422;;22;49.40530303;11;5;3.84615385;7.69230769;11.53846154;19.23076923;38.46153846;19.23076923
2024-08;National;BORDEAUX ST JEAN;TOURCOING;321;31;0;;11;11.96818182;4.311666667;;2;19.5;1.633333333;;2;19.5;0;0;0.0;0.0;0.0;0.0;50.0;50.0
2024-08;National;BREST;PARIS MONTPARNASSE;229;282;0;;13;5.765384615;0.278375149;;26;34.91602564;4.181541219;;26;34.91602564;9;2;38.46153846;26.92307692;7.69230769;19.23076923;3.84615385;3.84615385
2024-08;National;PARIS LYON;MACON LOCHE;96;200;0;;14;24.75119048;1.50975;;11;35.46666667;2.984166667;;10;37.535;4;1;18.18181818;0.0;0.0;27.27272727;36.36363636;18.18181818
2024-08;National;PARIS LYON;MARSEILLE ST CHARLES;196;534;2;;64;21.42708333;2.308458647;;48;46.20277778;5.717261905;;48;46.202777778000005;25;13;14.58333333;4.16666667;29.16666667;31.25;10.41666667;10.41666667
2024-08;National;ARRAS;PARIS NORD;50;455;0;;151;5.953532009;1.974449339;;52;16.79935897;2.428414097;;13;36.25641026;7;0;7.69230769;28.84615385;30.76923077;15.38461538;3.84615385;13.46153846
2024-08;National;PARIS LYON;BESANCON FRANCHE COMTE TGV;128;145;0;;14;24.66071429;2.261839081;;8;46.74375;3.892988506;;7;51.23333333;4;3;12.5;0.0;37.5;37.5;12.5;0.0
2024-08;National;TOURCOING;BORDEAUX ST JEAN;304;31;0;;1;24.0;0.8204301074999999;;0;0.0;-2.03172043;;0;0.0;0;0;0.0;0.0;0.0;0.0;0.0;0.0
2024-09;National;LA ROCHELLE VILLE;PARIS MONTPARNASSE;170;216;0;;11;17.18181818;0.169135803;;26;26.83525641;5.230324074;;18;32.84074074;7;2;15.38461538;26.92307692;26.92307692;19.23076923;0.0;11.53846154
2024-09;National;LYON PART DIEU;MARSEILLE ST CHARLES;105;493;0;;239;13.96004184;6.891920216;;105;33.80603175;8.581034483;;81;39.72613169;41;12;7.61904762;24.76190476;20.95238095;28.57142857;2.8571428600000006;15.23809524
2024-09;National;NICE VILLE;PARIS LYON;344;220;0;;29;33.24367816;4.328417819;;51;67.50555556;15.69516129;;51;67.50555556;37;18;31.37254902;11.76470588;23.52941176;17.64705882;7.84313725;7.84313725
2024-09;National;NIMES;PARIS LYON;179;198;4;;83;15.9437751;6.816148531999999;;33;61.43585858600001;10.32107081;;28;70.02380952;22;10;30.3030303;12.12121212;30.3030303;12.12121212;3.03030303;12.12121212
2024-09;National;PARIS MONTPARNASSE;RENNES;97;780;2;;96;19.67222222;1.984125964;;92;34.3384058;4.174678663;;51;52.48071895;22;13;7.77777778;21.11111111;13.33333333;25.55555556;21.11111111;11.11111111
2024-09;National;LILLE;MARSEILLE ST CHARLES;293;244;0;;73;9.091324200889042;2.6273272847807374;;55;36.59158675765753;9.988114872;;55;38.66333333;26;6;3.6363636372727273;23.636363635454547;16.363636364545457;32.72727272636363;9.090909090909092;14.545454545454543
2024-09;National;PARIS EST;METZ;85;262;1;;33;13.8469697;1.75587484;;27;21.42530864;2.835568327;;14;32.39047619;6;1;15.38461538;0.0;23.07692308;30.76923077;11.53846154;19.23076923
2024-09;National;PARIS EST;REIMS;46;228;0;;22;10.51287879;1.10877193;;17;23.78529412;2.227192983;;9;35.03333333;6;0;17.64705882;5.88235294;23.52941176;29.41176471;17.64705882;5.88235294
2024-09;National;LILLE;PARIS NORD;69;677;1;;127;6.3960629921031495;0.9501646821523668;;89;16.311360946440942;3.077425203;;28;28.94642857;9;1;5.771195098089887;34.93360571662921;31.256384061910115;10.648621041460675;8.171603675393259;9.218590397078652
2024-09;International;LAUSANNE;PARIS LYON;233;157;1;;84;2.198412698;1.529738562;;15;92.15888889;10.0956427;;15;92.15888889;10;6;26.66666667;26.66666667;26.66666667;13.33333333;0.0;6.666666670000001
2024-09;National;GRENOBLE;PARIS LYON;179;198;0;;21;14.28571429;1.515151515;;32;37.2875;7.280471381;;26;42.99679487;16;6;9.375;28.125;28.125;21.875;3.125;9.375
2024-09;National;LE MANS;PARIS MONTPARNASSE;56;476;2;;211;15.86721959;7.108846426;;90;39.7587037;7.467515924;;54;59.49845679;36;21;16.85393258;24.71910112;29.21348315;11.23595506;10.11235955;7.865168540000001
2024-09;National;PARIS LYON;AIX EN PROVENCE TGV;182;509;1;;55;31.40727273;3.205216535;;50;64.917;7.417979003;;49;65.95816327;28;17;4.0;16.0;18.0;42.0;18.0;2.0
2024-09;National;PARIS NORD;ARRAS;49;500;0;;42;10.84801587;0.603033333;;44;20.99545455;3.013233333;;21;32.83253968;6;4;0.0;17.948717950000002;20.51282051;28.20512821;12.82051282;20.51282051
2024-09;National;PARIS NORD;DOUAI;72;136;0;;11;12.383333332999998;0.711397059;;21;23.7;4.738602941;;7;50.83333333;5;2;0.0;30.0;25.0;15.0;10.0;20.0
2024-09;National;SAINT ETIENNE CHATEAUCREUX;PARIS LYON;168;115;0;;17;1.737254902;0.541520468;;13;44.94230769;6.286403509;;10;54.66833333;7;2;0.0;30.76923077;15.38461538;23.07692308;30.76923077;0.0
2024-09;National;PARIS LYON;SAINT ETIENNE CHATEAUCREUX;171;115;1;;13;13.78333333;1.306871345;;13;31.15;5.052923977;;10;36.34833333;4;1;0.0;30.76923077;30.76923077;23.07692308;7.69230769;7.69230769
2024-09;International;PARIS EST;FRANCFORT;273;113;4;;12;9.354166667;1.001376147;;9;43.16851852;-0.170795107;;9;43.16851852;5;1;28.57142857;0.0;28.57142857;14.28571429;28.57142857;0.0
2024-09;National;PARIS LYON;GRENOBLE;178;218;0;;17;30.36568628;2.144801223;;36;47.61111111;9.532110092;;33;50.78787879;19;9;2.77777778;36.11111111;30.55555556;16.666666669999998;0.0;13.88888889
2024-09;National;PARIS MONTPARNASSE;ANGOULEME;124;297;0;;25;33.33266667;2.163636364;;26;42.82948718;4.160998878;;22;48.37348485;14;5;38.46153846;3.84615385;3.84615385;30.76923077;15.38461538;7.69230769
2024-09;National;PARIS NORD;DUNKERQUE;130;190;0;;16;12.78125;0.737894737;;26;34.53846154;5.236842105;;19;42.63157895;7;4;3.84615385;69.23076922999999;11.53846154;0.0;7.69230769;7.69230769
2024-09;National;BORDEAUX ST JEAN;PARIS MONTPARNASSE;139;1050;1;;358;14.99841713;4.998760725;;175;47.15599999999999;9.348045758;;142;54.95375587;77;46;20.809248550000003;24.27745665;15.60693642;9.24855491;12.71676301;17.341040460000002
2024-09;International;BARCELONA;PARIS LYON;413;69;1;;22;12.40909091;3.970588235;;10;81.42;13.24828431;;10;81.42;7;5;20.0;20.0;20.0;40.0;0.0;0.0
2024-09;National;PARIS MONTPARNASSE;TOURS;74;187;1;;13;27.674358974000004;1.541756272;;14;29.81309524;2.429390681;;8;46.44791667;2;1;0.0;0.0;25.0;41.666666670000005;16.666666669999998;16.666666669999998
2024-09;International;PARIS LYON;GENEVE;191;244;2;;34;19.90245098;2.63161157;;31;54.92473118;9.903099174;;31;54.92473118;22;7;12.90322581;29.03225806;12.90322581;25.80645161;9.67741935;9.67741935
2024-09;International;PARIS LYON;ZURICH;257;146;0;;18;28.40740741;3.351826484;;22;45.72272727;8.030136986;;22;45.72272727;10;4;9.09090909;18.18181818;31.818181820000003;27.27272727;4.5454545500000005;9.09090909
2024-09;National;PARIS EST;STRASBOURG;114;604;5;;92;11.3182971;1.724791319;;36;28.33009259;2.244129104;;26;34.08333333;8;4;13.88888889;5.55555556;5.55555556;47.22222222;11.11111111;16.666666669999998
2024-09;International;PARIS EST;STUTTGART;192;140;5;;26;8.618589744;1.133827161;;28;28.752380952000003;10.8317284;;28;28.75238095;8;2;7.14285714;25.0;35.71428571;21.42857143;3.57142857;7.14285714
2024-09;International;PARIS LYON;ITALIE;502;30;0;;4;29.375;3.925;;0;0.0;0.0;;0;0.0;0;0;0.0;0.0;0.0;0.0;0.0;0.0
2024-09;International;PARIS LYON;LAUSANNE;231;160;3;;20;25.56583333;2.455732484;;19;52.8877193;7.288004246;;19;52.8877193;10;4;10.52631579;31.57894737;26.31578947;10.52631579;15.78947368;5.26315789
2024-09;National;ANNECY;PARIS LYON;226;159;0;;8;26.25;1.330168776;;20;54.90666667;8.957067511;;20;54.90666667;14;4;0.0;35.0;25.0;35.0;0.0;5.0
2024-09;National;AVIGNON TGV;PARIS LYON;161;486;0;;267;12.02203496;6.618312757;;81;44.59958848;8.062654321;;61;54.85573771;41;19;14.814814809999998;20.98765432;25.92592593;14.814814809999998;12.34567901;11.11111111
2024-09;National;DIJON VILLE;PARIS LYON;99;336;0;;154;9.591666667;4.538116818;;47;46.92340426;6.623867069500001;;33;61.06767677;22;9;12.765957450000002;36.17021277;31.91489362;12.765957450000002;2.12765957;4.25531915
2024-09;National;NANTES;STRASBOURG;313;57;0;;8;36.42291667;5.176900585;;7;58.34761905;9.508479532;;7;58.34761905;5;4;0.0;57.14285714;0.0;0.0;0.0;42.85714286
2024-09;National;PARIS MONTPARNASSE;BREST;232;258;3;;29;17.08850575;1.479934641;;19;39.71052632;2.058823529;;19;39.71052632;10;3;15.78947368;10.52631579;5.26315789;31.57894737;21.05263158;15.78947368
2024-09;National;PARIS MONTPARNASSE;ST MALO;153;96;0;;12;12.93888889;1.222222222;;7;39.10714286;3.973611111;;5;49.47;2;1;28.57142857;28.57142857;14.28571429;14.28571429;0.0;14.28571429
2024-09;National;CHAMBERY CHALLES LES EAUX;PARIS LYON;172;205;8;;67;14.25;4.69475945;;49;36.0585034;8.417010309;;26;56.14871795;19;6;4.08163265;26.53061224;46.93877551;16.32653061;2.04081633;4.08163265
2024-09;National;LYON PART DIEU;LILLE;188;348;0;;256;10.115169270839845;7.524042145580459;;107;34.49097347;12.616379310337068;;85;38.58960784291765;32;10;11.214953273925234;20.56074766121495;35.51401869448598;12.149532710280374;3.738317760747664;16.822429908785047
2024-09;National;LYON PART DIEU;PARIS LYON;119;711;0;;272;8.035294118;3.2032348805000006;;67;46.04726368;5.283309892;;54;54.01203704;32;17;4.47761194;23.88059701;10.44776119;29.85074627;14.92537313;16.41791045
2024-09;National;PARIS LYON;CHAMBERY CHALLES LES EAUX;170;185;0;;25;26.82733333;2.969009009;;40;47.29375;12.31054054;;32;56.00989583;17;6;5.0;27.500000000000004;37.5;17.5;12.5;0.0
2024-09;National;STRASBOURG;PARIS EST;116;585;3;;311;10.28199357;5.529839633;;91;28.346520147000003;5.871162658;;70;32.90547619;26;5;10.98901099;20.87912088;19.78021978;15.38461538;15.38461538;17.58241758
2024-09;International;ITALIE;PARIS LYON;521;45;8;;21;13.38015873;7.613063063;;6;60.28888889;12.86891892;;6;60.28888889;5;2;0.0;16.666666669999998;50.0;16.666666669999998;16.666666669999998;0.0
2024-09;National;BORDEAUX ST JEAN;TOURCOING;323;30;0;;7;12.99285714;2.850555556;;4;41.25;4.533333333300001;;4;41.25;2;1;0.0;25.0;50.0;0.0;25.0;0.0
2024-09;National;LE CREUSOT MONTCEAU MONTCHANIN;PARIS LYON;81;230;0;;102;10.45392157;4.805774854;;31;44.16021505;5.071564328;;22;58.10378787900001;10;8;6.451612900000001;25.80645161;16.129032260000002;19.35483871;3.2258064500000003;29.03225806
2024-09;National;PARIS LYON;MONTPELLIER;209;243;4;;38;20.18596491;3.004811716;;27;49.61666667;6.872873082;;27;49.61666667;17;6;11.11111111;18.51851852;25.92592593;37.03703704;3.7037037;3.7037037
2024-09;National;PARIS LYON;NIMES;180;243;4;;38;20.18596491;3.004811716;;27;49.41790124;7.378730823;;25;52.19333333;16;8;11.11111111;18.51851852;22.22222222;40.74074074;3.7037037;3.7037037
2024-09;National;PARIS MONTPARNASSE;LE MANS;55;437;0;;51;23.64869281;2.316704806;;52;35.1525641;4.590541571;;31;52.53602151;17;9;6.12244898;20.40816327;24.48979592;32.65306122;6.12244898;10.20408163
2024-09;National;PARIS MONTPARNASSE;ANGERS SAINT LAUD;89;541;2;;52;16.03429487;1.131601732;;50;31.72566667;3.390105133;;34;41.41078431;17;6;6.0;18.0;36.0;24.0;8.0;8.0
2024-09;National;PARIS LYON;BELLEGARDE (AIN);162;249;1;;34;19.90245098;2.567674731;;44;48.625;9.934274194;;38;53.9627193;19;8;6.81818182;27.27272727;13.63636364;34.09090909;6.81818182;11.36363636
2024-09;International;ZURICH;PARIS LYON;249;147;0;;59;3.528813559;1.896232877;;15;57.59666667;7.520776256;;15;57.59666667;12;6;13.33333333;20.0;46.66666667;20.0;0.0;0.0
2024-09;National;MACON LOCHE;PARIS LYON;96;244;8;;150;14.09155556;9.145833333;;54;35.72160494;8.52737069;;30;53.62444444;21;6;3.7037037;25.92592593;42.59259259;16.666666669999998;3.7037037;7.407407409999999
2024-09;National;MONTPELLIER;PARIS LYON;208;198;4;;37;30.24864865;5.751804124;;28;70.02380952;10.71494845;;28;70.02380952;22;10;35.71428571;14.28571429;25.0;14.28571429;3.57142857;7.14285714
2024-09;National;PARIS EST;NANCY;97;297;0;;34;8.31372549;1.022895623;;18;29.36111111;2.994219978;;14;34.26547619;4;2;11.11111111;16.666666669999998;22.222222220000003;38.88888889;0.0;11.11111111
2024-09;National;POITIERS;PARIS MONTPARNASSE;96;482;0;;194;11.57835052;4.184652778;;94;28.74663121;6.362638889;;44;49.35189394;19;11;15.2173913;27.17391304;27.17391304;11.95652174;1.0869565199999998;17.39130435
2024-09;National;REIMS;PARIS EST;46;229;0;;27;8.598148148;1.119796215;;16;16.59583333;1.972634643;;8;24.90416667;2;0;0.0;35.71428571;21.42857143;21.42857143;21.42857143;0.0
2024-09;National;AIX EN PROVENCE TGV;PARIS LYON;184;476;0;;309;12.49110032;8.187079832;;69;58.7821256;9.281337535;;67;60.15771144;44;23;17.39130435;23.1884058;23.1884058;17.39130435;8.695652169999999;10.14492754
2024-09;National;DOUAI;PARIS NORD;75;182;0;;62;6.346774194;2.462197393;;44;14.19090909;4.577094972;;8;33.17708333;3;0;2.27272727;22.72727273;56.81818182;6.81818182;2.27272727;9.09090909
2024-09;National;LYON PART DIEU;RENNES;236;91;0;;42;8.487301587;4.068498169;;10;70.375;8.450915751;;10;70.375;7;4;10.0;30.0;0.0;40.0;20.0;0.0
2024-09;National;PARIS MONTPARNASSE;VANNES;155;273;0;;37;24.75585586;2.905555556;;43;44.08139535;7.904761905;;31;56.01612903;19;8;20.93023256;13.95348837;6.976744190000001;27.90697674;18.60465116;11.62790698
2024-09;National;PARIS NORD;LILLE;68;675;0;;51;8.834313725511764;0.3821728395185185;;69;17.53605145735294;2.345703703722222;;24;31.87569444;8;1;2.8985507234782606;24.63768116043478;20.28985507304348;26.08695652;11.594202894347823;14.492753624782608
2024-09;National;QUIMPER;PARIS MONTPARNASSE;230;260;0;;14;12.14285714;0.662984496;;42;47.42142857;8.72622739;;42;47.42142857;25;11;40.47619048;28.57142857;2.38095238;7.14285714;14.28571429;7.14285714
2024-09;National;MARSEILLE ST CHARLES;LYON PART DIEU;104;438;0;;120;21.0125;5.716666667;;68;41.66960784;8.248439878;;43;58.03565892;22;8;25.373134330000003;8.95522388;31.34328358;23.880597009999995;4.47761194;5.97014925
2024-09;National;MARSEILLE ST CHARLES;LILLE;285;214;0;;35;11.436190476114286;1.6547507788121494;;50;36.22573168814286;11.119704049714018;;50;36.3;18;5;6.000000003;24.0;30.0;10.0;7.999999999;22.0
2024-09;National;PARIS LYON;PERPIGNAN;316;226;6;;36;19.62546296;2.98969697;;27;44.48765432;5.507651515;;27;44.48765432;13;7;25.92592593;25.92592593;22.22222222;22.22222222;0.0;3.7037037
2024-09;National;PARIS MONTPARNASSE;ST PIERRE DES CORPS;62;531;0;;43;27.525581395000003;1.839296924;;42;30.90912698;3.089045826;;22;51.43106061;8;4;2.56410256;0.0;28.20512821;33.333333329999995;17.948717950000002;17.948717950000002
2024-09;National;METZ;PARIS EST;87;298;2;;103;8.276860841;2.92180791;;41;19.52479675;3.447740113;;17;33.1872549;6;1;12.19512195;17.07317073;29.26829268;9.75609756;24.3902439;7.31707317
2024-09;National;TOULON;PARIS LYON;239;273;0;;161;19.12919255;11.33070818;;62;65.03306452;15.496337;;62;65.03306452;43;21;27.41935484;14.51612903;27.41935484;16.129032260000002;8.064516130000001;6.451612900000001
2024-09;National;RENNES;LYON PART DIEU;236;90;1;;22;11.73560606;2.919850187;;10;48.60166666700001;5.606741573;;10;48.60166667;7;3;10.0;20.0;10.0;50.0;0.0;10.0
2024-09;National;BELLEGARDE (AIN);PARIS LYON;161;251;2;;85;9.202745098;3.213642473;;31;63.65322581;7.811021505400001;;27;71.27345679;20;9;12.90322581;22.58064516;12.90322581;38.70967742;3.2258064500000003;9.67741935
2024-09;National;PARIS MONTPARNASSE;LA ROCHELLE VILLE;175;220;0;;21;27.21111111;2.218106061;;24;45.47916667;6.240909091;;17;58.58823529;11;4;29.16666667;4.16666667;20.83333333;29.16666667;4.16666667;12.5
2024-09;National;PARIS MONTPARNASSE;NANTES;128;622;3;;58;15.86695402;1.074071082;;58;39.37471264;4.063085622;;44;47.57840909;22;11;13.79310345;20.68965517;24.13793103;24.13793103;8.62068966;8.62068966
2024-09;National;PARIS LYON;ANNECY;225;158;2;;21;26.342063492000005;2.77542735;;27;61.98148148;12.01923077;;27;61.98148148;13;7;3.7037037;33.333333329999995;33.333333329999995;11.11111111;14.814814809999998;3.7037037
2024-09;National;STRASBOURG;NANTES;327;56;0;;8;2.041666667;0.380059524;;4;38.29166667;2.92827381;;4;38.29166667;2;1;50.0;50.0;0.0;0.0;0.0;0.0
2024-09;International;FRANCFORT;PARIS EST;273;111;4;;42;7.034920635;2.830660377;;17;44.47058824;9.618081761;;17;44.47058824;11;4;35.294117650000004;29.41176471;17.64705882;17.64705882;0.0;0.0
2024-09;National;MARSEILLE ST CHARLES;MARNE LA VALLEE;208;285;1;;55;15.44333333;2.783274441;;47;42.52624114;8.861130742;;47;42.52624114;19;8;8.5106383;19.14893617;23.40425532;19.14893617;14.89361702;14.89361702
2024-09;National;PARIS LYON;MACON LOCHE;95;218;1;;29;22.63563218;2.871351767;;26;51.53333333;8.000691244;;23;56.66376812;13;6;3.84615385;15.38461538;15.38461538;42.30769231;23.07692308;0.0
2024-09;National;PARIS LYON;MARSEILLE ST CHARLES;195;598;1;;67;28.03159204;2.930374093;;60;63.72777777799999;7.752903406;;60;63.72777778;37;20;8.33333333;16.666666669999998;18.33333333;28.33333333;20.0;8.33333333
2024-09;International;PARIS LYON;BARCELONA;409;69;0;;11;14.809090908999998;2.153381643;;7;56.71428571;7.507246376799999;;7;56.714285714000006;5;2;14.28571429;42.85714286;14.28571429;14.28571429;14.28571429;0.0
2024-09;National;PARIS LYON;DIJON VILLE;96;336;0;;37;17.89234234;1.7639880952000002;;35;33.04238095;4.541021825;;25;40.804;11;5;5.71428571;22.857142860000003;20.0;31.42857143;5.71428571;14.28571429
2024-09;National;PARIS MONTPARNASSE;LAVAL;77;311;0;;36;25.53796296;2.558252948;;46;29.90434783;5.067470525;;21;54.57380952;12;5;2.3255814;20.93023256;27.90697674;18.604651160000003;25.58139535;4.651162790000001
2024-09;National;RENNES;PARIS MONTPARNASSE;97;802;3;;288;13.26527778;4.802548037;;166;30.26094378;7.045238095199999;;95;45.0077193;53;23;19.27710843;37.34939759;12.65060241;6.02409639;10.24096386;14.45783133
2024-09;National;ST PIERRE DES CORPS;PARIS MONTPARNASSE;62;531;2;;174;10.22586207;3.537072243;;96;26.76128472;5.280038023;;30;65.76277778;20;13;16.666666669999998;11.9047619;45.23809524;5.952380949999999;2.38095238;17.85714286
2024-09;National;MARNE LA VALLEE;MARSEILLE ST CHARLES;211;278;0;;177;10.35998117;5.851498801;;57;37.96432749;9.005095923;;57;37.96432749;26;6;3.50877193;24.56140351;17.543859649999998;31.57894737;8.771929819999999;14.03508772
2024-09;National;MULHOUSE VILLE;PARIS LYON;172;271;0;;123;7.2600271;3.336777368;;36;38.98703704;6.472570726;;24;51.98749999999999;17;7;11.428571429999998;28.57142857;34.28571429;17.14285714;2.85714286;5.71428571
2024-09;National;PARIS LYON;AVIGNON TGV;159;482;1;;49;28.5;2.717359667;;51;58.73692811;7.364379764;;40;71.31208333;26;13;4.0;18.0;26.0;32.0;18.0;2.0
2024-09;National;PARIS LYON;LE CREUSOT MONTCEAU MONTCHANIN;79;214;0;;19;17.0122807;1.378816199;;25;33.19666667;4.543457944;;10;70.36166667;7;6;4.0;32.0;16.0;28.000000000000004;8.0;12.0
2024-09;National;TOURCOING;BORDEAUX ST JEAN;304;30;1;;5;26.99666667;4.792528736;;4;46.275;3.921264368;;4;46.275;2;1;50.0;0.0;0.0;50.0;0.0;0.0
2024-09;International;GENEVE;PARIS LYON;195;240;2;;176;3.822443182;3.033614627;;26;68.10384615;7.965260197;;26;68.10384615;19;8;15.38461538;23.07692308;7.69230769;42.30769231;3.84615385;7.69230769
2024-09;National;NANCY;PARIS EST;95;286;0;;76;9.278508772;2.55448718;;33;23.10050505;3.484032634;;11;48.10151515;6;3;3.03030303;21.21212121;39.39393939;21.21212121;6.06060606;9.09090909
2024-09;National;ANGOULEME;PARIS MONTPARNASSE;124;342;1;;207;10.9041868;6.709630739;;64;41.37473958299999;8.501946108;;47;51.38510638;22;12;15.87301587;25.3968254;12.6984127;7.936507939999999;7.936507939999999;30.15873016
2024-09;National;MARSEILLE ST CHARLES;PARIS LYON;195;543;0;;165;21.85242424;6.477255985;;84;60.6281746;10.65834868;;84;60.6281746;56;29;19.04761905;14.28571429;23.80952381;21.42857143;9.52380952;11.9047619
2024-09;National;BREST;PARIS MONTPARNASSE;228;281;2;;21;15.418253968000002;1.170848268;;30;36.68444444;5.638709677;;30;36.68444444;14;3;23.33333333;33.333333329999995;3.33333333;10.0;16.666666669999998;13.33333333
2024-09;National;MARNE LA VALLEE;LYON PART DIEU;106;413;1;;305;10.42786885;7.691504854;;96;35.21458333;10.07924757;;82;38.98760163;38;11;6.25;23.95833333;22.91666667;30.20833333;7.29166667;9.375
2024-09;National;NANTES;PARIS MONTPARNASSE;130;651;3;;130;17.0674359;3.08912037;;82;40.15487805;6.128215021;;58;51.30890805;33;14;19.51219512;25.6097561;15.85365854;15.85365854;8.53658537;14.63414634
2024-09;National;PARIS LYON;VALENCE ALIXAN TGV;131;414;1;;61;19.25409836;2.460613398;;45;42.3262963;6.06606134;;34;51.80539216;21;9;0.0;22.22222222;24.44444444;42.22222222;2.22222222;8.88888889
2024-09;National;ST MALO;PARIS MONTPARNASSE;149;96;0;;6;8.738888889;0.3140625;;14;29.52380952;6.718923611;;9;38.45555556;4;2;7.14285714;50.0;7.14285714;7.14285714;7.14285714;21.42857143
2024-09;National;VALENCE ALIXAN TGV;PARIS LYON;133;368;1;;239;12.51004184;8.23510929;;64;49.5078125;9.767076503;;48;61.515625;34;18;23.4375;15.625;26.5625;21.875;6.25;6.25
2024-09;National;PARIS LYON;NICE VILLE;344;200;2;;26;28.505769230999995;3.430723906;;66;55.80782828;21.12079125;;66;55.80782828;40;18;31.818181820000003;13.63636364;24.24242424;18.18181818;3.03030303;9.09090909
2024-09;National;VANNES;PARIS MONTPARNASSE;164;282;1;;148;7.390427927900001;3.666963227;;55;42.43;9.552431791;;46;48.00326087;29;13;34.54545455;34.54545455;7.27272727;5.45454545;12.72727273;5.45454545
2024-09;National;LYON PART DIEU;MONTPELLIER;112;226;1;;102;11.16960784;5.212814815;;39;28.75641026;6.074296296;;31;32.53924731;15;1;5.12820513;17.948717950000002;28.20512821;30.76923077;10.25641026;7.69230769
2024-09;National;MARSEILLE ST CHARLES;TOURCOING;285;30;0;;13;12.07179487;5.08;;6;40.5;8.966666667;;6;40.5;3;1;0.0;16.666666669999998;16.666666669999998;16.666666669999998;33.333333329999995;16.666666669999998
2024-09;National;MONTPELLIER;LYON PART DIEU;112;181;0;;35;13.38857143;2.667403315;;35;32.20333333;8.346961326;;23;41.83333333;8;6;34.28571429;14.28571429;25.71428571;14.28571429;2.8571428600000006;8.57142857
2024-09;National;PARIS LYON;BESANCON FRANCHE COMTE TGV;128;170;0;;17;12.7127451;1.05254902;;19;37.75350877;5.337156863;;16;42.403125;8;4;26.31578947;21.05263158;21.05263158;21.05263158;0.0;10.52631579
2024-09;National;PARIS LYON;LYON PART DIEU;119;708;2;;62;19.57715054;1.473843248;;62;47.05241936;4.776983003;;53;52.97012579;29;15;5.0;31.66666667;20.0;30.0;6.666666670000001;6.666666670000001
2024-09;National;PARIS MONTPARNASSE;TOULOUSE MATABIAU;269;214;0;;30;9.938888889;0.933333333;;40;46.4425;10.65646417;;40;46.4425;19;7;15.0;35.0;15.0;17.5;7.5;10.0
2024-09;National;TOURS;PARIS MONTPARNASSE;74;192;1;;15;6.334444444;0.481842105;;34;21.16421569;5.071929825;;5;89.48;4;2;10.71428571;17.85714286;46.42857143;10.71428571;0.0;14.28571429
2024-09;National;DUNKERQUE;PARIS NORD;131;166;0;;5;22.4;0.678787879;;20;24.0875;5.091111111;;11;32.40606061;4;1;0.0;35.0;50.0;10.0;5.0;0.0
2024-09;National;LYON PART DIEU;MARNE LA VALLEE;107;358;0;;257;10.08268483;7.326675978;;92;27.49347826;8.192225326;;59;35.31977401;18;8;10.86956522;14.130434780000002;35.86956522;21.73913043;5.43478261;11.95652174
2024-09;National;PARIS MONTPARNASSE;POITIERS;92;579;0;;53;28.36698113;2.061398964;;63;31.86243386;3.416119747;;43;42.45271318;19;7;13.55932203;3.38983051;22.03389831;33.89830508;18.6440678;8.47457627
2024-09;National;PARIS MONTPARNASSE;QUIMPER;225;265;2;;37;24.75585586;1.670722434;;25;52.18;5.325095057;;25;52.18;15;6;24.0;16.0;8.0;24.0;12.0;16.0
2024-09;International;STUTTGART;PARIS EST;201;139;0;;118;6.097316384;4.859926471;;25;31.656;8.555759804;;25;31.656;10;2;8.0;32.0;24.0;20.0;4.0;12.0
2024-09;National;ANGERS SAINT LAUD;PARIS MONTPARNASSE;91;563;1;;186;13.5327957;4.592291667;;85;35.80490196;6.006607143;;52;51.03141026;30;11;15.47619048;30.95238095;14.28571429;17.85714286;5.952380949999999;15.47619048
2024-09;National;BESANCON FRANCHE COMTE TGV;PARIS LYON;132;147;0;;43;5.642635659;1.449885845;;16;32.609375;4.651940639;;11;41.77575758;6;1;6.25;43.75;18.75;12.5;6.25;12.5
2024-09;National;LAVAL;PARIS MONTPARNASSE;79;282;0;;92;17.07518116;5.665030303;;62;33.2344086;7.589393939400001;;34;52.64117647;20;10;23.72881356;22.03389831;23.72881356;5.08474576;15.25423729;10.16949153
2024-09;National;PARIS LYON;MULHOUSE VILLE;175;311;0;;37;20.44054054;2.258145766;;41;41.86260163;6.493837085;;33;48.49242424;18;8;14.63414634;21.95121951;19.51219512;26.82926829;7.31707317;9.75609756
2024-09;National;PERPIGNAN;PARIS LYON;316;219;4;;27;14.67962963;1.708841941;;29;72.68908046;10.68200313;;29;72.68908046;21;13;24.13793103;13.79310345;27.5862069;20.68965517;6.896551720000001;6.896551720000001
2024-09;National;ARRAS;PARIS NORD;50;494;1;;273;5.980891331;3.3552062203999995;;108;15.183024690999998;4.593035835;;25;32.7;10;1;4.62962963;25.92592593;50.925925930000005;7.407407409999999;3.7037037;7.407407409999999
2024-09;National;LILLE;LYON PART DIEU;183;378;1;;183;8.521220400681967;4.160896074616711;;89;35.66182669821311;10.572439203111404;;78;39.416452991012825;35;11;6.741573033033708;22.47191012;23.59550562022472;29.21348314831461;7.865168538988765;10.112359554157305
2024-09;National;PARIS LYON;TOULON;236;270;0;;35;27.59285714;3.314691358;;45;60.46259259299999;10.91851852;;45;60.46259259;26;16;22.22222222;15.55555556;20.0;26.66666667;6.666666670000001;8.88888889
2024-09;National;PARIS MONTPARNASSE;BORDEAUX ST JEAN;139;1017;0;;118;16.76186441;1.485971813;;111;39.32342342;5.149278925;;86;47.02073643;47;18;24.07407407;6.481481479999999;16.666666669999998;24.07407407;15.74074074;12.96296296
2024-09;National;TOULOUSE MATABIAU;PARIS MONTPARNASSE;275;215;0;;21;21.73015873;2.130232558;;30;59.80277778;10.262790698000002;;30;59.80277778;21;12;23.33333333;23.33333333;10.0;6.666666670000001;16.666666669999998;20.0
2024-10;National;METZ;PARIS EST;87;315;0;;118;6.341242938;2.445435244;;43;16.54922481;3.112845011;;21;24.54047619;4;0;7.14285714;7.14285714;40.47619048;11.9047619;21.42857143;11.9047619
2024-10;National;PARIS LYON;LE CREUSOT MONTCEAU MONTCHANIN;77;218;0;;19;8.146491228;0.52706422;;16;17.50208333;2.11911315;;5;34.62333333;3;0;6.25;12.5;43.75;25.0;12.5;0.0
2024-10;National;MARSEILLE ST CHARLES;LILLE;284;225;0;;23;19.40869565247826;1.7265925926226666;;33;37.0692318842174;7.632074074058223;;33;36.86767676784849;16;4;12.12121212121212;12.12121212121212;33.33333333333333;6.0606060606060606;18.181818181818183;18.181818181818183
2024-10;National;NANCY;PARIS EST;95;306;1;;89;8.430149813;2.595971302;;40;26.49166667;4.119701987;;21;40.56587302;10;4;22.5;2.5;30.0;27.500000000000004;5.0;12.5
2024-10;National;NANTES;PARIS MONTPARNASSE;130;668;0;;126;19.44669312;3.369665167;;69;63.04130435;7.278510745;;59;71.43644068;41;22;48.52941176;25.0;8.82352941;7.35294118;5.88235294;4.41176471
2024-10;National;PARIS NORD;ARRAS;49;528;0;;38;11.68508772;0.518181818;;46;18.41847826;2.667361111;;25;27.171333333;5;0;18.604651160000003;13.95348837;27.90697674;13.95348837;18.604651160000003;6.976744190000001
2024-10;National;QUIMPER;PARIS MONTPARNASSE;231;271;0;;12;4.855555556;0.2458020049999999;;21;35.46507937;4.210651629;;21;35.46507937;10;3;28.57142857;38.0952381;9.52380952;14.28571429;9.52380952;0.0
2024-10;National;STRASBOURG;NANTES;332;58;0;;15;14.78333333;3.947988506;;6;78.62222222200002;9.083908046;;6;78.62222222;3;2;66.66666667;16.666666669999998;0.0;16.666666669999998;0.0;0.0
2024-10;International;PARIS EST;FRANCFORT;273;120;2;;20;20.35916667;3.506355932;;8;57.1625;0.994774011;;8;57.1625;6;3;12.5;12.5;37.5;25.0;12.5;0.0
2024-10;National;LILLE;PARIS NORD;70;711;2;;130;7.897820512838462;1.2262269782351198;;84;17.60750690326154;2.9250150241819464;;27;32.71543209888888;9;3;9.870606748928571;20.987060676428573;37.03881797607143;16.02771463357143;9.942734746428568;6.133065224
2024-10;National;MACON LOCHE;PARIS LYON;94;242;0;;138;16.15628019;9.440536723;;55;33.97575758;9.120974576299998;;33;48.03737374;15;7;20.0;16.36363636;29.09090909;9.09090909;7.27272727;18.18181818
2024-10;National;AIX EN PROVENCE TGV;PARIS LYON;184;490;0;;302;6.476710817;4.063639456;;41;31.1695122;4.108333333;;38;32.57061404;10;2;31.70731707;21.95121951;21.95121951;9.75609756;2.43902439;12.19512195
2024-10;National;LYON PART DIEU;MARSEILLE ST CHARLES;105;510;1;;262;10.47716285;5.300360183;;92;28.21847826;6.790929928;;68;33.49779412;29;5;22.82608696;14.130434780000002;33.69565217;10.86956522;3.26086957;15.2173913
2024-10;National;PARIS EST;STRASBOURG;114;655;3;;86;13.13449612;1.7007924334999998;;60;29.36138889;3.4156441718000004;;37;39.00990991;18;6;11.66666667;26.66666667;8.33333333;31.66666667;11.66666667;10.0
2024-10;National;POITIERS;PARIS MONTPARNASSE;96;503;0;;218;7.529510703399999;3.135823373;;99;22.46666667;5.525199203;;41;39.60731707;14;4;10.638297870000002;40.42553191;18.085106380000003;18.085106380000003;4.25531915;8.5106383
2024-10;International;PARIS LYON;BARCELONA;409;70;0;;9;34.32222222;4.235476191;;6;47.83333333;5.585714286;;6;47.833333333000006;3;2;0.0;16.666666669999998;0.0;66.66666667;16.666666669999998;0.0
2024-10;National;DOUAI;PARIS NORD;76;193;0;;60;7.961388889;2.811140351;;40;20.20708333;5.344122807;;13;41.03076923100001;7;3;11.11111111;25.0;30.55555556;11.11111111;8.33333333;13.88888889
2024-10;International;PARIS LYON;ZURICH;260;137;0;;22;22.6219697;3.433090024;;15;40.95555556;5.819099757;;15;40.95555556;6;2;7.14285714;14.28571429;35.71428571;21.42857143;0.0;21.42857143
2024-10;National;MARSEILLE ST CHARLES;LYON PART DIEU;104;471;1;;107;10.93099689;2.390992908;;57;27.1125731;5.47535461;;30;39.37666667;10;5;19.64285714;8.92857143;39.28571429;19.64285714;5.35714286;7.14285714
2024-10;National;PARIS MONTPARNASSE;ST PIERRE DES CORPS;69;544;0;;36;17.03055556;0.774754902;;50;22.94166667;2.746384804;;25;36.15066667;9;3;24.48979592;14.28571429;32.65306122;16.32653061;8.16326531;4.08163265
2024-10;National;PARIS LYON;GRENOBLE;180;228;0;;18;11.27777778;0.695467836;;37;44.7972973;8.881578947;;26;58.05769231;14;10;22.222222220000003;16.666666669999998;30.55555556;22.222222220000003;2.77777778;5.55555556
2024-10;National;PARIS LYON;NIMES;180;252;0;;40;25.68375;3.894179894;;28;41.64345238;6.237433862;;26;43.84294872;18;5;0.0;3.57142857;14.28571429;57.14285714;17.85714286;7.14285714
2024-10;National;PARIS LYON;MONTPELLIER;209;251;0;;40;25.68375;3.837649402;;28;42.375;6.166533865;;28;42.375;17;5;7.14285714;3.57142857;14.28571429;46.42857143;17.85714286;10.71428571
2024-10;National;PARIS MONTPARNASSE;BORDEAUX ST JEAN;146;1042;1;;119;12.16946779;0.970509126;;104;27.07291667;3.416042267;;66;35.23055556;26;5;11.53846154;15.38461538;22.11538462;19.23076923;20.19230769;11.53846154
2024-10;National;ANNECY;PARIS LYON;226;165;0;;11;21.63787879;1.414126016;;26;53.28974359000001;10.12794715;;26;53.28974358999999;13;6;26.92307692;19.23076923;23.07692308;7.69230769;7.69230769;15.38461538
2024-10;National;PARIS MONTPARNASSE;RENNES;104;806;0;;89;12.57359551;0.978246485;;50;28.403666667000003;2.139784946;;37;33.92297297;14;4;12.24489796;6.12244898;16.32653061;34.69387755;14.28571429;16.32653061
2024-10;National;RENNES;LYON PART DIEU;236;92;0;;22;4.698484849;1.156884058;;5;76.59;3.741304348;;5;76.59;4;2;60.0;20.0;0.0;20.0;0.0;0.0
2024-10;National;SAINT ETIENNE CHATEAUCREUX;PARIS LYON;167;78;0;;7;13.92619048;2.623809524;;12;24.6875;6.124603175;;7;32.91666667;2;1;8.33333333;25.0;16.666666669999998;33.333333329999995;0.0;16.666666669999998
2024-10;National;VANNES;PARIS MONTPARNASSE;164;294;0;;135;3.994691358;1.9323630137;;36;28.64074074;4.841552511;;24;36.075;12;3;16.666666669999998;38.88888889;11.11111111;16.666666669999998;8.33333333;8.33333333
2024-10;National;ANGERS SAINT LAUD;PARIS MONTPARNASSE;92;580;0;;158;15.24651899;4.340105079;;70;56.92714286;5.757939288;;54;70.45555556;37;20;45.58823529;26.47058824;8.82352941;7.35294118;7.35294118;4.41176471
2024-10;National;LYON PART DIEU;RENNES;236;93;0;;39;6.060683761;2.73297491;;6;30.50555556;3.305734767;;6;30.50555556;2;0;16.666666669999998;33.333333329999995;16.666666669999998;16.666666669999998;16.666666669999998;0.0
2024-10;National;MARSEILLE ST CHARLES;MARNE LA VALLEE;207;293;0;;37;15.81531532;1.737030717;;35;36.59666667;6.637201365;;35;36.59666667;17;4;20.0;14.28571429;28.57142857;5.71428571;17.14285714;14.28571429
2024-10;National;MULHOUSE VILLE;PARIS LYON;172;267;0;;107;7.752492212;3.170661673;;27;39.92777778;6.353308365;;17;55.6745098;8;3;11.11111111;22.22222222;40.74074074;22.22222222;0.0;3.7037037
2024-10;National;PARIS LYON;DIJON VILLE;96;327;0;;28;25.25119048;0.981549439;;24;26.72708333;3.971253822600001;;20;29.21583333;7;0;8.695652169999999;8.695652169999999;21.73913043;21.73913043;21.73913043;17.39130435
2024-10;National;PARIS MONTPARNASSE;ST MALO;161;98;1;;8;10.20625;0.4630584192;;6;31.58333333;3.539690722;;6;31.58333333;2;0;33.333333329999995;16.666666669999998;16.666666669999998;16.666666669999998;16.666666669999998;0.0
2024-10;International;PARIS LYON;ITALIE;502;29;0;;1;20.25;0.662068966;;0;0.0;0.0;;0;0.0;0;0;0.0;0.0;0.0;0.0;0.0;0.0
2024-10;National;ANGOULEME;PARIS MONTPARNASSE;124;350;1;;212;7.072327044;4.27887931;;51;29.712418301;5.90493295;;37;35.7972973;17;3;11.76470588;45.09803922;11.76470588;11.76470588;5.88235294;13.7254902
2024-10;National;BESANCON FRANCHE COMTE TGV;PARIS LYON;133;138;0;;38;5.259210526;1.211192214;;10;21.095;3.783090024;;6;26.10277778;2;0;10.0;40.0;10.0;40.0;0.0;0.0
2024-10;National;PARIS LYON;AVIGNON TGV;159;478;0;;48;17.034375;1.506834031;;34;31.497058824000003;2.84944212;;25;38.056;13;4;17.64705882;11.76470588;5.88235294;47.05882353;11.76470588;5.88235294
2024-10;National;PARIS LYON;BELLEGARDE (AIN);162;256;1;;48;19.38854167;3.209150327;;39;38.11538462;7.297581699;;28;47.45714286;14;4;25.64102564;17.948717950000002;10.25641026;23.07692308;17.948717950000002;5.12820513
2024-10;National;PARIS MONTPARNASSE;NANTES;135;634;1;;59;14.30903955;1.000500263;;64;40.35989583;4.697472354;;53;46.07830189;27;13;38.0952381;4.76190476;9.52380952;26.98412698;7.936507939999999;12.6984127
2024-10;National;LAVAL;PARIS MONTPARNASSE;80;300;0;;119;7.457983193;2.939576366;;40;23.56708333;3.523690078;;18;40.51944444;10;4;13.15789474;31.57894737;18.42105263;15.78947368;5.263157890000001;15.78947368
2024-10;National;LE MANS;PARIS MONTPARNASSE;57;491;0;;200;13.90425;5.69952381;;82;40.70426829;6.528231293;;48;63.25729167;30;15;37.17948718;24.35897436;10.25641026;6.41025641;8.97435897;12.82051282
2024-10;National;BORDEAUX ST JEAN;PARIS MONTPARNASSE;139;1075;3;;330;12.774848485;3.809623756;;139;34.96738609;6.19028296;;100;43.4295;53;18;16.54676259;28.05755396;17.98561151;13.66906475;13.66906475;10.07194245
2024-10;National;LILLE;LYON PART DIEU;184;392;1;;158;6.896835443;2.819096334226342;;49;30.06508887736709;5.565046888357545;;37;35.42342342324324;14;5;18.367346938571423;14.28571428877551;14.285714284489796;30.612244895510205;12.2448979622449;10.204081630408163
2024-10;National;PARIS LYON;MARSEILLE ST CHARLES;195;613;0;;60;17.57083333;1.495160413;;35;38.52333333;3.5718868951000005;;35;38.52333333;21;4;22.857142860000003;14.28571429;0.0;40.0;5.71428571;17.14285714
2024-10;National;PARIS NORD;DOUAI;72;143;0;;10;14.34833333;0.68986014;;22;18.7469697;4.298018648;;12;28.066666667000003;5;0;20.0;15.0;20.0;25.0;20.0;0.0
2024-10;National;LILLE;MARSEILLE ST CHARLES;294;253;0;;70;7.905714285657143;2.093675889304744;;37;34.643323809485715;6.450527009224111;;37;33.788288288216215;12;4;27.027027027027028;8.108108108108109;16.216216216216218;24.324324323243243;2.7027027016216216;21.621621620540544
2024-10;National;MARNE LA VALLEE;MARSEILLE ST CHARLES;211;288;0;;184;8.001086957;5.209766082;;40;35.92541667;6.055789474;;40;35.92541667;15;5;25.0;7.5;15.0;25.0;2.5;25.0
2024-10;National;MONTPELLIER;PARIS LYON;208;216;0;;46;11.450362318999998;2.443132716;;26;65.60320513;9.619598765;;26;65.60320513;12;6;38.46153846;11.53846154;11.53846154;19.23076923;11.53846154;7.69230769
2024-10;National;PARIS LYON;NICE VILLE;345;202;3;;15;23.03555556;1.469765494;;33;36.97979798;8.531323283;;33;36.97979798;16;1;27.27272727;18.18181818;18.18181818;18.18181818;0.0;18.18181818
2024-10;National;PARIS MONTPARNASSE;VANNES;162;287;2;;32;15.4578125;1.048654971;;29;22.65517241;3.305263158;;17;29.38235294;8;0;17.24137931;20.68965517;17.24137931;17.24137931;3.4482758600000003;24.13793103
2024-10;International;ZURICH;PARIS LYON;252;137;0;;44;1.770075758;0.9498783455000002;;11;69.87272727;8.629318735;;11;69.87272727;5;3;18.18181818;18.18181818;36.36363636;27.27272727;0.0;0.0
2024-10;International;BARCELONA;PARIS LYON;413;70;0;;20;5.25;1.414285714;;5;24.45;4.926904762;;5;24.45;1;0;60.0;20.0;20.0;0.0;0.0;0.0
2024-10;National;ARRAS;PARIS NORD;51;514;1;;259;7.439124839;3.813287849;;101;18.01980198;4.670890188;;30;37.31777778;14;5;9.47368421;23.15789474;29.47368421;20.000000000000004;6.31578947;11.57894737
2024-10;International;PARIS LYON;LAUSANNE;228;112;26;;7;23.46190476;0.148062016;;7;26.71666667;2.899224806;;7;26.71666667;2;0;28.57142857;42.85714286;14.28571429;0.0;14.28571429;0.0
2024-10;National;MONTPELLIER;LYON PART DIEU;113;180;1;;28;10.65059524;1.7534644195000002;;25;27.982;5.825374531799999;;17;34.5627451;7;2;20.0;8.0;56.00000000000001;16.0;0.0;0.0
2024-10;National;PARIS MONTPARNASSE;TOULOUSE MATABIAU;275;222;1;;21;18.6952381;1.326470588;;35;39.96380952;7.447435897399999;;35;39.96380952;21;4;11.428571430000002;37.14285714;20.0;11.428571430000002;5.71428571;14.28571429
2024-10;International;ITALIE;PARIS LYON;544;31;0;;16;2.38125;1.383333333;;6;44.4;13.08924731;;6;44.4;2;2;33.333333329999995;0.0;33.333333329999995;0.0;0.0;33.333333329999995
2024-10;International;LAUSANNE;PARIS LYON;230;110;0;;39;2.55042735;1.408139535;;5;98.88666667;5.329263566;;5;98.88666667;3;3;60.0;40.0;0.0;0.0;0.0;0.0
2024-10;National;PARIS EST;NANCY;97;311;0;;38;21.45219298;2.754072883;;31;35.2172043;4.474008575;;26;39.50256410299999;11;4;9.67741935;9.67741935;29.03225806;32.258064520000005;3.2258064500000003;16.129032260000002
2024-10;National;ST MALO;PARIS MONTPARNASSE;150;95;0;;6;3.238888889;0.024822695;;13;35.54230769;7.013475177;;8;48.63541667;6;1;0.0;53.84615385;15.38461538;15.38461538;0.0;15.38461538
2024-10;National;MARNE LA VALLEE;LYON PART DIEU;106;427;2;;299;8.096544036;5.781868567;;60;27.96833333;5.441448931;;40;35.25958333;15;5;16.949152540000004;11.86440678;15.25423729;30.50847458;13.55932203;11.86440678
2024-10;National;NICE VILLE;PARIS LYON;344;212;0;;20;7.319166666700001;0.583333333;;35;41.69666667;8.080331754;;35;41.69666667;14;5;34.28571429;17.14285714;28.57142857;11.428571430000002;2.8571428600000006;5.71428571
2024-10;National;REIMS;PARIS EST;46;246;0;;55;10.04424242;2.321205962;;37;17.26216216;3.519579946;;14;29.69285714;4;0;8.33333333;38.88888889;19.44444444;19.44444444;13.88888889;0.0
2024-10;National;TOULON;PARIS LYON;241;267;0;;151;9.271192053;5.312234707;;38;40.49298246;7.325280899;;38;40.49298246;15;5;34.21052632;15.78947368;28.947368420000004;13.15789474;2.63157895;5.26315789
2024-10;National;BELLEGARDE (AIN);PARIS LYON;160;257;2;;98;5.524829932;2.165354331;;29;53.75287356300001;6.252755906;;22;66.8;16;8;37.93103448;13.79310345;10.34482759;31.03448276;3.4482758600000003;3.4482758600000003
2024-10;National;BORDEAUX ST JEAN;TOURCOING;321;31;0;;7;13.55;2.942473118;;8;29.625;6.451612903;;8;29.625;2;1;25.0;12.5;25.0;0.0;25.0;12.5
2024-10;National;PARIS LYON;MACON LOCHE;93;222;0;;18;14.949999999999998;1.051201201;;16;31.279166667;4.16036036;;10;42.42666667;7;1;0.0;25.0;37.5;31.25;0.0;6.25
2024-10;National;PARIS EST;REIMS;46;246;0;;32;14.41197917;1.951897019;;27;19.86481482;2.731165312;;9;38.43518519;5;2;4.0;20.0;20.0;32.0;16.0;8.0
2024-10;National;PARIS LYON;TOULON;238;267;1;;19;21.38157895;1.260025063;;19;33.15877193;2.561278196;;19;33.15877193;10;0;10.52631579;10.52631579;15.78947368;26.31578947;0.0;36.84210526
2024-10;National;PARIS NORD;DUNKERQUE;130;200;0;;14;8.469047619;0.253166667;;23;23.7826087;2.6775;;12;33.66666667;6;1;21.73913043;21.73913043;26.08695652;13.04347826;13.04347826;4.34782609
2024-10;International;PARIS LYON;GENEVE;191;252;1;;48;19.38854167;3.258034529;;22;44.69166667;6.396082337;;22;44.69166667;12;2;31.818181820000003;13.63636364;0.0;18.18181818;22.72727273;13.63636364
2024-10;National;PARIS MONTPARNASSE;TOURS;82;198;0;;13;16.01410256;0.722306397;;15;31.11222222;2.818097643;;9;45.21666667;4;2;40.0;6.666666670000001;20.0;20.0;6.666666670000001;6.666666670000001
2024-10;International;PARIS EST;STUTTGART;192;147;3;;15;10.62111111;1.103703704;;23;27.43333333;10.16076389;;23;27.43333333;4;1;8.695652169999999;21.73913043;39.13043478;21.73913043;4.34782609;4.34782609
2024-10;National;PARIS LYON;AIX EN PROVENCE TGV;182;520;0;;53;17.60566038;1.583942308;;31;37.09086022;3.145320513;;31;37.09086022;17;4;25.80645161;12.90322581;3.2258064500000003;41.93548387;9.67741935;6.451612900000001
2024-10;National;PARIS LYON;PERPIGNAN;317;228;0;;35;22.48619048;3.273391813;;29;42.72471264;5.658187135;;29;42.72471264400001;14;7;13.79310345;13.79310345;27.5862069;24.13793103;13.79310345;6.896551720000001
2024-10;National;STRASBOURG;PARIS EST;116;642;1;;320;10.9565625;5.531409256;;82;34.02357724;5.87649506;;61;41.03907104;21;10;15.85365854;14.63414634;23.17073171;23.17073171;14.63414634;8.53658537
2024-10;National;DIJON VILLE;PARIS LYON;99;332;0;;171;5.723099415;3.052660643;;36;27.915277778000004;5.675803213;;15;48.58222222;6;2;14.28571429;25.71428571;28.57142857;22.85714286;5.71428571;2.85714286
2024-10;National;PARIS LYON;BESANCON FRANCHE COMTE TGV;127;166;0;;10;16.21833333;0.770582329;;12;24.13888889;3.786445783100001;;8;30.24583333;3;0;0.0;41.666666670000005;33.333333329999995;16.666666669999998;8.33333333;0.0
2024-10;National;PARIS MONTPARNASSE;BREST;239;259;0;;31;10.0155914;0.838352638;;15;36.36666667;1.196911197;;15;36.36666667;5;2;26.66666667;20.0;0.0;26.66666667;13.33333333;13.33333333
2024-10;National;PARIS MONTPARNASSE;LA ROCHELLE VILLE;181;226;0;;16;12.37395833;0.545280236;;21;21.57142857;3.150442478;;14;25.928571429000005;2;0;19.04761905;23.80952381;19.04761905;14.28571429;14.28571429;9.52380952
2024-10;National;PARIS MONTPARNASSE;LAVAL;84;316;0;;45;13.66481482;1.496308017;;36;24.14305556;3.474630802;;20;34.51916667;7;3;2.94117647;11.764705879999998;26.47058824;35.294117650000004;5.882352939999999;17.64705882
2024-10;National;PARIS MONTPARNASSE;LE MANS;62;463;0;;32;20.04791667;0.964902808;;45;22.86222222;2.81213103;;22;37.94772727;9;3;14.63414634;2.43902439;31.70731707;24.3902439;9.75609756;17.07317073
2024-10;National;PARIS MONTPARNASSE;QUIMPER;233;277;5;;31;15.66505376;1.020404412;;19;25.578947368000005;1.832720588;;19;25.57894737;5;0;26.31578947;15.78947368;5.26315789;21.05263158;5.26315789;26.31578947
2024-10;National;PARIS LYON;SAINT ETIENNE CHATEAUCREUX;171;78;38;;4;10.425;0.271666667;;8;18.5625;5.839166667;;4;23.52916667;1;0;16.666666669999998;16.666666669999998;33.333333329999995;16.666666669999998;0.0;16.666666669999998
2024-10;National;PARIS NORD;LILLE;67;718;4;;41;10.170731707634143;0.3009103641563025;;57;17.80285622597561;1.774789916002521;;23;28.613043478521742;7;0;17.543859649999998;14.03508772;21.052631576666663;15.78947368;12.280701756666666;19.298245613333336
2024-10;National;PERPIGNAN;PARIS LYON;317;227;0;;30;15.763888889000002;1.825958702;;27;49.85555556;7.827138643;;27;49.85555556;11;4;29.62962963;11.11111111;29.62962963;11.11111111;11.11111111;7.407407409999999
2024-10;National;LYON PART DIEU;LILLE;187;359;2;;275;9.441757576;6.452334267069748;;74;25.57286669497818;7.746078431337255;;52;31.12211538430769;18;2;9.459459463783784;2.7027027041891896;48.64864865054054;9.459459459864863;10.81081080716216;18.918918914054053
2024-10;National;LYON PART DIEU;PARIS LYON;119;759;0;;299;7.453957636599999;3.076350461;;58;31.68333333;3.7905797101;;47;36.03475177;17;4;14.03508772;17.543859649999998;8.77192982;28.07017544;8.77192982;22.80701754
2024-10;National;NANTES;STRASBOURG;313;59;0;;8;31.6125;4.314124294;;7;61.37380952;10.442937853000002;;7;61.37380952;5;3;28.57142857;14.28571429;14.28571429;0.0;14.28571429;28.57142857
2024-10;National;PARIS LYON;LYON PART DIEU;119;726;0;;53;10.262893082;0.53503214;;44;25.93030303;1.575596878;;31;31.048924731000003;11;2;4.651162789999999;18.60465116;32.558139530000005;30.23255814;2.3255814;11.62790698
2024-10;National;PARIS MONTPARNASSE;ANGERS SAINT LAUD;96;543;0;;51;15.32941177;0.920595457;;62;24.95188172;3.362001228;;38;33.84166667;17;3;19.29824561;5.26315789;22.80701754;28.07017544;8.77192982;15.78947368
2024-10;National;TOURS;PARIS MONTPARNASSE;75;203;0;;16;5.572916667;0.463448845;;48;12.70798611;3.924752475;;9;27.56851852;3;0;2.43902439;29.26829268;46.34146341;9.75609756;0.0;12.19512195
2024-10;National;TOURCOING;BORDEAUX ST JEAN;304;31;1;;2;11.5;0.891111111;;0;0.0;-3.947222222;;0;0.0;0;0;0.0;0.0;0.0;0.0;0.0;0.0
2024-10;National;BREST;PARIS MONTPARNASSE;230;290;0;;16;24.53645833;1.377988506;;21;40.65079365;4.493735632;;21;40.65079365;9;3;28.57142857;38.0952381;4.76190476;14.28571429;9.52380952;4.76190476
2024-10;National;LE CREUSOT MONTCEAU MONTCHANIN;PARIS LYON;79;243;0;;86;7.594379845;2.826886145;;28;22.68035714;3.403978052;;15;34.51666667;4;1;11.53846154;7.69230769;26.92307692;23.07692308;3.84615385;26.92307692
2024-10;National;MARSEILLE ST CHARLES;PARIS LYON;195;549;0;;112;9.507738095;1.759623558;;42;35.95634921;4.610928962;;42;35.95634921;15;4;30.95238095;30.95238095;28.57142857;4.76190476;2.38095238;2.38095238
2024-10;National;PARIS LYON;MULHOUSE VILLE;175;314;0;;35;19.35333333;1.964543524;;33;30.8969697;4.256316348;;20;42.6425;5;2;6.06060606;33.333333329999995;24.24242424;15.15151515;3.03030303;18.18181818
2024-10;National;PARIS LYON;VALENCE ALIXAN TGV;130;427;0;;49;21.18435374;2.162373146;;51;30.47352941;5.169203747;;39;35.85;22;4;13.7254902;3.92156863;27.45098039;33.333333329999995;9.80392157;11.76470588
2024-10;National;ST PIERRE DES CORPS;PARIS MONTPARNASSE;62;541;1;;210;5.425396825;2.279888268;;101;14.46386139;3.357914339;;28;28.18095238;7;1;6.7415730300000005;29.21348315;37.07865169;10.11235955;2.24719101;14.60674157
2024-10;National;VALENCE ALIXAN TGV;PARIS LYON;132;389;0;;211;12.92345972;7.110535405899999;;64;38.27838542;7.875561313;;37;56.91396396;15;8;21.875;17.1875;39.0625;12.5;4.6875;4.6875
2024-10;National;NIMES;PARIS LYON;179;217;0;;85;9.090196078;3.727674419;;44;43.94015152;9.52875969;;26;65.60320513;12;6;29.54545455;13.63636364;29.54545455;11.36363636;11.36363636;4.5454545500000005
2024-10;National;PARIS LYON;CHAMBERY CHALLES LES EAUX;170;192;0;;14;16.69285714;1.092621528;;33;40.91464647;9.027690972;;27;47.40987654;11;5;21.21212121;12.12121212;48.48484848;18.18181818;0.0;0.0
2024-10;National;PARIS MONTPARNASSE;ANGOULEME;130;307;1;;27;14.30493827;0.871623094;;32;29.43802083;4.02832244;;23;35.72971015;9;3;18.75;9.375;18.75;21.875;12.5;18.75
2024-10;International;GENEVE;PARIS LYON;194;249;2;;140;3.57202381;2.212262873;;22;66.8;6.399254743;;22;66.8;16;8;40.90909091;9.09090909;9.09090909;31.818181820000003;4.5454545500000005;4.5454545500000005
2024-10;National;DUNKERQUE;PARIS NORD;132;173;0;;9;8.575925926;0.4360465115999999;;24;23.48194444;5.177228682;;12;33.93055556;6;1;8.33333333;25.0;29.16666667;29.16666667;8.33333333;0.0
2024-10;National;GRENOBLE;PARIS LYON;181;207;0;;21;12.25238095;1.037681159;;32;38.78385417;8.064090177;;16;64.60104167;6;4;18.75;18.75;43.75;12.5;6.25;0.0
2024-10;National;LA ROCHELLE VILLE;PARIS MONTPARNASSE;168;221;0;;19;6.938596491;0.640497738;;28;31.828571429;6.234012066399999;;18;42.03703704;5;2;10.71428571;46.42857143;14.28571429;17.85714286;7.14285714;3.57142857
2024-10;National;MARSEILLE ST CHARLES;TOURCOING;291;31;0;;3;14.10555556;1.029032258;;3;20.66666667;1.661290323;;3;20.66666667;0;0;33.333333329999995;0.0;66.66666667;0.0;0.0;0.0
2024-10;National;PARIS LYON;ANNECY;225;161;0;;14;20.5702381;1.178571429;;22;51.22727273;8.329192547;;22;51.227272727000006;10;4;40.90909091;18.18181818;22.72727273;18.18181818;0.0;0.0
2024-10;International;FRANCFORT;PARIS EST;273;117;1;;52;5.428846154;2.496345029;;8;24.88333333;4.340643275;;8;24.88333333;1;0;37.5;12.5;12.5;37.5;0.0;0.0
2024-10;International;STUTTGART;PARIS EST;202;151;0;;112;6.227529762;4.068918919;;23;42.42608696;8.576463964;;23;42.42608696;9;5;4.34782609;17.39130435;26.08695652;30.43478261;8.695652169999999;13.04347826
2024-10;National;AVIGNON TGV;PARIS LYON;162;499;0;;269;6.271685254;3.388487283;;62;27.75;4.30227577;;38;37.23157895;14;3;17.741935480000002;27.41935484;29.03225806;12.90322581;4.83870968;8.064516130000001
2024-10;National;CHAMBERY CHALLES LES EAUX;PARIS LYON;172;195;0;;89;12.9994382;5.802136752;;48;36.21354167;10.59871795;;31;48.84569893;14;7;20.83333333;18.75;31.25;6.25;8.33333333;14.58333333
2024-10;National;LYON PART DIEU;MARNE LA VALLEE;107;367;1;;274;8.93163017;6.745355191;;71;25.79389671;6.2036885246;;43;34.34302326;18;4;14.08450704;5.63380282;50.70422535;7.04225352;5.63380282;16.901408449999998
2024-10;National;PARIS MONTPARNASSE;POITIERS;99;599;0;;44;13.05719697;0.58786867;;50;23.13333333;2.200751252;;29;31.24712644;10;2;14.000000000000002;12.0;22.0;22.0;14.000000000000002;16.0
2024-10;National;RENNES;PARIS MONTPARNASSE;98;841;0;;323;9.042621259;3.4823622671000005;;124;24.66706989;4.47346413;;58;40.9612069;32;9;13.79310345;38.79310345;17.24137931;16.37931034;6.03448276;7.75862069
2024-10;National;PARIS EST;METZ;85;282;0;;24;7.086805555599999;0.64929078;;26;15.29230769;2.22464539;;10;24.83666667;1;0;4.0;32.0;16.0;20.0;8.0;20.0
2024-10;National;TOULOUSE MATABIAU;PARIS MONTPARNASSE;276;222;0;;27;20.540740741000004;2.534309309;;29;39.09310345;7.130630631;;29;39.09310344800001;16;3;20.68965517;31.03448276;13.79310345;13.79310345;13.79310345;6.896551720000001
2024-10;National;LYON PART DIEU;MONTPELLIER;113;233;0;;114;12.54868421;6.129899857;;49;26.32278912;6.562088698;;33;32.55707071;10;2;14.28571429;16.32653061;32.65306122;20.408163270000003;6.122448980000001;10.20408163
2024-11;International;GENEVE;PARIS LYON;204;210;0;;166;5.214658635;4.268500797;;36;59.77916666699999;10.67392345;;36;59.77916667;26;13;50.0;25.0;11.11111111;2.77777778;11.11111111;0.0
2024-11;National;NICE VILLE;PARIS LYON;344;173;0;;13;10.205128204999998;0.64788054;;22;38.29469697;5.640944123;;22;38.29469697;10;4;31.818181820000003;31.818181820000003;18.18181818;4.5454545500000005;4.5454545500000005;9.09090909
2024-11;National;PARIS MONTPARNASSE;POITIERS;99;565;8;;75;13.23777778;1.310532615;;71;24.90070423;3.474775584;;32;40.43385417;15;8;17.39130435;14.492753620000002;23.1884058;24.63768116;17.39130435;2.89855072
2024-11;National;PARIS MONTPARNASSE;TOURS;81;179;4;;24;11.95416667;1.303619048;;23;26.57753623;3.964476191;;14;37.69761905;7;2;19.04761905;14.28571429;14.28571429;28.57142857;9.52380952;14.28571429
2024-11;National;LAVAL;PARIS MONTPARNASSE;79;272;3;;109;15.265902140999998;6.194069913;;71;30.19037559;8.231772784;;38;48.14166667;22;6;14.92537313;17.91044776;32.8358209;13.43283582;5.97014925;14.92537313
2024-11;National;LYON PART DIEU;LILLE;187;291;0;;219;8.62130898;6.572680412372852;;90;26.42680524556164;10.369530354912028;;69;30.20700483123188;22;7;16.66666666911111;19.99999999955556;21.11111111511111;15.555555555777778;13.333333329111111;13.333333331333334
2024-11;National;MONTPELLIER;LYON PART DIEU;118;165;0;;32;14.7703125;2.910909091;;28;33.7125;7.381818182;;21;40.34761905;4;1;17.85714286;21.42857143;17.85714286;7.14285714;28.57142857;7.14285714
2024-11;National;NIMES;PARIS LYON;189;195;0;;53;10.21100629;2.816839378;;36;46.59814815;6.224006909;;30;53.26166667;16;8;34.28571429;34.28571429;5.71428571;14.28571429;2.85714286;8.57142857
2024-11;National;PARIS MONTPARNASSE;QUIMPER;233;246;8;;52;19.57596154;3.659383754;;31;56.93548387;7.955882353;;31;56.93548387;19;10;38.70967742;9.67741935;9.67741935;19.35483871;19.35483871;3.2258064500000003
2024-11;National;STRASBOURG;NANTES;331;52;0;;11;4.087878788;0.959935897;;6;36.36944444;4.255128205;;6;36.36944444;3;1;50.0;0.0;16.666666669999998;16.666666669999998;0.0;16.666666669999998
2024-11;National;PARIS EST;METZ;85;271;1;;35;24.97190476;3.221604938;;40;35.62541667;6.113827161;;20;60.299166667;13;4;21.05263158;2.63157895;13.15789474;31.57894737;28.947368420000004;2.63157895
2024-11;National;PARIS LYON;MACON LOCHE;95;186;0;;18;16.2712963;1.402777778;;22;40.35227273;6.557168459;;16;50.10208333;10;3;27.27272727;27.27272727;13.63636364;4.5454545500000005;4.5454545500000005;22.72727273
2024-11;International;PARIS EST;FRANCFORT;273;114;7;;17;13.65098039;2.044548287;;5;40.30333333;-2.57211838;;5;40.30333333;3;1;25.0;0.0;25.0;0.0;50.0;0.0
2024-11;National;PARIS LYON;DIJON VILLE;115;405;0;;38;16.71929825;1.34617284;;49;31.10986395;4.975761317;;33;39.72575758;15;6;12.24489796;24.48979592;18.36734694;18.36734694;8.163265309999998;18.36734694
2024-11;National;PARIS LYON;PERPIGNAN;316;165;0;;20;18.74083333;1.993939394;;19;38.30263158;4.379191919;;19;38.30263158;7;2;21.05263158;5.26315789;31.57894737;21.05263158;10.52631579;10.52631579
2024-11;National;NANTES;PARIS MONTPARNASSE;130;582;11;;153;20.82636166;5.345350877;;84;54.5218254;9.232953216;;60;70.95083333;38;18;24.09638554;27.71084337;18.07228916;13.25301205;2.40963855;14.45783133
2024-11;National;NANTES;STRASBOURG;313;56;0;;15;7.846666667;2.058928571;;9;32.01481482;7.365476191;;9;32.01481482;4;1;33.333333329999995;0.0;22.222222220000003;33.333333329999995;0.0;11.11111111
2024-11;National;PARIS LYON;VALENCE ALIXAN TGV;131;351;0;;27;15.77407407;0.950189934;;43;26.46511628;4.67374169;;23;37.82028986;13;4;25.58139535;27.90697674;23.25581395;16.27906977;0.0;6.976744190000001
2024-11;National;ST MALO;PARIS MONTPARNASSE;150;89;0;;3;33.27777778;0.942883895;;12;32.08055556;6.573595506;;10;35.76833333;5;1;8.33333333;25.0;41.666666670000005;25.0;0.0;0.0
2024-11;International;LAUSANNE;PARIS LYON;234;122;0;;68;2.434803922;1.715819209;;21;50.39761905;8.85480226;;21;50.39761905;14;6;47.61904762;19.04761905;28.57142857;0.0;0.0;4.76190476
2024-11;International;PARIS LYON;LAUSANNE;235;126;2;;9;21.56851852;0.853360215;;26;37.00897436;9.021236559;;26;37.00897436;14;2;40.0;16.0;24.000000000000004;8.0;8.0;4.0
2024-11;National;MULHOUSE VILLE;PARIS LYON;179;246;2;;96;8.104340278;3.219467213;;54;36.14814815;9.217281421;;46;40.17934783;19;7;25.92592593;33.333333329999995;20.37037037;14.814814809999998;3.7037037;1.85185185
2024-11;National;PARIS LYON;MULHOUSE VILLE;182;273;0;;43;20.65465116;3.062026862;;54;40.36049383;9.378388278;;40;49.84375;19;11;16.666666669999998;31.48148148;16.666666669999998;16.666666669999998;5.55555556;12.96296296
2024-11;National;LILLE;MARSEILLE ST CHARLES;292;216;2;;53;14.852515723584906;3.5658973881864484;;45;46.51480682837736;10.628075563765888;;45;46.48222222222223;27;9;28.88888888888889;28.888888886666663;13.333333331111112;17.77777777777778;8.888888885555556;2.2222222222222223
2024-11;National;PARIS EST;NANCY;97;295;0;;33;17.07626263;1.9828248588;;27;28.91975309;3.6286440678;;18;37.17037037;5;1;25.92592593;3.7037037;29.62962963;22.22222222;18.51851852;0.0
2024-11;National;PARIS NORD;DUNKERQUE;128;188;1;;15;10.63333333;0.520053476;;26;24.51923077;3.9385026738;;18;29.75;4;0;3.84615385;38.46153846;30.76923077;11.53846154;7.69230769;7.69230769
2024-11;National;LILLE;LYON PART DIEU;183;320;1;;139;11.29808153486187;4.939750931;;82;35.89272332164749;10.86168584368088;;68;40.81029411770589;36;11;23.170731707317078;29.268292682926827;13.414634146341465;17.073170731707318;9.756097561;7.317073170731707
2024-11;National;LILLE;PARIS NORD;69;679;4;;150;8.809777777889334;1.7346962054333332;;98;17.87734418;3.423395353833333;;38;28.68289473689474;11;1;6.224489796;24.08163265;31.22448979367347;7.346938775918367;23.57142857122449;7.551020410612246
2024-11;National;MARNE LA VALLEE;LYON PART DIEU;106;348;1;;244;11.79241803;8.314601345;;94;34.26542553;10.55816523;;72;40.63912037;39;11;20.21276596;27.65957447;15.95744681;19.14893617;10.63829787;6.3829787200000005
2024-11;National;PARIS LYON;ANNECY;238;134;0;;13;15.37435897;1.331094527;;18;45.055555556;7.179104478;;18;45.05555556;12;1;50.0;16.666666669999998;16.666666669999998;5.55555556;0.0;11.11111111
2024-11;National;RENNES;LYON PART DIEU;236;85;0;;21;6.583333333;1.659638554;;14;56.47142857;6.371084337;;14;56.47142857;9;3;35.71428571;0.0;28.57142857;14.28571429;0.0;21.42857143
2024-11;National;DOUAI;PARIS NORD;75;175;1;;57;6.080409357;2.276685935;;40;14.49916667;4.585934489;;11;24.407575758000004;2;0;7.69230769;17.948717950000002;46.15384615;7.69230769;17.948717950000002;2.56410256
2024-11;National;LA ROCHELLE VILLE;PARIS MONTPARNASSE;170;211;4;;23;18.43478261;2.078802589;;30;44.79055556;8.163268608;;21;58.22222222199999;10;6;23.33333333;26.66666667;16.666666669999998;23.33333333;6.666666670000001;3.33333333
2024-11;National;PARIS EST;STRASBOURG;113;629;6;;97;20.16219931;3.0988229;;59;53.394915254;5.852835741;;49;61.46530612;30;16;18.6440678;1.6949152499999998;6.77966102;47.45762712;23.72881356;1.6949152499999998
2024-11;National;PARIS LYON;AVIGNON TGV;171;399;2;;38;21.24605263;1.789588581;;55;40.20484849;6.319689337;;42;48.62261905;21;6;20.37037037;16.666666669999998;16.666666669999998;37.03703704;3.7037037;5.55555556
2024-11;National;PARIS MONTPARNASSE;BREST;240;249;13;;39;15.512393162000002;1.289053672;;24;36.47916667;4.347457627;;24;36.47916667;13;3;20.83333333;37.5;8.33333333;16.666666669999998;4.16666667;12.5
2024-11;National;PARIS NORD;ARRAS;49;490;2;;35;11.75238095;0.533196721;;46;19.55833333;3.3449112022;;20;31.9525;7;0;2.38095238;4.76190476;47.61904762;4.76190476;23.80952381;16.666666669999998
2024-11;National;MARSEILLE ST CHARLES;LYON PART DIEU;107;415;0;;73;12.71849315;2.193574297;;47;28.42198582;5.217871486;;27;39.5691358;12;5;15.2173913;21.73913043;32.60869565;6.521739129999999;13.04347826;10.869565219999998
2024-11;National;PARIS LYON;AIX EN PROVENCE TGV;192;429;2;;40;21.12208333;1.625214676;;49;43.24217687;6.059953162;;42;48.31984127;19;5;16.666666669999998;14.58333333;20.83333333;35.41666667;2.08333333;10.41666667
2024-11;National;PARIS MONTPARNASSE;VANNES;162;254;3;;54;19.14166667;3.687649402;;51;38.24509804;8.756972112;;36;48.66666667;20;8;31.25;4.16666667;18.75;16.666666669999998;25.0;4.16666667
2024-11;National;PARIS NORD;LILLE;66;675;4;;52;7.28012820515;0.283060109;;64;16.28018162367308;1.9608792846508196;;25;27.80333333312;5;1;3.33333333;9.791666667;44.895833333125005;11.5625;22.39583333;8.020833329999999
2024-11;National;RENNES;PARIS MONTPARNASSE;97;756;9;;306;15.924945534000004;6.5350959393000005;;181;32.74677716;8.902833556;;100;51.58983333300001;61;22;16.46341463;23.17073171;27.43902439;17.68292683;5.48780488;9.75609756
2024-11;National;TOULOUSE MATABIAU;PARIS MONTPARNASSE;276;165;0;;16;21.378125;2.078282828;;29;77.94137931;17.24939394;;29;77.94137931000002;18;7;34.48275862;24.13793103;6.896551720000001;20.68965517;10.34482759;3.4482758600000003
2024-11;National;AVIGNON TGV;PARIS LYON;171;415;2;;229;6.910480349;3.798305085;;76;29.16030702;6.726836158200001;;50;37.354;25;8;19.73684211;22.36842105;30.26315789;13.15789474;6.578947370000001;7.894736839999999
2024-11;International;STUTTGART;PARIS EST;203;143;3;;125;6.722933333;5.038609113;;23;37.98768116;8.030095923;;23;37.98768116;8;3;17.39130435;21.73913043;17.39130435;21.73913043;13.04347826;8.695652169999999
2024-11;National;PARIS LYON;MARSEILLE ST CHARLES;204;512;2;;53;18.84150943;1.60124183;;51;44.94607843099999;5.931405229;;51;44.94607843;23;4;18.0;24.0;10.0;40.0;2.0;6.0
2024-11;National;PARIS MONTPARNASSE;TOULOUSE MATABIAU;274;179;0;;19;12.1877193;0.8181564246000002;;33;54.69040404;11.28128492;;33;54.69040404;16;7;27.27272727;21.21212121;27.27272727;6.06060606;18.18181818;0.0
2024-11;International;PARIS LYON;ZURICH;274;110;1;;27;23.28209877;4.064678899;;24;42.32708333299999;9.752140673;;24;42.32708333;13;4;4.16666667;29.16666667;33.333333329999995;16.666666669999998;4.16666667;12.5
2024-11;National;BREST;PARIS MONTPARNASSE;229;261;6;;27;15.57962963;1.695113789;;35;50.01619047599999;8.006760375;;35;50.01619048;22;8;20.0;28.57142857;20.0;20.0;5.71428571;5.71428571
2024-11;National;LYON PART DIEU;RENNES;236;81;0;;29;5.181034483;2.06090535;;10;36.31166667;6.354115226;;10;36.31166667;5;0;20.0;40.0;0.0;30.0;10.0;0.0
2024-11;National;PARIS LYON;LE CREUSOT MONTCEAU MONTCHANIN;79;186;0;;17;12.7;0.971415771;;20;33.02416667;4.25797491;;13;44.60769231;8;3;21.05263158;21.05263158;10.52631579;15.78947368;15.78947368;15.78947368
2024-11;National;BESANCON FRANCHE COMTE TGV;PARIS LYON;137;139;1;;52;13.20192308;4.829927007;;33;48.94040403999999;13.03333333;;28;55.38690476200001;14;9;15.15151515;48.48484848;9.09090909;21.21212121;3.03030303;3.03030303
2024-11;National;BORDEAUX ST JEAN;PARIS MONTPARNASSE;140;969;9;;381;14.97594051;5.830399306;;196;42.68571429;10.73402778;;135;55.87604938;73;36;25.38860104;23.83419689;15.544041450000002;18.13471503;5.69948187;11.398963729999998
2024-11;International;FRANCFORT;PARIS EST;274;112;8;;57;4.845614035;2.537702265;;14;32.06309524;6.341262136;;14;32.06309524;3;2;28.57142857;7.14285714;35.71428571;28.57142857;0.0;0.0
2024-11;National;PARIS LYON;CHAMBERY CHALLES LES EAUX;180;169;0;;16;15.08020833;1.2882643;;43;31.64108527;9.893688363;;30;39.69222222199999;15;3;35.71428571;19.04761905;33.333333329999995;2.38095238;2.38095238;7.14285714
2024-11;National;PARIS LYON;MONTPELLIER;222;213;0;;24;16.02083333;1.513458529;;27;39.71790124;6.587245696;;27;39.71790124;14;4;18.51851852;18.51851852;25.92592593;14.814814809999998;11.11111111;11.11111111
2024-11;National;VALENCE ALIXAN TGV;PARIS LYON;133;320;0;;168;9.022519841;4.831347962;;62;31.32903226;7.0612330199;;49;36.07755102;17;9;22.95081967;24.59016393;26.2295082;16.393442620000002;4.91803279;4.91803279
2024-11;International;PARIS LYON;GENEVE;200;210;1;;24;29.933333333;3.166985646;;31;60.872043011;11.72982456;;31;60.87204301;22;7;46.66666667;26.66666667;6.666666670000001;6.666666670000001;10.0;3.33333333
2024-11;National;ANGOULEME;PARIS MONTPARNASSE;124;329;3;;181;9.325506446;5.269254658;;68;42.63186275;9.07189441;;44;58.8375;25;9;23.52941176;22.05882353;13.23529412;19.11764706;8.82352941;13.23529412
2024-11;National;QUIMPER;PARIS MONTPARNASSE;231;244;2;;23;24.83985507;2.437588653;;38;64.81140351;10.73049645;;38;64.81140351;28;10;26.31578947;31.57894737;7.894736839999999;18.42105263;10.52631579;5.26315789
2024-11;National;PARIS MONTPARNASSE;ANGERS SAINT LAUD;96;506;9;;82;21.18658537;2.751643193;;63;46.12433862;6.577632461;;44;60.99318182;21;11;39.3442623;14.75409836;9.83606557;21.31147541;6.55737705;8.196721310000001
2024-11;National;PARIS MONTPARNASSE;LA ROCHELLE VILLE;182;213;4;;37;13.09504505;1.958452951;;28;38.60714286;6.377990431;;24;42.875;11;4;39.28571429;7.14285714;14.28571429;17.85714286;14.28571429;7.14285714
2024-11;International;BARCELONA;PARIS LYON;409;44;0;;16;3.4375;1.204545455;;5;20.39;3.501136364;;5;20.39;0;0;20.0;0.0;60.0;20.0;0.0;0.0
2024-11;National;LE MANS;PARIS MONTPARNASSE;56;432;7;;204;14.44174837;7.131325301;;119;36.2640056;8.965903615;;55;67.30454546;37;17;17.11711712;21.621621620000003;28.82882883;12.61261261;3.6036036;16.21621622
2024-11;National;LYON PART DIEU;MARNE LA VALLEE;107;299;4;;223;8.645665172;6.311638418;;82;24.0898374;8.000847458;;57;28.990350877000004;18;1;19.51219512;23.17073171;19.51219512;17.07317073;10.97560976;9.75609756
2024-11;National;MARSEILLE ST CHARLES;PARIS LYON;205;454;2;;92;11.46557971;2.130968219;;54;35.33703704;6.457206208;;54;35.33703704;24;6;24.07407407;31.48148148;18.51851852;14.814814809999998;5.55555556;5.55555556
2024-11;National;PARIS LYON;SAINT ETIENNE CHATEAUCREUX;172;70;9;;7;14.86190476;1.39863388;;11;26.20909091;6.443442623000001;;7;33.03095238;5;0;18.18181818;45.45454545;9.09090909;0.0;18.18181818;9.09090909
2024-11;National;PARIS MONTPARNASSE;LE MANS;61;423;6;;63;23.83068783;2.6223958333;;67;25.94179105;4.774519231;;31;44.78387097;19;7;11.290322580000002;12.90322581;14.51612903;32.258064520000005;19.35483871;9.67741935
2024-11;National;POITIERS;PARIS MONTPARNASSE;96;467;7;;164;10.28170732;3.470652174;;83;27.55662651;6.39673913;;48;40.43611111;21;8;20.25316456;31.645569620000003;21.51898734;13.924050630000002;7.59493671;5.06329114
2024-11;National;AIX EN PROVENCE TGV;PARIS LYON;194;410;2;;241;6.15988935;3.722712418;;46;34.752898550999994;5.67377451;;45;35.20814815;20;5;26.08695652;23.91304348;15.2173913;19.56521739;8.695652169999999;6.521739129999999
2024-11;National;MARSEILLE ST CHARLES;LILLE;284;184;1;;28;4.674404761892857;0.4275045537628414;;42;32.06987723;9.761566484737706;;42;31.86825396833333;12;5;16.666666666666664;28.57142857142857;23.809523809523807;11.904761904761903;9.523809523809524;9.523809523809524
2024-11;National;MONTPELLIER;PARIS LYON;219;195;0;;41;13.25284553;2.790120275;;30;53.26166667;7.426890034;;30;53.26166667;16;8;36.66666667;36.66666667;3.33333333;13.33333333;3.33333333;6.666666670000001
2024-11;International;PARIS EST;STUTTGART;192;140;5;;27;16.62160494;2.649259259;;34;35.91176471;15.01493827;;34;35.91176471;15;5;23.52941176;5.88235294;32.35294118;23.52941176;5.88235294;8.82352941
2024-11;International;ZURICH;PARIS LYON;264;107;1;;41;1.491463415;1.034920635;;19;32.92017544;6.980158730200001;;19;32.92017544;8;1;26.31578947;36.84210526;36.84210526;0.0;0.0;0.0
2024-11;National;BORDEAUX ST JEAN;TOURCOING;321;25;0;;3;40.91666667;4.715333333;;4;53.25;7.84;;4;53.25;3;2;0.0;0.0;25.0;0.0;50.0;25.0
2024-11;National;CHAMBERY CHALLES LES EAUX;PARIS LYON;179;176;0;;69;7.658695652199999;2.892234849;;50;32.35133333;10.62035985;;40;37.07333333;19;4;30.6122449;20.40816327;40.816326530000005;6.12244898;2.04081633;0.0
2024-11;National;DUNKERQUE;PARIS NORD;131;164;1;;6;5.166666667;0.192546584;;29;22.280459770000004;5.754244306;;15;30.98777778;4;2;6.896551720000001;34.48275862;37.93103448;13.79310345;3.4482758600000003;3.4482758600000003
2024-11;National;MARNE LA VALLEE;MARSEILLE ST CHARLES;209;244;2;;141;12.5034279;7.403581267;;51;46.10849673;10.54352617;;51;46.10849673;32;10;25.49019608;29.41176471;13.7254902;21.56862745;7.84313725;1.96078431
2024-11;International;PARIS LYON;BARCELONA;407;44;0;;4;14.65833333;1.096969697;;5;36.6;6.068181818;;5;36.6;4;0;20.0;20.0;40.0;20.0;0.0;0.0
2024-11;National;ARRAS;PARIS NORD;50;489;4;;280;6.888869048;4.004958678;;113;17.69941003;5.174311295;;39;30.648290598;13;2;8.03571429;26.78571429;34.82142857;10.71428571;15.178571430000002;4.46428571
2024-11;National;LYON PART DIEU;MARSEILLE ST CHARLES;106;450;2;;229;15.3342067;7.973527219;;98;37.75748299;9.412416107;;76;44.88881579;37;14;23.46938776;22.44897959;24.48979592;18.36734694;5.102040820000001;6.122448980000001
2024-11;National;LYON PART DIEU;MONTPELLIER;117;215;0;;107;15.29657321;7.739689922500001;;56;34.70714286;10.30395349;;42;41.79484127;17;8;19.64285714;14.28571429;30.357142860000003;21.42857143;10.71428571;3.57142857
2024-11;National;PARIS EST;REIMS;46;228;0;;34;11.89362745;1.870540936;;29;21.27643678;3.174049708;;13;33.65128205;3;3;10.714285710000002;14.28571429;14.28571429;32.14285713999999;17.85714286;10.714285710000002
2024-11;National;PARIS LYON;NIMES;192;214;0;;24;16.02083333;1.536214953;;31;27.48064516;5.807554517;;21;34.54365079;11;2;12.90322581;22.58064516;16.129032260000002;29.03225806;12.90322581;6.451612900000001
2024-11;National;TOURCOING;BORDEAUX ST JEAN;304;25;0;;2;39.5;3.16;;4;48.125;5.994666667;;4;48.125;2;1;0.0;25.0;25.0;25.0;0.0;25.0
2024-11;International;ITALIE;PARIS LYON;532;29;0;;12;57.93472222;24.03563218;;9;32.34444444;12.06436782;;9;32.34444444;4;0;37.5;12.5;37.5;12.5;0.0;0.0
2024-11;National;PARIS MONTPARNASSE;LAVAL;84;302;2;;51;19.68202614;2.955239688;;46;31.69963768;6.052285396;;26;47.80576923;17;6;6.976744190000001;20.93023256;18.604651160000003;18.604651160000003;32.558139530000005;2.3255814
2024-11;National;SAINT ETIENNE CHATEAUCREUX;PARIS LYON;167;57;0;;5;4.2;0.773856209;;16;34.41041667;12.41960784;;14;37.55476191;8;2;12.5;68.75;12.5;6.25;0.0;0.0
2024-11;National;LYON PART DIEU;PARIS LYON;135;681;0;;301;7.201771872;3.3115120275000005;;108;30.89182099;5.863966618;;83;36.10863454;43;7;23.36448598;34.57943925;11.21495327;13.08411215;10.28037383;7.476635510000001
2024-11;National;MARSEILLE ST CHARLES;TOURCOING;284;26;1;;5;9.476666667;1.695333333;;6;41.83333333;12.62;;6;41.83333333;5;1;0.0;16.666666669999998;16.666666669999998;16.666666669999998;0.0;50.0
2024-11;National;METZ;PARIS EST;88;308;0;;106;13.82138365;4.791720779;;52;36.6823718;6.783928571;;33;51.98484849;17;6;19.23076923;9.61538462;25.0;23.07692308;17.30769231;5.76923077
2024-11;National;PARIS LYON;NICE VILLE;343;168;0;;24;15.875694444;1.9545634921;;32;36.26979167;9.379563492;;32;36.26979167;14;2;28.125;21.875;21.875;12.5;6.25;9.375
2024-11;National;PARIS LYON;TOULON;237;219;0;;29;15.2091954;1.695585997;;31;35.07473118;5.797031964;;31;35.07473118;13;2;25.80645161;25.80645161;6.451612900000001;16.129032260000002;6.451612900000001;19.35483871
2024-11;National;STRASBOURG;PARIS EST;116;618;5;;290;8.497643678;4.073409462;;93;32.68996416;5.778820011;;60;43.23194444;23;7;15.05376344;13.97849462;23.65591398;19.35483871;15.05376344;12.90322581
2024-11;National;TOURS;PARIS MONTPARNASSE;74;180;3;;21;10.69920635;1.252448211;;43;15.53410853;4.795291902;;11;35.10606061;2;1;13.15789474;26.31578947;42.10526316;5.26315789;2.63157895;10.52631579
2024-11;National;LE CREUSOT MONTCEAU MONTCHANIN;PARIS LYON;81;204;0;;110;7.344848485;4.062009804;;32;23.95208333;4.260457516;;19;32.26140351;8;0;20.0;33.333333329999995;13.33333333;6.666666670000001;10.0;16.666666669999998
2024-11;National;MARSEILLE ST CHARLES;MARNE LA VALLEE;208;244;3;;39;10.43931624;1.404356847;;51;33.13954248;9.513485477;;51;33.13954248;15;5;19.60784314;29.41176471;17.64705882;11.76470588;11.76470588;9.80392157
2024-11;National;PARIS LYON;BELLEGARDE (AIN);170;217;0;;24;29.933333333;3.115898618;;41;46.25040650399999;10.22112135;;33;53.90050505;21;8;41.46341463;24.3902439;4.87804878;14.63414634;9.75609756;4.87804878
2024-11;National;PARIS LYON;BESANCON FRANCHE COMTE TGV;134;149;0;;11;12.898484848000004;0.729977629;;33;28.89191919;8.283221477;;15;47.55666666700001;6;4;18.18181818;21.21212121;18.18181818;30.3030303;0.0;12.12121212
2024-11;National;PARIS LYON;LYON PART DIEU;135;665;2;;61;13.62923497;1.016214178;;71;31.60399061;4.084741076;;53;37.64433962;27;6;21.12676056;35.21126761;8.45070423;12.67605634;8.45070423;14.08450704
2024-11;National;PARIS MONTPARNASSE;NANTES;134;584;13;;88;20.18844697;2.742235844;;77;49.6482684;7.172796264;;56;63.15238095;28;13;37.33333333;17.333333330000002;14.66666667;18.66666667;5.33333333;6.666666670000001
2024-11;National;PARIS MONTPARNASSE;ST PIERRE DES CORPS;69;509;7;;70;13.1;1.486088977;;66;24.27828283;3.912450199;;28;42.90357143;17;6;11.290322580000002;16.129032260000002;24.19354839;29.03225806;11.290322580000002;8.064516130000001
2024-11;National;PERPIGNAN;PARIS LYON;317;167;0;;18;13.15740741;1.228143713;;30;49.32555556;9.713972056;;30;49.32555556;12;7;36.66666667;20.0;16.666666669999998;13.33333333;3.33333333;10.0
2024-11;National;ANGERS SAINT LAUD;PARIS MONTPARNASSE;92;503;6;;205;16.32260163;6.845488216;;97;44.85945017;9.135185185;;57;68.44590643;35;16;22.82608696;28.260869570000004;21.73913043;11.95652174;2.17391304;13.04347826
2024-11;National;PARIS MONTPARNASSE;RENNES;104;755;7;;138;16.56050725;2.687260152;;97;35.98247423;5.285274431;;65;47.21384615;38;16;10.30927835;9.27835052;15.463917529999998;27.83505155;25.77319588;11.34020619
2024-11;National;MACON LOCHE;PARIS LYON;95;191;0;;144;12.60613426;9.56245614;;54;34.29475309;10.32078947;;43;39.63062016;20;5;33.96226415;20.75471698;35.849056600000004;5.660377359999999;1.88679245;1.88679245
2024-11;National;ST PIERRE DES CORPS;PARIS MONTPARNASSE;62;505;8;;192;11.44314236;4.587171717;;116;23.44827586;6.407508418;;47;44.85319148899999;18;7;15.53398058;21.3592233;27.18446602;11.65048544;7.766990290000001;16.50485437
2024-11;National;TOULON;PARIS LYON;239;221;0;;90;7.691296296;3.119155354;;29;36.45747126;6.333785822;;29;36.45747126;12;4;27.5862069;34.48275862;17.24137931;10.34482759;3.4482758600000003;6.896551720000001
2024-11;National;GRENOBLE;PARIS LYON;188;175;0;;9;19.38888889;1.008666667;;46;36.07608696;10.88895238;;41;38.84918699;26;4;21.73913043;21.73913043;30.43478261;21.73913043;4.34782609;0.0
2024-11;National;PARIS LYON;GRENOBLE;190;201;0;;16;20.19791667;1.401741294;;40;42.2875;9.893034826;;37;44.67567568;21;6;45.0;22.5;12.5;10.0;7.5;2.5
2024-11;National;PARIS MONTPARNASSE;ANGOULEME;131;297;3;;32;14.57239583;1.183503401;;29;34.34770115;4.159977324;;22;41.10606061;11;5;21.428571430000005;14.28571429;21.428571430000005;10.714285710000002;25.0;7.14285714
2024-11;National;PARIS MONTPARNASSE;BORDEAUX ST JEAN;147;971;3;;131;14.2370229;1.523395445;;126;33.70925926;5.104692892;;90;41.99851852;43;17;25.6;12.8;17.599999999999998;13.6;17.599999999999998;12.8
2024-11;National;PARIS MONTPARNASSE;ST MALO;159;93;0;;15;11.56444444;1.52921147;;15;26.31111111;5.621326165;;12;29.70277778;3;1;26.66666667;6.666666670000001;13.33333333;13.33333333;26.66666667;13.33333333
2024-11;International;PARIS LYON;ITALIE;502;26;0;;3;13.80555556;1.517948718;;0;0.0;0.0;;0;0.0;0;0;0.0;0.0;0.0;0.0;0.0;0.0
2024-11;National;ANNECY;PARIS LYON;236;128;0;;13;11.07692308;1.08203125;;26;35.06282051;9.3203125;;26;35.06282051;12;3;30.76923077;23.07692308;34.61538462;7.69230769;3.84615385;0.0
2024-11;National;NANCY;PARIS EST;95;284;1;;76;8.130482456;2.265783274;;36;30.46018519;4.911601885;;22;42.90757576;8;4;25.71428571;17.14285714;20.0;28.57142857;2.85714286;5.71428571
2024-11;National;PARIS NORD;DOUAI;71;132;0;;9;20.34814815;1.104671717;;18;21.58425926;4.560606061;;10;31.880000000000003;3;0;0.0;5.55555556;38.88888889;16.666666669999998;22.222222220000003;16.666666669999998
2024-11;National;REIMS;PARIS EST;46;229;0;;41;9.696747968;1.794395924;;32;19.62604167;3.409825328;;12;36.33194444;6;2;16.129032260000002;25.80645161;16.129032260000002;22.580645160000003;16.129032260000002;3.2258064500000003
2024-11;National;VANNES;PARIS MONTPARNASSE;164;263;2;;137;13.70486618;7.299294872;;51;53.18496732;11.99512821;;41;62.83292683;29;11;22.0;32.0;12.0;18.0;8.0;8.0
2024-11;National;BELLEGARDE (AIN);PARIS LYON;169;217;0;;64;16.46692708;4.890092166;;41;54.11788618;10.76950845;;36;59.77916667;26;13;43.90243902;26.82926829;17.07317073;2.43902439;9.75609756;0.0
2024-11;National;DIJON VILLE;PARIS LYON;116;391;2;;245;10.90863946;6.940659812;;80;40.7575;9.421208226;;61;49.33879781;30;15;21.25;28.75;23.75;16.25;5.0;5.0
2024-12;International;PARIS EST;STUTTGART;190;149;3;;29;19.40229885;3.807534247;;42;35.03253968;14.99406393;;42;35.03253968;21;4;16.666666669999998;7.14285714;28.57142857;30.95238095;11.9047619;4.76190476
2024-12;International;PARIS LYON;ITALIE;497;31;0;;3;12.88888889;1.328494624;;0;0.0;0.0;;0;0.0;0;0;0.0;0.0;0.0;0.0;0.0;0.0
2024-12;National;PARIS EST;NANCY;97;292;0;;41;15.0703252;2.184246575;;23;37.49710145;4.849372146;;23;37.49710145;10;3;17.39130435;8.695652169999999;17.39130435;26.08695652;26.08695652;4.34782609
2024-12;International;PARIS LYON;LAUSANNE;230;176;3;;20;22.6075;2.437090559;;24;35.37291667;5.609537572;;24;35.37291667;11;3;37.5;16.666666669999998;12.5;25.0;8.33333333;0.0
2024-12;National;LYON PART DIEU;MARNE LA VALLEE;107;357;2;;265;13.6645283;10.22741784;;99;42.64158249;13.25394366;;76;51.42061404;37;17;8.08080808;25.25252525;37.37373737;11.11111111;3.03030303;15.15151515
2024-12;National;MARSEILLE ST CHARLES;LILLE;284;220;1;;35;17.060952381160003;2.438812785370776;;55;56.28862649828572;17.576103501004564;;55;56.55575757581818;33;14;12.727272728363635;21.81818182;21.81818181690909;16.36363636;7.272727276181818;20.000000004545456
2024-12;National;PARIS LYON;DIJON VILLE;96;385;0;;50;17.08766667;2.056363636;;32;26.3046875;2.657619048;;23;31.35289855;10;1;6.25;6.25;12.5;43.75;12.5;18.75
2024-12;National;PARIS LYON;MARSEILLE ST CHARLES;195;587;0;;45;14.52407407;0.852271437;;32;36.07395833;3.184099943;;32;36.07395833;15;5;12.5;21.875;15.625;25.0;15.625;9.375
2024-12;National;PARIS LYON;MONTPELLIER;209;219;0;;25;22.912;2.378386606;;22;40.28939394;4.933637747;;22;40.28939394;12;2;18.18181818;22.72727273;4.5454545500000005;40.90909091;9.09090909;4.5454545500000005
2024-12;National;REIMS;PARIS EST;46;219;0;;31;14.16344086;2.078995434;;21;29.48888889;3.920700152;;11;46.92272727299999;6;3;19.04761905;0.0;19.04761905;42.85714286;14.28571429;4.76190476
2024-12;National;ST PIERRE DES CORPS;PARIS MONTPARNASSE;62;507;6;;167;7.00748503;2.475815037;;75;19.22;3.892980705;;23;40.05;9;5;4.83870968;27.41935484;41.93548387;19.35483871;1.61290323;4.83870968
2024-12;National;TOURCOING;BORDEAUX ST JEAN;305;30;0;;1;2.0;0.053888889;;0;0.0;-4.880555556;;0;0.0;0;0;0.0;0.0;0.0;0.0;0.0;0.0
2024-12;National;VALENCE ALIXAN TGV;PARIS LYON;133;392;0;;200;8.347833333;4.392844902;;48;41.06909722;6.047557841;;33;53.58434343;15;6;20.83333333;31.25;31.25;16.666666669999998;0.0;0.0
2024-12;International;ITALIE;PARIS LYON;494;44;0;;20;2.023333333;1.068604651;;9;33.99074074;9.12248062;;9;33.99074074;3;1;0.0;11.11111111;77.77777778000001;0.0;0.0;11.11111111
2024-12;National;BORDEAUX ST JEAN;TOURCOING;321;30;2;;4;16.20833333;0.9125;;6;47.5;10.14285714;;6;47.5;3;2;0.0;0.0;33.333333329999995;50.0;0.0;16.666666669999998
2024-12;National;MACON LOCHE;PARIS LYON;96;226;0;;191;11.1491274;9.450442478;;50;27.333666667;7.638053097;;40;30.757083333000004;11;3;6.0;20.0;60.0;2.0;2.0;10.0
2024-12;National;MARNE LA VALLEE;LYON PART DIEU;106;415;0;;332;12.351104417999998;9.9616344605;;117;32.5985755;11.0715781;;83;40.42369478;34;13;10.25641026;17.948717950000002;27.35042735;29.05982906;12.82051282;2.56410256
2024-12;National;PARIS MONTPARNASSE;ST MALO;158;96;7;;8;8.289583333;0.434082397;;8;32.25208333;3.894194757;;6;38.56388889;2;1;25.0;25.0;12.5;25.0;12.5;0.0
2024-12;National;PARIS NORD;DOUAI;72;124;0;;9;9.909259259;0.457526882;;18;17.17777778;4.075672043;;5;40.30666667;2;1;11.764705879999998;5.882352939999999;29.41176471;35.294117650000004;17.64705882;0.0
2024-12;National;POITIERS;PARIS MONTPARNASSE;96;469;4;;210;8.65984127;3.687885305;;89;20.91610487;5.453405018;;39;34.44358974;12;6;10.97560976;29.26829268;32.92682927;14.63414634;4.878048779999999;7.31707317
2024-12;National;NANCY;PARIS EST;95;288;0;;56;8.07827381;1.671527778;;28;34.09107143;4.515509259;;16;51.84479167;10;4;14.28571429;25.0;25.0;14.28571429;14.28571429;7.14285714
2024-12;National;PARIS LYON;VALENCE ALIXAN TGV;131;414;0;;37;20.06801802;1.5452495974000002;;41;25.82926829;3.953623188;;27;32.45432099;10;2;7.31707317;14.63414634;24.3902439;36.58536585;14.63414634;2.43902439
2024-12;International;PARIS LYON;GENEVE;191;254;1;;41;16.15813008;2.464097497;;37;28.52342342;5.510474308;;37;28.52342342;9;2;54.05405405;13.51351351;2.7027027;21.62162162;5.40540541;2.7027027
2024-12;International;STUTTGART;PARIS EST;199;148;3;;131;5.946310433;5.084022989;;27;27.30617284;7.69137931;;27;27.30617284;6;0;14.814814809999998;7.407407409999999;22.22222222;11.11111111;29.62962963;14.814814809999998
2024-12;National;MARSEILLE ST CHARLES;MARNE LA VALLEE;208;290;2;;48;15.640625;2.292361111;;61;55.41885246;13.75393519;;61;55.41885246;31;13;9.83606557;26.2295082;27.86885246;9.83606557;8.196721310000001;18.03278689
2024-12;National;PARIS LYON;CHAMBERY CHALLES LES EAUX;173;230;0;;22;11.684848485000002;0.961014493;;36;25.12685185;6.101449275;;25;30.719333333;5;1;0.0;19.44444444;44.444444440000005;16.666666669999998;5.55555556;13.88888889
2024-12;National;PARIS MONTPARNASSE;LE MANS;58;451;1;;44;21.52651515;1.734333333;;59;20.12146893;3.073296296;;20;42.8275;9;3;17.30769231;3.84615385;32.69230768999999;26.92307692;17.30769231;1.92307692
2024-12;National;PARIS MONTPARNASSE;TOULOUSE MATABIAU;277;218;1;;22;11.28712121;0.675806452;;18;46.46388889;1.649462366;;18;46.46388889;10;4;33.333333329999995;16.666666669999998;22.222222220000003;5.55555556;22.222222220000003;0.0
2024-12;National;RENNES;PARIS MONTPARNASSE;97;802;6;;349;13.26709647;5.801341719;;160;32.79260417;7.429916142600001;;90;50.57611111;42;22;21.47651007;20.13422819;26.17449664;22.14765101;4.69798658;5.36912752
2024-12;National;STRASBOURG;NANTES;335;59;1;;15;6.206666667;1.584195402;;8;33.34166667;5.679310345;;8;33.34166667;4;1;12.5;12.5;12.5;50.0;0.0;12.5
2024-12;International;LAUSANNE;PARIS LYON;230;173;0;;87;2.87835249;1.838529412;;17;43.99117647;4.751862745;;17;43.99117647;3;1;35.294117650000004;17.64705882;23.52941176;11.76470588;0.0;11.76470588
2024-12;National;PARIS LYON;LYON PART DIEU;119;669;2;;74;23.20202703;2.335257371;;58;47.29425287;5.094102949;;50;52.659;29;14;12.06896552;18.96551724;3.4482758600000003;18.96551724;31.03448276;15.51724138
2024-12;National;PARIS LYON;PERPIGNAN;314;188;0;;20;22.63333333;2.167021277;;19;39.41754386;4.032624114;;19;39.41754386;7;2;31.57894737;0.0;15.78947368;31.57894737;10.52631579;10.52631579
2024-12;National;PARIS MONTPARNASSE;ST PIERRE DES CORPS;64;539;10;;49;12.239115646000002;0.747227473;;63;16.4026455;2.728134846;;22;27.92348485;5;1;6.55737705;16.393442620000002;29.50819672;29.50819672;11.47540984;6.55737705
2024-12;National;TOULOUSE MATABIAU;PARIS MONTPARNASSE;279;221;0;;19;22.87807018;1.958030303;;25;53.08533333;8.069015152;;25;53.08533333;12;7;36.0;16.0;8.0;20.0;16.0;4.0
2024-12;International;PARIS EST;FRANCFORT;244;147;4;;27;21.85555556;3.508624709;;32;39.02395833;10.08962704;;32;39.02395833;16;3;17.24137931;6.896551720000001;24.13793103;37.93103448;6.896551720000001;6.896551720000001
2024-12;National;ST MALO;PARIS MONTPARNASSE;149;98;0;;3;10.32777778;0.266483517;;11;32.36212121;5.815934066;;9;36.45555556;4;1;18.18181818;27.27272727;9.09090909;45.45454545;0.0;0.0
2024-12;International;BARCELONA;PARIS LYON;408;63;0;;20;8.8;2.682539683;;6;54.06111111;7.058730159;;6;54.06111111;3;2;16.666666669999998;0.0;66.66666667;16.666666669999998;0.0;0.0
2024-12;National;LYON PART DIEU;MARSEILLE ST CHARLES;104;509;1;;270;14.40055556;7.78678501;;119;36.66414566;10.07804076;;98;41.61581633;40;18;8.62068966;21.55172414;22.4137931;25.0;8.62068966;13.79310345
2024-12;National;LYON PART DIEU;MONTPELLIER;112;263;0;;156;13.98728633;8.401901141;;69;36.4031401;10.25969582;;55;42.13878788;27;9;20.28985507;18.84057971;33.333333329999995;10.14492754;7.246376810000001;10.14492754
2024-12;National;LYON PART DIEU;PARIS LYON;119;710;1;;291;9.286254296;3.930841561;;93;33.02939068;5.129431124;;68;40.2502451;26;10;16.129032260000002;23.65591398;19.35483871;23.65591398;9.67741935;7.52688172
2024-12;National;PARIS MONTPARNASSE;LA ROCHELLE VILLE;179;224;1;;18;18.44074074;1.084603886;;15;35.66666667;3.2556053812;;14;37.42857143;6;3;26.66666667;13.33333333;6.666666670000001;13.33333333;33.333333329999995;6.666666670000001
2024-12;National;METZ;PARIS EST;86;310;4;;83;8.80502008;2.428344298;;45;24.84074074;4.592050439;;22;39.71212121;9;3;13.33333333;17.77777778;33.333333329999995;4.44444444;15.55555556;15.55555556
2024-12;National;ANGOULEME;PARIS MONTPARNASSE;125;337;0;;189;7.009964727;3.945535714;;55;29.61090909;5.909424603;;34;39.56470588;13;8;12.72727273;27.27272727;25.45454545;20.0;5.45454545;9.09090909
2024-12;National;PARIS MONTPARNASSE;BREST;233;268;19;;30;17.53555556;0.886613119;;16;48.875;2.202811245;;16;48.875;11;5;20.0;26.66666667;6.666666670000001;20.0;6.666666670000001;20.0
2024-12;National;PARIS MONTPARNASSE;NANTES;131;591;4;;63;11.27857143;0.817319705;;62;34.14973118;4.189381034;;53;37.83018868;25;6;29.03225806;19.35483871;17.741935480000002;3.2258064500000003;14.51612903;16.129032260000002
2024-12;National;PARIS NORD;LILLE;67;634;1;;45;15.810000000333334;0.8368615060516588;;73;23.349466463666666;3.537335439729858;;32;39.69635417;14;5;18.591159907260277;5.656208574246575;38.62243221684931;9.97654577;11.44271842219178;15.710935108219177
2024-12;International;FRANCFORT;PARIS EST;246;148;4;;97;5.200171821;3.597086247;;29;40.90344828;12.05792541;;29;40.90344828;9;4;10.34482759;24.13793103;31.03448276;24.13793103;3.4482758600000003;6.896551720000001
2024-12;National;ARRAS;PARIS NORD;51;470;7;;254;6.549146982;3.647840173;;111;18.83378378;5.652735781;;38;37.17850877;14;6;16.363636360000005;13.63636364;36.36363636;21.81818182;10.90909091;0.90909091
2024-12;National;LILLE;PARIS NORD;69;640;1;;151;8.476821192;1.776473656769953;;96;19.357135626708608;4.156285863360094;;37;40.85900900894595;17;8;15.654761906145836;15.11904762;32.17261904979167;13.898809521979166;18.45238095229167;4.702380953
2024-12;National;NIMES;PARIS LYON;179;225;0;;57;6.036549708;1.557507508;;21;57.711904762;4.051276276;;13;84.40897436;7;5;33.333333329999995;38.0952381;14.28571429;14.28571429;0.0;0.0
2024-12;National;PARIS EST;METZ;85;277;5;;35;24.57666667;3.174080882;;42;27.30992064;5.125428922;;21;45.34047619;13;5;17.5;15.0;22.500000000000004;27.500000000000004;10.0;7.5
2024-12;National;PARIS LYON;AIX EN PROVENCE TGV;182;485;0;;39;17.48547009;1.139278351;;32;35.9890625;3.333195876;;30;37.44666667;15;4;9.375;15.625;12.5;31.25;12.5;18.75
2024-12;National;BORDEAUX ST JEAN;PARIS MONTPARNASSE;139;1036;1;;287;17.81463415;4.796747182;;157;40.63152866;7.839162641;;114;50.78450292;55;29;21.65605096;28.02547771;18.47133758;19.10828025;3.821656050000001;8.91719745
2024-12;National;NICE VILLE;PARIS LYON;346;201;1;;20;32.88916667;3.154690117;;30;53.222222222000006;8.011725293;;30;53.22222222;14;7;30.0;26.66666667;16.666666669999998;3.33333333;16.666666669999998;6.666666670000001
2024-12;International;GENEVE;PARIS LYON;194;249;0;;222;3.234984985;2.986760753;;26;41.16538462;4.993615591;;26;41.16538462;11;2;42.30769231;19.23076923;26.92307692;3.84615385;0.0;7.69230769
2024-12;International;PARIS LYON;BARCELONA;407;60;0;;6;22.322222222000004;2.018055556;;8;38.375;7.133333333;;8;38.375;4;1;37.5;0.0;25.0;25.0;0.0;12.5
2024-12;National;NANTES;STRASBOURG;315;59;1;;17;6.628431373;1.970114943;;8;36.89166667;7.818390805;;8;36.89166667;3;1;12.5;25.0;12.5;12.5;0.0;37.5
2024-12;National;PARIS LYON;ANNECY;225;156;0;;14;14.951190476000004;1.176282051;;19;26.44736842;4.628205128;;19;26.44736842;4;0;0.0;21.05263158;36.84210526;15.78947368;5.26315789;21.05263158
2024-12;National;PARIS LYON;GRENOBLE;179;228;0;;17;16.95490196;1.015497076;;33;28.07575758;4.875;;25;33.06;10;2;18.18181818;21.21212121;27.27272727;6.06060606;12.12121212;15.15151515
2024-12;National;PARIS LYON;LE CREUSOT MONTCEAU MONTCHANIN;80;209;0;;19;19.76052632;1.603189793;;16;31.328125;2.7447368421000005;;13;36.37820513;5;1;6.25;18.75;18.75;25.0;12.5;18.75
2024-12;National;PARIS MONTPARNASSE;TOURS;78;171;3;;11;10.45909091;0.236607143;;19;15.49824561;2.487698413;;7;24.0452381;1;0;11.11111111;11.11111111;33.333333329999995;44.444444440000005;0.0;0.0
2024-12;National;TOULON;PARIS LYON;239;254;2;;87;15.40268199;5.289880952;;41;48.50365854;8.681018519;;41;48.50365854;19;8;24.3902439;24.3902439;26.82926829;4.87804878;12.19512195;7.31707317
2024-12;National;MARNE LA VALLEE;MARSEILLE ST CHARLES;211;285;0;;194;13.15438144;9.05005848;;61;48.72349727;11.80239766;;61;48.72349727;29;16;11.47540984;21.31147541;18.03278689;21.31147541;9.83606557;18.03278689
2024-12;National;MARSEILLE ST CHARLES;LYON PART DIEU;105;493;0;;120;18.43569444;4.394658553;;92;40.36865942;9.032488168;;56;57.81636905;34;17;8.791208790000002;27.472527470000003;36.26373626;17.582417580000005;0.0;9.890109889999998
2024-12;National;PARIS LYON;SAINT ETIENNE CHATEAUCREUX;172;119;2;;15;25.26444444;3.03974359;;17;54.8372549;9.557834758;;12;72.38194444;10;4;23.52941176;11.76470588;5.88235294;29.41176471;23.52941176;5.88235294
2024-12;National;SAINT ETIENNE CHATEAUCREUX;PARIS LYON;168;110;0;;20;8.405833333;1.849537037;;25;28.629333333;8.011265432;;19;33.41403509;6;1;20.0;24.0;20.0;28.000000000000004;8.0;0.0
2024-12;National;STRASBOURG;PARIS EST;115;701;4;;380;10.3281579;5.691535151;;123;26.036178862000003;6.1986131038000005;;88;31.08219697;26;8;17.07317073;8.943089429999999;23.57723577;16.2601626;21.95121951;12.19512195
2024-12;National;AIX EN PROVENCE TGV;PARIS LYON;184;460;1;;242;10.72706612;5.732861293;;59;50.92542373;7.126761075;;59;50.92542373;30;15;18.6440678;28.81355932;22.03389831;10.16949153;8.47457627;11.86440678
2024-12;National;CHAMBERY CHALLES LES EAUX;PARIS LYON;174;243;0;;111;7.782582583;3.421056241;;49;33.08095238;8.353635117;;40;37.405;12;5;6.122448980000001;16.32653061;63.26530612;6.122448980000001;0.0;8.163265309999998
2024-12;National;PARIS EST;STRASBOURG;113;695;3;;135;18.82049383;3.600915222;;84;34.14861111;5.005467245;;65;40.33794872;31;12;13.0952381;7.14285714;3.57142857;45.23809524;20.23809524;10.71428571
2024-12;National;PARIS LYON;NIMES;180;219;0;;25;22.912;2.378386606;;24;31.42083333;4.38957382;;21;34.01587302;9;1;20.83333333;20.83333333;4.16666667;45.83333333;4.16666667;4.16666667
2024-12;National;DIJON VILLE;PARIS LYON;98;386;2;;153;8.431699346;3.435857267;;35;41.53428571;3.951479547;;26;51.07948718;13;6;31.42857143;22.857142860000003;22.857142860000003;14.28571429;0.0;8.57142857
2024-12;National;LILLE;MARSEILLE ST CHARLES;294;250;0;;75;11.662666666734667;3.3593721088428;;57;47.97440529094667;12.33984956;;57;47.8628655;26;15;10.526315786842105;21.052631578421053;19.29824561578948;19.29824561526316;10.526315788947368;19.29824561736842
2024-12;National;PARIS MONTPARNASSE;BORDEAUX ST JEAN;143;1006;2;;83;12.675100402000002;0.582719124;;65;26.49;2.381590305;;46;31.974275362000004;19;2;17.1875;17.1875;18.75;20.3125;14.0625;12.5
2024-12;National;PARIS MONTPARNASSE;LAVAL;81;263;1;;33;25.41161616;2.734351145;;36;27.78657407;4.789694657;;16;48.925;9;3;25.0;6.25;18.75;34.375;6.25;9.375
2024-12;National;ANGERS SAINT LAUD;PARIS MONTPARNASSE;92;542;1;;179;10.91499069;3.74318324;;74;35.39414414;4.251063165;;45;52.0062963;23;16;31.42857143;10.0;32.85714286;14.28571429;5.71428571;5.71428571
2024-12;National;LE MANS;PARIS MONTPARNASSE;56;454;0;;165;12.65393939;4.62359882;;72;30.343055556;4.82850295;;40;47.20625;22;10;21.73913043;15.94202899;39.13043478;10.14492754;8.695652169999999;4.34782609
2024-12;National;PARIS LYON;BELLEGARDE (AIN);163;277;0;;43;15.45387597;2.234175692;;55;26.77636364;6.930084236;;46;29.21123188;11;3;40.0;16.36363636;9.09090909;23.63636364;5.45454545;5.45454545
2024-12;National;PARIS LYON;NICE VILLE;347;200;1;;21;14.01031746;1.142629816;;26;64.51602564;9.354020101;;26;64.51602564;15;7;30.76923077;15.38461538;26.92307692;11.53846154;3.84615385;11.53846154
2024-12;National;QUIMPER;PARIS MONTPARNASSE;231;274;1;;17;23.94117647;1.521747212;;39;56.16538462;9.249628253;;39;56.16538462;22;13;41.02564103;20.51282051;7.69230769;17.948717950000002;7.69230769;5.12820513
2024-12;National;AVIGNON TGV;PARIS LYON;161;464;1;;199;12.91624791;5.476457883400001;;74;43.71869369;7.572354212;;57;52.84035088;29;16;20.27027027;24.32432432;29.72972973;9.45945946;6.75675676;9.45945946
2024-12;National;PARIS LYON;MACON LOCHE;96;217;0;;20;12.72916667;0.986866359;;18;21.68518519;3.21374808;;15;23.21111111;1;0;0.0;33.333333329999995;5.55555556;27.77777778;5.55555556;27.77777778
2024-12;National;PARIS MONTPARNASSE;QUIMPER;228;276;5;;26;22.89230769;0.943788438;;36;50.001388889000005;6.837822878;;36;50.00138889;22;11;44.444444440000005;16.666666669999998;16.666666669999998;13.88888889;5.55555556;2.77777778
2024-12;National;BREST;PARIS MONTPARNASSE;228;290;4;;17;22.76470588;1.442688972;;33;58.67575758;5.313197026;;33;58.67575758;15;9;39.39393939;15.15151515;9.09090909;21.21212121;9.09090909;6.06060606
2024-12;National;LAVAL;PARIS MONTPARNASSE;80;264;3;;121;15.88787879;7.430620155;;49;42.72278912;7.762338501;;32;59.97864583;17;9;32.60869565;13.04347826;30.43478261;17.39130435;6.521739129999999;0.0
2024-12;National;RENNES;LYON PART DIEU;237;93;0;;18;4.409259259;0.831182796;;9;57.28148148;6.126164875;;9;57.28148148;3;1;44.444444440000005;44.444444440000005;11.11111111;0.0;0.0;0.0
2024-12;National;MONTPELLIER;LYON PART DIEU;113;183;0;;43;10.10775194;2.429417122;;20;35.28583333;5.603734062;;14;44.94404762;5;4;15.0;35.0;30.0;5.0;10.0;5.0
2024-12;National;PARIS MONTPARNASSE;ANGOULEME;127;307;1;;27;14.872222221999998;0.888180828;;27;25.86790124;3.129901961;;15;36.33444444;7;2;14.814814809999998;29.62962963;11.11111111;11.11111111;22.22222222;11.11111111
2024-12;National;PARIS MONTPARNASSE;RENNES;99;774;4;;79;18.29936709;1.4701948051999998;;48;36.30590278;2.734242424;;29;52.12931035;20;7;22.91666667;2.08333333;16.666666669999998;35.416666670000005;8.33333333;14.58333333
2024-12;National;PARIS LYON;BESANCON FRANCHE COMTE TGV;128;166;0;;16;17.86979167;1.548895582;;13;54.53076923;5.562751004;;10;66.82666667;7;5;30.76923077;7.69230769;15.38461538;38.46153846;0.0;7.69230769
2024-12;National;PARIS LYON;MULHOUSE VILLE;171;312;2;;48;17.35972222;2.52155914;;34;44.49264706;5.855107527;;26;54.03589744;17;5;23.52941176;11.76470588;11.76470588;32.35294118;11.76470588;8.82352941
2024-12;National;ANNECY;PARIS LYON;227;158;0;;4;4.5;0.1191983122;;25;27.39733333;6.429113924;;25;27.397333332999995;6;1;8.0;24.0;60.0;4.0;0.0;4.0
2024-12;National;BELLEGARDE (AIN);PARIS LYON;162;272;0;;127;7.765616798;3.700490196;;39;33.61837607;5.066421569;;28;41.66309524;13;2;41.02564103;23.07692308;28.20512821;2.56410256;0.0;5.12820513
2024-12;National;MONTPELLIER;PARIS LYON;208;225;0;;45;7.214074074099999;1.461659193;;13;84.40897436;4.780269058;;13;84.40897436;7;5;38.46153846;23.07692308;15.38461538;23.07692308;0.0;0.0
2024-12;National;NANTES;PARIS MONTPARNASSE;130;628;4;;136;11.37169118;2.24286859;;63;43.49021164;5.252911325;;49;52.2829932;25;17;39.68253968;7.936507939999999;23.80952381;12.6984127;4.76190476;11.11111111
2024-12;National;PARIS LYON;AVIGNON TGV;160;442;0;;32;17.39375;1.00331825;;33;29.17272727;2.876772247;;23;35.66376812;9;3;12.12121212;21.21212121;12.12121212;24.24242424;21.21212121;9.09090909
2024-12;National;PARIS NORD;ARRAS;49;487;0;;39;12.72478633;0.703319644;;56;18.47767857;3.58569473;;22;31.956818182000003;5;1;17.64705882;13.7254902;25.49019608;13.7254902;15.68627451;13.7254902
2024-12;National;GRENOBLE;PARIS LYON;179;210;0;;21;31.36984127;3.136428571;;30;45.69166667;7.802777778;;27;49.31790124;15;7;16.666666669999998;23.33333333;36.66666667;3.33333333;10.0;10.0
2024-12;National;MARSEILLE ST CHARLES;TOURCOING;285;31;0;;9;13.75185185;3.659139785;;8;53.0;14.33870968;;8;53.0;4;1;37.5;12.5;12.5;0.0;25.0;12.5
2024-12;National;MULHOUSE VILLE;PARIS LYON;171;303;1;;155;5.609354839;2.893833333;;27;32.40185185;2.833722222;;21;37.87936508;10;4;33.333333329999995;25.92592593;14.814814809999998;14.814814809999998;0.0;11.11111111
2024-12;National;PARIS EST;REIMS;46;211;0;;22;15.85;1.749447077;;15;26.88555556;2.527330174;;7;46.06428571;3;3;13.33333333;0.0;26.66666667;13.33333333;33.333333329999995;13.33333333
2024-12;National;PARIS MONTPARNASSE;POITIERS;96;585;5;;51;15.0130719;0.9068678161;;51;23.02679739;2.507126437;;23;38.11521739;12;4;10.0;18.0;18.0;26.0;24.0;4.0
2024-12;National;DOUAI;PARIS NORD;75;164;0;;53;7.660377359;2.775308642;;42;20.21349206;6.230864198;;16;37.64166667;5;3;12.19512195;9.756097560000002;34.14634146;26.82926829;17.07317073;0.0
2024-12;National;LE CREUSOT MONTCEAU MONTCHANIN;PARIS LYON;81;237;0;;128;8.522786458;4.73220339;;33;32.22979798;4.459957627;;19;49.28508772;8;2;12.12121212;24.24242424;24.24242424;18.18181818;18.18181818;3.03030303
2024-12;National;VANNES;PARIS MONTPARNASSE;163;289;1;;134;11.12027363;5.308799534;;49;49.11360544;9.763752914;;43;54.116666667;24;14;32.65306122;22.44897959;14.28571429;18.36734694;6.122448980000001;6.122448980000001
2024-12;National;LILLE;LYON PART DIEU;183;380;0;;191;7.878708551506283;3.988647083695264;;102;32.71490204572775;10.874495870689213;;75;39.48444444;29;11;10.78431372627451;18.627450979705884;28.43137254882353;26.470588233823527;13.7254902;1.960784315
2024-12;National;PARIS MONTPARNASSE;ANGERS SAINT LAUD;92;532;3;;52;12.27852564;0.791020794;;66;26.50959596;3.756112161;;35;40.64285714;20;5;26.5625;6.25;29.6875;4.6875;15.625;17.1875
2024-12;National;PARIS NORD;DUNKERQUE;129;160;0;;16;11.47916667;0.780208333;;15;25.63333333;2.690625;;11;30.63636364;3;1;26.66666667;26.66666667;6.666666670000001;6.666666670000001;20.0;13.33333333
2024-12;National;TOURS;PARIS MONTPARNASSE;75;178;2;;15;6.094444444;0.504829546;;31;15.76129032;3.95625;;8;30.74166667;2;1;0.0;32.0;48.0;12.0;0.0;8.0
2024-12;International;PARIS LYON;ZURICH;252;148;4;;30;17.88055556;3.041550926;;18;38.27592593;6.418055556;;18;38.27592593;9;2;17.64705882;5.882352939999999;11.764705879999998;35.294117650000004;23.529411759999995;5.882352939999999
2024-12;International;ZURICH;PARIS LYON;248;153;0;;59;1.821186441;1.170666667;;10;37.171666667;3.060777778;;10;37.17166667;5;2;40.0;20.0;20.0;10.0;0.0;10.0
2024-12;National;MARSEILLE ST CHARLES;PARIS LYON;196;511;2;;107;18.2046729;3.619646365;;61;49.35273224;7.14908317;;61;49.35273224;27;15;14.75409836;31.14754098;22.95081967;11.47540984;8.196721310000001;11.47540984
2024-12;National;DUNKERQUE;PARIS NORD;131;159;7;;10;6.5;0.427631579;;17;32.02745098;5.676535088;;12;39.65555556;5;2;29.41176471;11.76470588;35.294117650000004;11.76470588;5.88235294;5.88235294
2024-12;National;PERPIGNAN;PARIS LYON;315;203;0;;29;9.406321839;1.206075534;;16;44.69270833;4.597126437;;16;44.69270833;7;3;12.5;25.0;43.75;18.75;0.0;0.0
2024-12;National;BESANCON FRANCHE COMTE TGV;PARIS LYON;132;171;1;;45;8.738518519;2.094803922;;16;44.0;4.246666667;;14;48.37380952;8;5;37.5;25.0;18.75;18.75;0.0;0.0
2024-12;National;PARIS LYON;TOULON;237;258;0;;25;12.657333333000002;0.930813954;;26;64.71346154;7.771899225;;26;64.71346154;13;7;23.07692308;15.38461538;23.07692308;15.38461538;3.84615385;19.23076923
2024-12;National;LA ROCHELLE VILLE;PARIS MONTPARNASSE;169;219;1;;12;13.08333333;0.7205657492000002;;27;28.78395062;5.53088685;;19;34.98508772;8;2;11.11111111;29.62962963;29.62962963;14.814814809999998;11.11111111;3.7037037
2024-12;National;LYON PART DIEU;LILLE;187;348;1;;260;13.79948717981077;10.394428433909798;;104;44.65788215512308;16.17305475493948;;87;50.87796934844828;44;17;13.461538460384617;18.26923076759616;32.692307689134616;13.461538460192306;4.807692307211538;17.307692305961538
2024-12;National;LYON PART DIEU;RENNES;236;92;0;;36;8.637962963;3.52173913;;7;34.36904762;3.912137681;;7;34.36904762;2;1;14.28571429;14.28571429;14.28571429;42.85714286;0.0;14.28571429
2024-12;National;PARIS MONTPARNASSE;VANNES;158;284;2;;27;22.488888888999995;1.566489362;;36;41.56944444;6.175531915;;26;52.67307692;16;8;33.333333329999995;16.666666669999998;19.44444444;22.222222220000003;5.55555556;2.77777778
2025-01;National;PARIS MONTPARNASSE;ST PIERRE DES CORPS;62;557;19;;52;17.933974359;1.226425031;;77;18.61017316;3.5853469641;;30;32.916666667;11;3;10.14492754;10.14492754;21.73913043;31.88405797;20.28985507;5.79710145
2025-01;National;LILLE;LYON PART DIEU;183;385;0;;195;12.028632479076924;6.147565108372727;;101;35.06254597246154;11.617229261799999;;73;43.72602739758904;42;12;7.073593961881189;22.231295293366337;27.283862410396043;26.273348983069305;12.105746661485147;5.0321526996039605
2025-01;National;MONTPELLIER;PARIS LYON;208;223;0;;52;19.617948718;4.5865470852;;23;64.507971014;7.402765321400001;;23;64.507971014;10;6;30.43478261;39.13043478;13.043478259999999;17.39130435;0.0;0.0
2025-01;National;TOULOUSE MATABIAU;PARIS MONTPARNASSE;289;224;0;;34;21.074019608;3.2386636637;;35;55.893333333;10.299474474000002;;35;55.893333333;22;9;8.57142857;37.142857140000004;20.0;14.285714290000001;14.285714290000001;5.71428571
2025-01;National;ANGOULEME;PARIS MONTPARNASSE;131;344;0;;186;8.3076164875;4.6581325301;;55;28.299393939;4.5189759036;;37;35.911711712;14;5;14.54545455;18.18181818;23.63636364;21.81818182;3.6363636400000003;18.18181818
2025-01;National;BELLEGARDE (AIN);PARIS LYON;162;274;1;;133;10.001503759;4.7908424908;;36;45.013425926;6.47997558;;27;55.304320988;19;9;5.55555556;50.0;19.44444444;2.77777778;13.88888889;8.33333333
2025-01;National;PARIS LYON;MACON LOCHE;96;235;0;;23;15.760144928;1.1786524823;;19;32.531578947;3.9102836879;;16;36.230208333;5;1;0.0;15.789473679999999;10.52631579;36.842105260000004;15.789473679999999;21.05263158
2025-01;National;PARIS LYON;MONTPELLIER;210;196;1;;9;15.198148147999998;0.4630769231;;14;53.375;4.6477777778;;14;53.375;10;4;21.42857143;28.571428570000002;28.571428570000002;14.285714290000001;0.0;7.14285714
2025-01;National;PARIS MONTPARNASSE;LE MANS;54;455;8;;41;16.626829268;1.1315436242;;52;24.658012821;3.6445935869;;28;38.114285714;13;5;17.30769231;11.53846154;15.38461538;30.76923077;15.38461538;9.61538462
2025-01;National;PARIS MONTPARNASSE;NANTES;128;607;19;;60;13.680277778;1.0225623583;;90;31.223148148;5.6689909297;;64;38.254947917;24;8;41.111111109999996;20.0;13.33333333;13.33333333;7.77777778;4.44444444
2025-01;National;PARIS NORD;DOUAI;71;121;0;;11;28.690909091;2.3337465565;;19;29.335964912000005;5.9977961433;;9;51.718518519;6;2;5.2631578900000004;21.05263158;31.578947369999998;10.52631579;21.05263158;10.52631579
2025-01;International;FRANCFORT;PARIS EST;232;174;8;;121;4.3610192837;3.3586382114;;28;40.714880952;9.2584349593;;28;40.714880952;18;5;10.71428571;28.571428570000002;14.285714290000001;35.71428571;0.0;10.71428571
2025-01;International;ZURICH;PARIS LYON;244;186;4;;49;1.7306122448999999;1.0115101289;;18;46.82314814800001;5.6498158379;;18;46.823148148;10;5;38.888888890000004;22.222222220000003;22.222222220000003;11.111111110000001;5.55555556;0.0
2025-01;National;MARSEILLE ST CHARLES;TOURCOING;293;32;0;;6;32.747222222;5.909375;;5;54.4;8.9375;;5;54.4;3;1;20.0;0.0;20.0;0.0;20.0;40.0
2025-01;National;PARIS EST;REIMS;46;228;0;;13;7.8730769231;0.48698830409999994;;18;21.424074074;2.3617690058;;8;35.270833333;2;2;11.764705879999998;0.0;35.294117650000004;47.05882352999999;5.882352939999999;0.0
2025-01;National;PARIS LYON;PERPIGNAN;312;178;0;;10;16.518333333;0.7197565543000001;;21;39.957936508;5.6923220974;;21;39.957936508;11;4;28.571428570000002;23.809523809999998;28.571428570000002;9.52380952;0.0;9.52380952
2025-01;National;PARIS LYON;VALENCE ALIXAN TGV;131;423;0;;36;26.946759259;2.061492891;;47;36.925177305;5.5502369668;;34;45.894607843;18;7;8.5106383;17.0212766;27.65957447;19.14893617;17.0212766;10.638297869999999
2025-01;International;PARIS EST;FRANCFORT;227;175;8;;20;7.244166666699999;0.718875502;;36;37.369444444;12.820180723000002;;36;37.369444444;18;6;19.35483871;16.129032260000002;25.806451609999996;29.03225806;9.67741935;0.0
2025-01;National;BREST;PARIS MONTPARNASSE;232;295;3;;20;11.966666667;0.8357142857;;31;37.558064516;4.7044134727;;31;37.558064516;14;3;32.258064520000005;25.806451609999996;16.129032260000002;9.67741935;9.67741935;6.451612900000001
2025-01;National;SAINT ETIENNE CHATEAUCREUX;PARIS LYON;168;119;0;;18;2.6907407407;0.6535310734;;14;22.8;3.7097457627;;7;31.773809524;2;0;0.0;57.142857140000004;21.42857143;7.14285714;14.285714290000001;0.0
2025-01;National;BORDEAUX ST JEAN;TOURCOING;322;32;0;;9;62.324074073999995;17.3453125;;6;102.66666667;18.125;;6;102.66666667;6;5;0.0;0.0;16.666666669999998;33.333333329999995;16.666666669999998;33.333333329999995
2025-01;National;LYON PART DIEU;MONTPELLIER;113;278;0;;158;13.289451477;7.645203836900001;;66;32.001767677;8.5770983213;;42;42.511507937;22;8;13.636363639999999;18.18181818;33.333333329999995;24.24242424;4.54545455;6.06060606
2025-01;National;NIMES;PARIS LYON;179;223;0;;45;23.868888889;4.7795964126;;33;48.811616162;7.402765321400001;;23;64.507971014;10;6;27.27272727;33.333333329999995;27.27272727;12.12121212;0.0;0.0
2025-01;National;PARIS MONTPARNASSE;ST MALO;157;97;0;;10;5.945;0.3144329897;;9;24.025925926;3.0328178693999996;;6;28.797222222;3;0;22.222222220000003;22.222222220000003;22.222222220000003;0.0;33.333333329999995;0.0
2025-01;National;VALENCE ALIXAN TGV;PARIS LYON;132;393;0;;197;16.173688663;8.2315004263;;58;53.72183908000001;8.5427536232;;40;71.945833333;22;15;15.51724138;25.862068970000003;27.5862069;15.51724138;12.068965519999999;3.4482758600000003
2025-01;International;PARIS LYON;LAUSANNE;228;176;12;;27;21.12654321;2.7849593496;;31;35.079569892;6.7612804878;;31;35.079569892;10;5;38.70967742;22.58064516;19.35483871;12.903225809999999;6.451612900000001;0.0
2025-01;National;QUIMPER;PARIS MONTPARNASSE;235;281;9;;11;11.454545455;0.5101214575;;37;48.240090089999995;6.759851552;;37;48.24009009;17;7;48.64864864999999;18.91891892;13.51351351;5.40540541;2.7027026999999997;10.81081081
2025-01;International;GENEVE;PARIS LYON;193;242;1;;216;3.1824845679;2.9796061885;;20;42.585;4.3990154712;;20;42.585;14;4;10.0;60.0;20.0;5.0;5.0;0.0
2025-01;International;ITALIE;PARIS LYON;535;30;0;;14;2.7130952381;1.3666666667;;5;31.94;8.5005555556;;5;31.940000000000005;1;1;20.0;0.0;40.0;40.0;0.0;0.0
2025-01;National;PARIS MONTPARNASSE;TOULOUSE MATABIAU;279;220;2;;28;21.597619047999995;2.3138379205;;28;52.7375;3.6095565749;;28;52.7375;19;9;17.85714286;17.85714286;25.0;25.0;7.14285714;7.14285714
2025-01;National;REIMS;PARIS EST;46;229;0;;29;10.614367816;1.4242358079;;14;23.520238095;1.9909024745;;3;73.772222222;2;2;21.42857143;28.571428570000002;21.42857143;14.285714290000001;14.285714290000001;0.0
2025-01;National;DIJON VILLE;PARIS LYON;98;428;4;;177;12.886723164;5.4658767773;;62;45.101344086;6.3947472354;;49;53.531632653;32;16;27.419354839999997;40.32258065;22.58064516;6.451612900000001;1.61290323;1.61290323
2025-01;National;GRENOBLE;PARIS LYON;181;238;0;;28;20.964880952000005;2.4664565826;;35;43.074285714;7.3518907563;;27;51.88086419799999;12;6;14.285714290000001;11.428571430000002;34.28571429;20.0;8.57142857;11.428571430000002
2025-01;National;TOURS;PARIS MONTPARNASSE;80;191;9;;10;3.7683333333;0.2656593407;;37;12.797297297;3.3548534799;;11;21.059090909;0;0;2.77777778;25.0;44.444444440000005;11.111111110000001;2.77777778;13.88888889
2025-01;National;ANGERS SAINT LAUD;PARIS MONTPARNASSE;97;542;7;;199;10.625041876;4.1795865633;;114;37.994590643;5.8002906977;;67;56.935074627;46;25;29.35779817;26.605504590000002;21.100917429999996;11.926605499999999;2.7522935799999995;8.25688073
2025-01;National;ARRAS;PARIS NORD;52;493;1;;280;8.3816071429;4.8109979633;;137;21.072384428;6.5430753564;;59;35.890960452;23;8;3.7037037;21.48148148;42.96296296;25.18518519;5.925925930000001;0.74074074
2025-01;National;AVIGNON TGV;PARIS LYON;161;472;1;;228;11.994005848;5.7982905983;;68;46.302450979999996;6.3469017094;;51;57.083660131;28;12;8.82352941;20.58823529;25.0;27.941176470000002;14.70588235;2.94117647
2025-01;National;BORDEAUX ST JEAN;PARIS MONTPARNASSE;145;1029;0;;317;18.564090431;5.5898283123;;180;40.713703704;8.7746031746;;132;50.8125;69;29;20.0;20.55555556;29.44444444;16.11111111;6.1111111099999995;7.77777778
2025-01;National;MACON LOCHE;PARIS LYON;97;232;0;;183;12.973406193;10.430276565;;44;37.078030303;8.1882823872;;32;45.663541667;14;8;13.636363639999999;15.909090910000002;38.63636364;15.909090910000002;11.36363636;4.5454545500000005
2025-01;National;PARIS LYON;TOULON;236;267;2;;39;19.289316239;2.5864779874;;37;53.36351351399999;9.3786792453;;37;53.363513514;20;13;22.222222220000003;27.77777778;5.55555556;19.44444444;11.111111110000001;13.88888889
2025-01;National;PARIS MONTPARNASSE;BORDEAUX ST JEAN;140;1020;1;;129;19.472997416;2.0339385018;;162;31.936419753;6.9412823029;;124;37.514516129;55;14;17.5;11.875;18.125;25.0;20.0;7.5
2025-01;National;PARIS MONTPARNASSE;BREST;228;264;4;;29;13.568965517;1.0413461538;;22;40.454545455;2.1038461538;;22;40.454545455;8;3;18.18181818;9.09090909;13.636363639999999;54.54545455;0.0;4.5454545500000005
2025-01;National;VANNES;PARIS MONTPARNASSE;168;301;11;;124;5.0615591398;2.4760732323;;47;42.209929078;7.0124368687;;40;47.26875;19;7;48.93617021;19.14893617;10.638297869999999;10.638297869999999;2.12765957;8.5106383
2025-01;National;LE CREUSOT MONTCEAU MONTCHANIN;PARIS LYON;82;250;0;;128;7.3493489583;3.8358666667;;24;30.38125;2.724;;14;44.810714286;8;3;0.0;16.666666669999998;29.16666667;25.0;16.666666669999998;12.5
2025-01;National;LE MANS;PARIS MONTPARNASSE;61;475;5;;242;13.730027548000002;7.116773733;;126;30.018783069000005;7.4519271949;;54;56.590740741;33;20;30.081300810000002;26.016260159999998;28.45528455;7.3170731700000005;2.43902439;5.69105691
2025-01;National;LYON PART DIEU;MARNE LA VALLEE;107;361;0;;255;8.7416993464;6.2676851852;;71;27.229107981;6.5172685185;;43;36.190310078;19;6;5.63380282;7.04225352;49.29577465;9.859154929999999;12.67605634;15.49295775
2025-01;National;MONTPELLIER;LYON PART DIEU;113;178;0;;38;13.10745614;2.8569679849;;31;37.180645161;7.2447269303;;24;43.657638889;11;6;9.67741935;19.35483871;19.35483871;16.129032260000002;19.35483871;16.129032260000002
2025-01;National;PARIS EST;NANCY;96;297;0;;27;5.1783950617;0.5569584736;;15;22.247777778;2.3842312009;;9;28.607407407;3;0;26.66666667;0.0;40.0;26.66666667;0.0;6.666666670000001
2025-01;National;PARIS LYON;NICE VILLE;352;200;0;;30;18.929444444;2.6060833333;;37;55.805405405;10.950083333;;37;55.805405404999995;23;14;18.91891892;40.540540539999995;8.10810811;16.21621622;8.10810811;8.10810811
2025-01;National;TOULON;PARIS LYON;238;252;1;;83;26.846586345000002;8.9174634794;;41;61.14878048800001;11.136055777;;41;61.14878048799999;29;12;17.07317073;31.707317070000002;19.51219512;14.634146340000001;14.634146340000001;2.43902439
2025-01;National;NANCY;PARIS EST;96;280;0;;44;7.497727272700001;1.2155357143;;23;27.998550725000005;2.92;;12;43.481944444;4;2;21.73913043;13.043478259999999;47.826086960000005;17.39130435;0.0;0.0
2025-01;National;PARIS EST;METZ;85;280;0;;27;11.101851851999998;1.0781547619;;33;21.452020202;3.4610119048;;12;42.6625;7;4;31.03448276;0.0;37.93103448;13.79310345;13.79310345;3.4482758600000003
2025-01;National;ST PIERRE DES CORPS;PARIS MONTPARNASSE;67;506;15;;188;5.476152482299999;2.2491479209;;86;15.415310078;2.812133606;;28;27.292857143;4;2;5.952380949999999;20.23809524;40.47619048;13.095238100000001;5.952380949999999;14.285714290000001
2025-01;National;PARIS LYON;MULHOUSE VILLE;168;337;4;;43;23.01124031;2.796046046;;56;52.527380952;9.5993493493;;46;61.126449275000006;26;12;26.78571429;21.42857143;7.14285714;21.42857143;14.285714290000001;8.92857143
2025-01;National;PARIS MONTPARNASSE;ANGERS SAINT LAUD;89;547;10;;54;14.112654321;0.9528553693;;88;23.313825758;4.4166666667;;47;33.415602837;12;6;37.5;13.636363639999999;22.72727273;12.5;9.09090909;4.5454545500000005
2025-01;National;PARIS NORD;DUNKERQUE;129;162;1;;19;27.702631579000002;2.5955486542;;25;39.84;6.590062111799999;;21;44.952380952;10;5;8.0;32.0;36.0;12.0;8.0;4.0
2025-01;National;TOURCOING;BORDEAUX ST JEAN;299;31;0;;4;4.6125;0.5951612903;;2;27.975;-1.155913978;;2;27.975;0;0;0.0;50.0;0.0;0.0;0.0;50.0
2025-01;International;PARIS LYON;ITALIE;507;30;0;;2;48.166666667;3.1755555556;;0;0.0;0.0;;0;0.0;0;0;0.0;0.0;0.0;0.0;0.0;0.0
2025-01;National;CHAMBERY CHALLES LES EAUX;PARIS LYON;176;264;0;;123;13.100271003;5.9439163498;;50;43.259;9.2232572877;;41;49.569512195;18;11;12.0;16.0;38.0;14.000000000000002;18.0;2.0
2025-01;National;NANTES;PARIS MONTPARNASSE;135;632;13;;156;13.999252137;3.3563387978;;108;44.610185185;8.6106557377;;77;57.263852813999996;52;29;35.18518519;23.14814815;21.2962963;12.03703704;3.7037037;4.62962963
2025-01;National;PARIS LYON;BESANCON FRANCHE COMTE TGV;128;183;0;;18;15.40462963;1.4132969035000003;;24;53.654861111;8.3035519126;;18;67.114814815;12;5;20.833333330000002;25.0;16.666666669999998;12.5;12.5;12.5
2025-01;National;PARIS MONTPARNASSE;LA ROCHELLE VILLE;176;235;5;;21;18.344444444;1.3028985507;;16;29.78125;2.8760869565;;11;36.954545455;4;2;31.25;6.25;0.0;18.75;37.5;6.25
2025-01;National;STRASBOURG;PARIS EST;125;623;7;;263;12.14486692;5.234280303;;88;32.890340909;5.5100108225;;70;37.917619048;33;10;15.909090910000002;12.5;26.13636364;25.0;12.5;7.95454545
2025-01;International;LAUSANNE;PARIS LYON;230;173;0;;83;2.2381526104;1.5121399176999997;;18;48.09537037;4.1544238683;;18;48.09537037;12;6;16.666666669999998;50.0;33.333333329999995;0.0;0.0;0.0
2025-01;International;PARIS EST;STUTTGART;189;150;2;;18;8.2490740741;0.9221846847;;23;32.868115942;10.028603604;;23;32.868115942;13;1;21.73913043;4.34782609;13.043478259999999;39.13043478;13.043478259999999;8.695652169999999
2025-01;National;LAVAL;PARIS MONTPARNASSE;86;239;0;;96;8.6614583333;3.4955882353;;38;25.23377193;3.9196078431;;19;39.14122807;11;3;26.315789470000002;18.421052630000002;23.684210529999998;18.421052630000002;2.6315789499999998;10.52631579
2025-01;National;LILLE;PARIS NORD;70;645;4;;136;9.993750000058087;1.915760631329173;;132;18.733939883051473;4.401105029762714;;51;32.95294117676471;20;4;2.330665968181818;20.91040272787879;44.23892606060606;20.16266561727273;10.037605493030304;2.3197341381818184
2025-01;National;LYON PART DIEU;LILLE;188;353;0;;249;8.835809906252207;6.311228083560623;;76;31.61277744201205;9.060153638084136;;65;33.968205127907694;22;6;7.894736839999999;2.631578949868421;46.05263157710527;15.78947368342105;11.842105259999999;15.789473679999999
2025-01;National;LYON PART DIEU;RENNES;236;92;0;;34;4.8259803922;1.9407608696;;6;55.027777778;4.7612318841;;6;55.027777778;4;2;33.333333329999995;66.66666667;0.0;0.0;0.0;0.0
2025-01;National;PARIS LYON;DIJON VILLE;96;436;0;;54;20.193209877;2.3891055046;;58;30.535919539999995;4.8211009174;;42;37.098809524;22;5;3.4482758600000003;25.862068970000003;18.96551724;25.862068970000003;17.24137931;8.62068966
2025-01;National;PARIS LYON;SAINT ETIENNE CHATEAUCREUX;171;120;1;;13;13.779487179;1.2116246499;;16;26.911458333;4.9288515406;;10;35.621666667;4;1;6.25;18.75;37.5;12.5;12.5;12.5
2025-01;National;PARIS MONTPARNASSE;RENNES;95;780;8;;89;14.347003745;1.2309153713;;112;30.736458333000005;5.0299438687;;65;45.07;30;12;24.07407407;11.111111110000001;14.814814809999998;33.333333329999995;12.03703704;4.62962963
2025-01;National;NICE VILLE;PARIS LYON;349;197;0;;31;23.393010753;3.5982993197;;34;58.293627451;10.679421769;;34;58.293627451;23;9;20.58823529;35.294117650000004;11.76470588;14.70588235;14.70588235;2.94117647
2025-01;National;PARIS LYON;AVIGNON TGV;159;440;0;;43;24.017829457000005;2.1596431283;;50;42.337666667;5.9627182992;;41;48.528455285;18;10;8.0;22.0;20.0;18.0;20.0;12.0
2025-01;National;PARIS LYON;LYON PART DIEU;119;713;1;;64;23.087239583;1.7636193154999997;;59;38.796610169;4.1424050633;;48;44.680555556;24;12;0.0;15.51724138;29.310344830000002;17.24137931;25.862068970000003;12.068965519999999
2025-01;National;PARIS MONTPARNASSE;QUIMPER;224;270;35;;32;17.453645833;1.3778014184;;15;44.266666667;3.5489361702;;15;44.266666667;8;2;40.0;13.33333333;0.0;33.333333329999995;6.666666670000001;6.666666670000001
2025-01;National;PARIS LYON;AIX EN PROVENCE TGV;182;498;0;;55;23.827878788;2.2403614458;;52;46.904487179;5.8093373494;;49;48.83537415;25;11;5.76923077;19.23076923;21.15384615;15.38461538;21.15384615;17.30769231
2025-01;National;PARIS MONTPARNASSE;POITIERS;94;607;17;;63;19.807936508;1.5386158192;;61;25.908469945;3.4003389831;;40;33.322916667;16;5;8.33333333;15.0;15.0;16.666666669999998;35.0;10.0
2025-01;International;PARIS LYON;GENEVE;191;242;0;;38;21.348684211;3.1335399449;;39;34.061965812;7.1468319559;;39;34.061965812;13;5;30.76923077;23.07692308;20.512820509999997;10.25641026;12.82051282;2.56410256
2025-01;National;PARIS LYON;NIMES;181;193;1;;9;15.198148147999998;0.1335069444;;10;39.825;2.8734375;;9;42.642592593;5;2;10.0;30.0;30.0;20.0;0.0;10.0
2025-01;National;ST MALO;PARIS MONTPARNASSE;154;101;0;;3;7.2222222222;0.1143564356;;11;36.843939394;5.5559405941;;6;57.07500000000001;2;2;18.18181818;45.45454545;18.18181818;18.18181818;0.0;0.0
2025-01;International;BARCELONA;PARIS LYON;408;62;0;;26;5.3076923077;1.9838709677;;10;89.32500000000002;16.865322581;;10;89.325;7;5;20.0;30.0;10.0;30.0;10.0;0.0
2025-01;National;MARSEILLE ST CHARLES;LYON PART DIEU;104;484;0;;102;9.0173202614;1.8157713499;;53;34.154402516;5.4060261708;;38;42.263157895;18;7;11.53846154;13.46153846;36.53846154;15.38461538;13.46153846;9.61538462
2025-01;National;AIX EN PROVENCE TGV;PARIS LYON;184;473;1;;240;10.100069444;5.2367303609;;61;47.801092896;6.6360580326;;58;49.57183908;32;12;8.196721310000001;21.31147541;24.59016393;29.50819672;16.393442620000002;0.0
2025-01;National;MARNE LA VALLEE;LYON PART DIEU;106;421;0;;341;12.381964809;10.076920032;;116;34.220545977;11.449406176;;78;44.296367521;45;14;6.14035088;22.80701754;28.947368420000004;25.43859649;10.526315789999998;6.14035088
2025-01;National;NANTES;STRASBOURG;314;57;0;;14;5.5738095238;1.5660714286;;10;34.548333333;7.1464285714;;10;34.548333333;3;2;30.0;10.0;20.0;40.0;0.0;0.0
2025-01;National;POITIERS;PARIS MONTPARNASSE;102;478;7;;197;8.8978003384;3.6135550787;;96;19.042881944;4.437339055800001;;39;32.425213675;12;5;9.57446809;10.63829787;38.29787234;26.59574468;2.12765957;12.765957450000002
2025-01;National;MULHOUSE VILLE;PARIS LYON;170;339;4;;200;6.503583333300001;3.8517412935;;44;49.523106061;6.6008457710999995;;37;56.310810810999996;25;12;29.54545455;36.36363636;18.18181818;11.36363636;2.27272727;2.27272727
2025-01;National;LYON PART DIEU;PARIS LYON;119;732;0;;242;8.330785124;2.8862825789000004;;67;36.68681592;3.3899634202;;46;47.353623188;20;10;0.0;29.850746270000002;19.40298507;17.91044776;19.40298507;13.43283582
2025-01;National;MARSEILLE ST CHARLES;PARIS LYON;196;517;0;;94;19.843439716;3.4187298517;;58;50.313218391;6.8865248227;;58;50.31321839100001;28;12;6.896551720000001;27.5862069;25.862068970000003;25.862068970000003;12.068965519999999;1.7241379300000002
2025-01;National;DOUAI;PARIS NORD;76;168;1;;60;9.0411111111;3.5174747475;;45;24.831481481;6.972828282800001;;23;39.089130435;10;4;6.666666670000001;20.0;37.77777778;24.444444439999998;8.88888889;2.22222222
2025-01;National;LA ROCHELLE VILLE;PARIS MONTPARNASSE;175;222;6;;10;4.9633333333;0.2297839506;;19;25.294736842;3.8111111111000002;;17;26.724509804;3;1;10.52631579;10.52631579;36.842105260000004;26.315789470000002;5.2631578900000004;10.52631579
2025-01;National;LILLE;MARSEILLE ST CHARLES;296;255;0;;61;17.72213114734426;4.172016677221176;;50;49.00856990552459;10.307418968527845;;50;51.0323333335;24;12;17.9999999982;15.9999999984;25.999999997400003;23.999999997600003;7.9999999992;7.9999999992
2025-01;National;METZ;PARIS EST;87;317;0;;75;7.6524444443999995;1.8849631965999998;;32;23.633333333;3.0249737119;;15;38.901111111;7;3;19.35483871;12.903225809999999;41.93548387;3.2258064500000003;12.903225809999999;9.67741935
2025-01;National;PARIS LYON;LE CREUSOT MONTCEAU MONTCHANIN;80;224;0;;13;20.135897436;0.9544642857;;17;36.752941176;3.3020089286;;13;44.301282051;9;4;0.0;23.52941176;17.64705882;23.52941176;29.41176471;5.88235294
2025-01;National;PARIS MONTPARNASSE;ANGOULEME;124;315;2;;37;29.825225225;2.733972311;;47;34.79964539;6.0471246006;;34;42.96372549;15;7;14.893617019999999;14.893617019999999;6.3829787200000005;25.531914890000003;34.04255319;4.25531915
2025-01;National;PARIS MONTPARNASSE;LAVAL;78;228;0;;27;14.182098765;1.3430555556000001;;35;25.799047619;5.1176900585;;18;40.280555556;9;3;20.58823529;5.8823529400000005;32.35294118;17.64705882;17.64705882;5.8823529400000005
2025-01;National;PARIS MONTPARNASSE;TOURS;75;184;7;;16;16.090625;1.0169491525;;22;21.590909091;3.7354048964;;9;39.833333333;5;1;22.222222220000003;5.55555556;16.666666669999998;38.888888890000004;11.111111110000001;5.55555556
2025-01;National;RENNES;PARIS MONTPARNASSE;102;823;15;;280;12.570654762;4.3277846535;;116;34.494252874;5.689335808600001;;84;42.900198413;38;13;36.20689655;25.0;17.24137931;11.20689655;5.172413790000001;5.172413790000001
2025-01;National;STRASBOURG;NANTES;336;59;0;;11;3.0575757576;0.6497175141;;4;37.645833333;3.0598870056;;4;37.645833333;2;1;50.0;25.0;25.0;0.0;0.0;0.0
2025-01;International;PARIS LYON;BARCELONA;407;62;0;;4;9.8708333333;0.4319892473;;7;31.428571429;4.7096774194;;7;31.428571429000005;2;1;14.285714290000001;28.571428570000002;28.571428570000002;14.285714290000001;0.0;14.285714290000001
2025-01;National;ANNECY;PARIS LYON;228;157;0;;10;27.5;1.7857142856999997;;20;47.0925;7.4308441558;;20;47.0925;9;4;15.0;15.0;35.0;20.0;15.0;0.0
2025-01;National;BESANCON FRANCHE COMTE TGV;PARIS LYON;133;184;0;;30;17.588888889;2.5553734062;;25;53.626666667;6.3973588342;;21;61.213492063;15;7;20.0;48.0;16.0;12.0;0.0;4.0
2025-01;National;LYON PART DIEU;MARSEILLE ST CHARLES;104;503;0;;233;15.697281831;7.4014608234;;91;43.28021978;8.1906374502;;76;49.262061404;40;18;20.87912088;18.68131868;26.373626369999997;19.78021978;4.395604400000001;9.89010989
2025-01;National;MARSEILLE ST CHARLES;MARNE LA VALLEE;208;297;0;;37;10.754054054;1.0468468468;;44;36.400378788;7.5609797297000005;;44;36.400378788;18;5;4.5454545500000005;18.18181818;34.09090909;11.36363636;18.18181818;13.636363639999999
2025-01;National;PARIS LYON;ANNECY;225;164;3;;17;13.744117647;1.2517598344;;23;56.391304348;9.4596273292;;23;56.391304348;9;3;8.695652169999999;34.7826087;17.39130435;26.086956519999998;0.0;13.043478259999999
2025-01;National;PERPIGNAN;PARIS LYON;313;186;0;;38;16.522807018;3.2474014337;;23;73.305072464;9.8154121864;;23;73.305072464;13;9;21.73913043;30.43478261;13.043478259999999;26.086956519999998;4.34782609;4.34782609
2025-01;International;STUTTGART;PARIS EST;198;149;2;;133;7.915789473699999;6.8633786848;;22;40.943181818;8.1732426304;;22;40.943181818;9;3;22.72727273;9.09090909;22.72727273;13.636363639999999;22.72727273;9.09090909
2025-01;National;MARSEILLE ST CHARLES;LILLE;285;224;1;;22;4.509090909099999;0.14252615837219731;;41;31.81885942759091;8.701644245143049;;41;31.868292682902435;13;3;7.317073167804879;12.195121955121952;31.707317072195124;21.951219510243902;12.195121952195121;14.634146342439024
2025-01;National;PARIS MONTPARNASSE;VANNES;154;293;39;;34;17.249509804;1.2380577428;;31;31.85483871;5.0866141732;;23;38.369565217;10;3;36.66666667;10.0;10.0;26.66666667;6.666666670000001;10.0
2025-01;National;DUNKERQUE;PARIS NORD;132;167;0;;11;17.909090909;1.1796407186;;29;31.348275862;7.211177644699999;;22;37.063636364;8;4;3.4482758600000003;31.03448276;31.03448276;34.48275862;0.0;0.0
2025-01;National;MARNE LA VALLEE;MARSEILLE ST CHARLES;211;292;0;;190;13.581052632;8.9357876712;;59;51.60169491500001;10.72597032;;59;51.601694915;31;15;16.94915254;20.33898305;22.033898309999998;27.11864407;6.77966102;6.77966102
2025-01;National;PARIS LYON;MARSEILLE ST CHARLES;195;590;0;;65;21.760769231;2.0202037351;;52;51.173076923;5.386417657;;52;51.173076923;26;15;15.38461538;25.0;13.46153846;11.53846154;19.23076923;15.38461538
2025-01;National;PARIS NORD;ARRAS;49;502;1;;46;23.377173913;1.8302062542;;65;26.179487179;4.8467398536;;29;47.93908046;18;8;0.0;26.78571429;26.78571429;21.42857143;14.285714290000001;10.71428571
2025-01;National;PARIS NORD;LILLE;68;668;6;;62;16.578494623548387;1.2181268882202416;;110;23.34459696493548;4.589451158084592;;41;47.14227642241463;20;14;2.926406924090909;21.62770562790909;40.329004331727276;19.71861472072727;6.681818183727273;8.716450217545455
2025-01;National;PARIS LYON;BELLEGARDE (AIN);162;284;0;;47;22.673758865;3.5494131455;;57;39.29619883;10.047946009;;43;47.696511628;21;11;10.52631579;29.8245614;19.298245610000002;17.543859649999998;19.298245610000002;3.50877193
2025-01;National;RENNES;LYON PART DIEU;237;95;0;;13;9.1371794872;1.2893617021;;11;35.398484848;4.5315602837;;11;35.398484848;4;1;18.18181818;27.27272727;36.36363636;0.0;0.0;18.18181818
2025-01;International;PARIS LYON;ZURICH;244;164;3;;23;26.995652173999996;3.3022774327;;26;38.683974359;8.1135610766;;26;38.683974359;17;2;7.69230769;19.23076923;7.69230769;30.76923077;19.23076923;15.38461538
2025-01;National;PARIS EST;STRASBOURG;120;616;5;;70;13.913809524;1.5111020185;;61;27.50136612;3.1937534097;;45;32.67037037;16;3;30.50847458;0.0;20.33898305;30.50847458;10.16949153;8.47457627
2025-01;National;PARIS LYON;CHAMBERY CHALLES LES EAUX;175;279;1;;35;29.232857143;3.4867505995;;55;63.70151515199999;14.262170264;;49;69.813605442;21;15;12.72727273;27.27272727;29.09090909;21.81818182;3.6363636400000003;5.4545454499999995
2025-01;National;PARIS LYON;GRENOBLE;181;244;1;;20;19.044166667;1.3314128944;;24;49.833333333;5.5823045267;;21;55.047619047999994;13;6;29.16666667;4.16666667;33.333333329999995;20.833333330000002;12.5;0.0
2025-02;National;AIX EN PROVENCE TGV;PARIS LYON;184;417;0;;205;12.171300813;6.0558752998;;52;65.349038462;8.9774980016;;48;69.70625;33;18;19.23076923;23.07692308;19.23076923;11.53846154;9.61538462;17.30769231
2025-02;National;MONTPELLIER;LYON PART DIEU;113;154;1;;25;7.9666666667;1.344335512;;19;37.490350877;6.5550108932;;12;51.381944444;7;1;21.05263158;26.315789470000002;26.315789470000002;5.2631578900000004;5.2631578900000004;15.789473679999999
2025-02;National;NIMES;PARIS LYON;179;194;0;;59;8.6748587571;2.6765112263;;33;40.178282828;7.6091537133;;27;46.040123457;13;8;18.18181818;27.27272727;30.3030303;21.21212121;0.0;3.03030303
2025-02;National;DIJON VILLE;PARIS LYON;99;384;1;;142;7.9147887324;3.0002610966;;33;42.367171717;3.7530896432;;20;61.092499999999994;12;5;12.12121212;30.3030303;24.24242424;27.27272727;0.0;6.06060606
2025-02;National;LYON PART DIEU;RENNES;236;87;0;;26;11.548717949;3.5867816092;;8;43.677083333;4.6124521073;;8;43.677083333;3;2;12.5;12.5;37.5;12.5;0.0;25.0
2025-02;National;PARIS LYON;VALENCE ALIXAN TGV;131;359;0;;42;20.528968254;2.1606778087;;30;39.156666667;4.5863974002;;20;52.631666667000005;8;7;0.0;20.0;33.333333329999995;20.0;16.666666669999998;10.0
2025-02;National;VALENCE ALIXAN TGV;PARIS LYON;133;341;0;;187;10.578431373;5.9207100592;;60;38.414722222;6.755473372799999;;49;44.022108844;23;12;11.66666667;30.0;23.33333333;18.33333333;8.33333333;8.33333333
2025-02;National;MARSEILLE ST CHARLES;TOURCOING;299;28;0;;11;10.913636364;4.1047619048;;3;64.666666667;6.3928571429;;3;64.666666667;2;2;33.333333329999995;0.0;0.0;0.0;66.66666667;0.0
2025-02;National;PARIS LYON;MARSEILLE ST CHARLES;195;515;0;;56;22.235119048;2.2055339806;;51;61.00130719;6.9302912621;;51;61.001307190000006;30;17;25.49019608;25.49019608;7.84313725;17.64705882;11.76470588;11.76470588
2025-02;National;PARIS LYON;NICE VILLE;353;161;2;;21;34.587301587;3.6202306079999995;;27;53.41604938300001;9.3968553459;;27;53.416049383;12;7;7.407407409999999;48.14814815;11.11111111;14.814814809999998;11.11111111;7.407407409999999
2025-02;National;PARIS MONTPARNASSE;LA ROCHELLE VILLE;175;213;0;;17;17.689215686;1.0292644757;;15;26.6;2.4553990609999996;;14;27.428571429000005;5;0;0.0;20.0;13.33333333;33.333333329999995;13.33333333;20.0
2025-02;National;PARIS NORD;DUNKERQUE;129;136;1;;10;11.375;0.4782716049;;10;29.35;3.2037037037;;8;33.4375;3;1;20.0;30.0;20.0;0.0;0.0;30.0
2025-02;National;BORDEAUX ST JEAN;PARIS MONTPARNASSE;146;917;0;;255;10.316666667;2.7143038895;;107;28.887227414;5.0154489277;;75;35.541777778;27;10;13.33333333;25.714285710000002;31.42857143;14.285714290000001;4.76190476;10.47619048
2025-02;National;PARIS MONTPARNASSE;NANTES;128;548;1;;51;12.103267974;0.7307739183;;32;25.513541667;1.8279707495;;23;30.419565217;12;0;3.125;18.75;12.5;40.625;21.875;3.125
2025-02;National;PARIS MONTPARNASSE;RENNES;95;716;34;;91;14.986080586000002;0.9437194526;;69;19.210386473;2.1360459433;;34;28.756372549;8;1;10.76923077;18.46153846;18.46153846;35.38461538;10.76923077;6.153846150000001
2025-02;National;RENNES;LYON PART DIEU;237;91;0;;16;9.3770833333;1.6576923077000003;;10;28.976666667;4.1322344322;;10;28.976666667;4;0;0.0;40.0;20.0;10.0;10.0;20.0
2025-02;National;BORDEAUX ST JEAN;TOURCOING;325;28;0;;6;6.525000000000001;1.2244047619;;6;43.666666666999994;8.1785714286;;6;43.666666666999994;3;2;16.666666669999998;0.0;16.666666669999998;16.666666669999998;50.0;0.0
2025-02;National;MONTPELLIER;PARIS LYON;208;194;0;;38;9.5881578947;1.8955094991;;27;46.040123457;7.6091537133;;27;46.040123457;13;8;22.22222222;25.92592593;29.629629629999997;18.51851852;0.0;3.7037037
2025-02;National;PARIS MONTPARNASSE;BORDEAUX ST JEAN;140;894;0;;85;15.077058824;0.967393736;;83;27.046385542000003;4.0930275913;;64;31.094791667;28;1;8.433734939999999;21.686746989999996;20.481927710000004;22.89156627;19.277108430000002;7.22891566
2025-02;National;PARIS LYON;AIX EN PROVENCE TGV;182;438;0;;54;28.076851852;3.272412481;;55;59.686060606;8.324238965;;54;60.555864198;35;22;21.81818182;27.27272727;10.90909091;18.18181818;14.54545455;7.27272727
2025-02;National;PARIS MONTPARNASSE;TOURS;74;168;0;;17;12.206862745;0.8064484127;;13;22.456410256;2.489781746;;8;30.370833333;4;0;0.0;0.0;7.69230769;61.53846154;0.0;30.76923077
2025-02;International;PARIS EST;FRANCFORT;227;146;8;;14;13.991666667;1.2851449275;;25;32.337333333;10.394565217;;25;32.337333333;7;1;12.5;29.16666667;50.0;4.16666667;4.16666667;0.0
2025-02;National;MULHOUSE VILLE;PARIS LYON;171;304;0;;184;5.6805253623;3.4127192981999994;;26;46.635897436;3.9667763158;;17;64.15;12;5;7.69230769;30.76923077;23.07692308;30.76923077;3.8461538500000003;3.8461538500000003
2025-02;National;PARIS EST;NANCY;97;243;0;;14;14.75;0.9341563786;;19;27.638596491000005;3.2553497942;;14;33.14047619;6;1;10.52631579;26.315789470000002;42.10526316;10.52631579;5.2631578900000004;5.2631578900000004
2025-02;National;PARIS LYON;AVIGNON TGV;159;389;0;;45;25.110740741000004;2.7258354756;;47;49.00744680900001;6.9870608398;;40;55.15166666699999;27;16;19.14893617;23.40425532;17.0212766;17.0212766;14.893617019999999;8.5106383
2025-02;National;ST MALO;PARIS MONTPARNASSE;154;92;0;;6;3.0972222222000005;0.1202898551;;12;20.245833333;3.8563405797;;6;26.541666667;2;0;25.0;25.0;16.666666669999998;16.666666669999998;0.0;16.666666669999998
2025-02;National;ST PIERRE DES CORPS;PARIS MONTPARNASSE;68;422;0;;179;5.0604283054;2.3102685624;;58;16.947413793;2.8063981043000004;;18;34.362037037;9;1;3.50877193;21.052631579999996;50.87719298;15.789473679999999;5.2631578900000004;3.50877193
2025-02;National;MACON LOCHE;PARIS LYON;97;213;0;;184;13.180434782999999;11.563650794;;58;33.350862069;10.30515873;;39;42.973504274;23;5;7.14285714;33.92857143;35.71428571;8.92857143;1.78571429;12.5
2025-02;National;NANTES;PARIS MONTPARNASSE;136;579;2;;97;18.499140893;2.8113807048;;45;52.515555556;4.713864818;;35;63.79666666699999;21;9;18.18181818;31.818181820000003;13.636363639999999;22.727272730000003;4.54545455;9.09090909
2025-02;National;PARIS MONTPARNASSE;TOULOUSE MATABIAU;279;196;0;;20;13.238333333;0.8531462585;;17;41.235294118;0.2846088435;;17;41.235294118;9;2;23.52941176;23.52941176;35.294117650000004;11.76470588;0.0;5.88235294
2025-02;National;PARIS NORD;LILLE;68;622;2;;45;28.5622222222;1.5923924731214516;;67;25.153874485444444;3.4900268817516134;;24;57.354861111416675;12;7;15.794871797014926;10.959050901492535;28.203597397014924;12.570991199999998;10.796785301492537;21.674703408955224
2025-02;National;LYON PART DIEU;LILLE;189;310;0;;246;8.811991869943089;7.04026881723871;;67;30.437048692967476;9.465000000006452;;61;32.01229508185246;19;10;11.940298510746269;19.402985071044778;29.850746264477614;14.925373132238807;5.970149250746269;17.910447761492538
2025-02;National;PARIS LYON;BELLEGARDE (AIN);163;266;0;;36;21.344907407;2.6901629073;;34;42.253921569;7.4956766917;;31;44.841397849;16;4;20.58823529;32.35294118;5.88235294;17.64705882;17.64705882;5.88235294
2025-02;National;PARIS LYON;SAINT ETIENNE CHATEAUCREUX;171;107;1;;11;20.887878788;1.9136792453;;12;29.893055556;4.7977987421;;7;42.076190476;4;1;0.0;25.0;16.666666669999998;41.666666670000005;16.666666669999998;0.0
2025-02;National;PARIS MONTPARNASSE;ANGOULEME;123;278;0;;21;20.553174603;1.115647482;;26;30.034615385;3.8913669065000005;;22;33.083333333;10;1;3.8461538500000003;19.23076923;19.23076923;23.07692308;23.07692308;11.53846154
2025-02;National;PARIS LYON;TOULON;236;228;0;;26;29.099358974;3.0315789474;;30;74.244444444;11.546052632;;30;74.244444444;19;13;24.13793103;24.13793103;13.793103449999997;17.24137931;10.34482759;10.34482759
2025-02;National;REIMS;PARIS EST;47;193;1;;22;12.409090909000001;1.4708333333;;21;24.065079365;3.3592881944;;11;37.65;7;1;14.285714290000001;9.52380952;33.333333329999995;23.809523809999998;14.285714290000001;4.76190476
2025-02;International;FRANCFORT;PARIS EST;232;147;5;;107;3.61105919;2.9344202899;;22;36.999242424;8.4254830918;;22;36.999242424;8;2;13.636363639999999;36.36363636;27.27272727;9.09090909;9.09090909;4.5454545500000005
2025-02;National;ANGOULEME;PARIS MONTPARNASSE;132;290;0;;108;9.0165123457;3.3270979021;;36;28.215277778;3.93502331;;23;37.10942029;10;5;2.77777778;30.55555556;33.333333329999995;16.666666669999998;5.55555556;11.111111110000001
2025-02;National;PARIS NORD;DOUAI;72;108;0;;8;14.83125;0.8325617283999999;;17;16.771568627;3.8422839506;;6;28.741666667;2;0;0.0;23.52941176;29.41176471;29.41176471;5.88235294;11.76470588
2025-02;National;LYON PART DIEU;MARNE LA VALLEE;107;321;0;;251;8.7126162019;6.9106770832999995;;67;28.600497512;7.6705208333;;45;36.015925926;20;7;13.43283582;25.373134330000003;32.8358209;10.44776119;5.97014925;11.94029851
2025-02;National;AVIGNON TGV;PARIS LYON;161;418;0;;162;12.177263374;4.6039473684;;64;45.825;7.5955741627;;43;61.68294573599999;27;14;17.1875;25.0;26.5625;12.5;6.25;12.5
2025-02;National;PARIS LYON;GRENOBLE;181;228;1;;28;20.883928570999995;2.2986784141;;42;38.214285714000006;7.4823788546;;37;41.608108108;21;6;19.04761905;28.571428570000002;21.42857143;21.42857143;0.0;9.52380952
2025-02;International;PARIS LYON;GENEVE;192;233;0;;30;23.329444444;2.7947067239;;25;38.729333333;4.5537195994;;25;38.729333333;13;3;16.0;28.000000000000004;16.0;12.0;20.0;8.0
2025-02;National;ARRAS;PARIS NORD;50;447;0;;218;6.2264525994;3.0806114840000003;;95;16.48245614;4.605704698;;31;29.739784946;6;2;10.75268817;10.75268817;34.40860215;23.65591398;10.75268817;9.67741935
2025-02;National;PARIS LYON;LYON PART DIEU;119;631;3;;54;21.362654321000004;1.5867038217;;46;35.420289855;3.6543524416;;38;40.228070175;18;5;2.17391304;36.95652174;19.56521739;19.56521739;15.2173913;6.521739129999999
2025-02;National;PARIS LYON;PERPIGNAN;312;157;0;;16;9.3770833333;0.7333333333;;16;60.908333333;7.2675159236;;16;60.908333333;10;4;31.25;18.75;31.25;6.25;0.0;12.5
2025-02;National;LAVAL;PARIS MONTPARNASSE;87;218;1;;86;6.526744186;2.6327014218000007;;32;24.559375;2.8144549763000004;;22;30.664393939;7;1;31.25;15.625;15.625;25.0;0.0;12.5
2025-02;National;LYON PART DIEU;MONTPELLIER;113;242;0;;112;11.934821429;5.6989626556;;42;31.94047619;6.078769018;;36;34.845833333;17;4;9.52380952;23.809523809999998;26.190476190000002;28.571428570000002;0.0;11.904761899999999
2025-02;National;MARSEILLE ST CHARLES;LYON PART DIEU;104;437;0;;104;14.292467949;3.3471777269;;48;42.892708333;6.843020595;;39;49.68034188;16;10;29.16666667;4.16666667;25.0;22.916666669999998;4.16666667;14.58333333
2025-02;National;RENNES;PARIS MONTPARNASSE;103;750;15;;253;9.7789196311;3.4325694444000003;;105;34.095079365;4.2278703704;;72;43.334722222;32;10;24.03846154;34.61538461999999;10.57692308;22.11538462;2.88461538;5.76923077
2025-02;International;PARIS LYON;LAUSANNE;228;152;4;;12;30.777777778;0.9988738739;;8;47.845833333;2.7597972973;;8;47.845833333;4;3;37.5;12.5;12.5;0.0;25.0;12.5
2025-02;International;STUTTGART;PARIS EST;200;90;0;;79;8.2635021097;6.787689393900001;;15;38.21;7.9785984848;;15;38.21;6;1;33.333333329999995;20.0;13.33333333;13.33333333;13.33333333;6.666666670000001
2025-02;National;ANGERS SAINT LAUD;PARIS MONTPARNASSE;98;495;1;;127;9.3057742782;2.5151670075;;44;48.848106061;3.20334015;;32;63.25;18;8;18.18181818;34.09090909;13.636363639999999;25.0;4.5454545500000005;4.5454545500000005
2025-02;National;ANNECY;PARIS LYON;228;143;0;;11;11.181818182;0.8664319249;;26;42.13525641;10.612089202;;26;42.13525641;14;4;16.0;40.0;20.0;8.0;0.0;16.0
2025-02;National;MARNE LA VALLEE;LYON PART DIEU;106;374;1;;301;10.496677741;8.5286416443;;88;31.139393939;8.9600983021;;72;35.179166667;25;7;8.04597701;18.3908046;22.98850575;26.436781609999997;13.79310345;10.34482759
2025-02;National;PARIS LYON;MACON LOCHE;96;202;0;;19;14.437719298;1.0358910891;;12;31.224999999999998;3.3882013201;;10;35.025;5;1;0.0;33.333333329999995;8.33333333;33.333333329999995;16.666666669999998;8.33333333
2025-02;International;LAUSANNE;PARIS LYON;230;149;1;;60;2.8694444444;1.6306712963;;9;45.059259259;3.4953703704000003;;9;45.059259259;5;2;25.0;12.5;37.5;25.0;0.0;0.0
2025-02;National;LYON PART DIEU;PARIS LYON;119;649;2;;224;8.8261904762;3.1869306418;;56;43.073809524;3.5331521739;;42;53.01904761899999;20;10;7.14285714;32.14285714;19.64285714;17.85714286;16.07142857;7.14285714
2025-02;National;PARIS MONTPARNASSE;BREST;229;236;1;;30;10.351111111;0.8672340426;;12;36.166666667;0.7191489362;;12;36.166666667;5;2;16.666666669999998;25.0;8.33333333;33.333333329999995;0.0;16.666666669999998
2025-02;National;CHAMBERY CHALLES LES EAUX;PARIS LYON;178;279;2;;146;10.523515982;5.3965811966;;86;34.423255814;10.684126984;;66;40.772727273;32;9;10.71428571;38.0952381;33.333333329999995;5.952380949999999;3.57142857;8.33333333
2025-02;National;PARIS MONTPARNASSE;ST PIERRE DES CORPS;62;465;0;;43;13.203875969;0.7916129032;;43;19.218992248;2.557921147;;19;30.861403509;7;1;0.0;11.904761899999999;16.666666669999998;38.0952381;11.904761899999999;21.42857143
2025-02;National;TOULOUSE MATABIAU;PARIS MONTPARNASSE;292;200;0;;13;6.3525641026;0.3724166667;;20;31.85;4.89625;;20;31.85;9;2;15.0;45.0;15.0;10.0;5.0;10.0
2025-02;National;BREST;PARIS MONTPARNASSE;233;258;1;;28;10.073809524;1.1080078125;;24;39.640972222;4.5893880208;;24;39.640972222;11;3;16.666666669999998;29.16666667;16.666666669999998;20.833333330000002;8.33333333;8.33333333
2025-02;National;PARIS LYON;ANNECY;228;148;1;;12;18.836111111;1.3530612245;;17;45.0;7.523809523800001;;17;45.0;8;3;23.52941176;29.41176471;35.294117650000004;5.88235294;5.88235294;0.0
2025-02;International;GENEVE;PARIS LYON;193;228;0;;195;2.9520512821;2.6420321637;;16;50.11875;4.8766812865;;16;50.11875;10;4;26.66666667;40.0;26.66666667;0.0;6.666666670000001;0.0
2025-02;National;PARIS EST;REIMS;46;196;0;;12;20.423611111;1.3147108844;;20;28.450833333000002;3.9253401361;;10;46.956666667;5;2;5.263157890000001;10.52631579;42.10526316;31.578947369999998;10.52631579;0.0
2025-02;National;PARIS LYON;DIJON VILLE;96;395;0;;35;23.186666667;1.9167932489;;25;45.627333333;3.5799578059;;21;51.61507936500001;13;5;4.0;40.0;8.0;12.0;16.0;20.0
2025-02;National;PARIS LYON;MULHOUSE VILLE;168;305;0;;40;24.985416667;3.1272677596;;40;41.894583333;5.9941530055;;29;52.937356322;20;8;5.0;37.5;15.0;12.5;15.0;15.0
2025-02;National;PARIS LYON;NIMES;180;174;0;;15;10.416666667;0.6774904215;;11;91.86666666699999;6.8055555556;;11;91.866666667;5;5;27.27272727;18.18181818;9.09090909;18.18181818;9.09090909;18.18181818
2025-02;National;PARIS MONTPARNASSE;QUIMPER;222;242;40;;42;20.485714286;3.5163366337;;40;61.35000000000001;13.267326733;;40;61.35;24;16;57.49999999999999;15.0;2.5;12.5;7.5;5.0
2025-02;National;PERPIGNAN;PARIS LYON;313;166;0;;23;10.257246377;1.2946787149;;25;43.946;7.569477911600001;;25;43.946;12;7;20.0;28.000000000000004;24.0;20.0;4.0;4.0
2025-02;National;POITIERS;PARIS MONTPARNASSE;101;425;0;;152;5.9809210526;2.0244496855;;62;16.41344086;3.0965801887;;20;28.540833333000002;5;2;9.67741935;25.806451609999996;48.38709677;12.903225809999999;0.0;3.2258064500000003
2025-02;National;TOURS;PARIS MONTPARNASSE;81;174;0;;15;7.1977777778;0.5978927203;;22;18.081818182;3.1286398467;;7;36.697619048;3;1;0.0;18.18181818;54.54545455;22.72727273;0.0;4.5454545500000005
2025-02;International;PARIS LYON;ZURICH;244;144;4;;20;23.935833333;2.1610714286;;19;34.106140351;6.0205952381;;19;34.106140351;8;2;11.111111110000001;27.77777778;22.222222220000003;0.0;16.666666669999998;22.222222220000003
2025-02;National;GRENOBLE;PARIS LYON;181;221;1;;38;19.813157895;3.4234090909;;51;43.984313725;11.246666667;;38;54.225877193;21;13;15.68627451;17.64705882;33.333333329999995;17.64705882;13.725490200000001;1.9607843100000002
2025-02;National;LILLE;MARSEILLE ST CHARLES;296;229;0;;60;14.343333333226667;3.7444898334786023;;51;39.04086601341667;10.373133868859389;;51;40.68986928133333;21;8;23.529411763333332;23.529411766666666;15.686274506666667;13.725490193333334;15.686274506666667;7.8431372533333334
2025-02;International;PARIS LYON;ITALIE;507;28;0;;1;19.983333333;0.5517857143;;0;0.0;0.0;;0;0.0;0;0;0.0;0.0;0.0;0.0;0.0;0.0
2025-02;National;LA ROCHELLE VILLE;PARIS MONTPARNASSE;175;204;0;;5;4.0466666667;0.1027777778;;16;20.542708333;2.5051470588;;7;30.730952381;2;1;18.75;25.0;43.75;12.5;0.0;0.0
2025-02;National;SAINT ETIENNE CHATEAUCREUX;PARIS LYON;169;107;1;;12;6.1347222222;0.9366666666999999;;13;20.438461538;3.836984127;;8;25.141666667;1;0;0.0;38.46153846;23.07692308;38.46153846;0.0;0.0
2025-02;National;PARIS LYON;MONTPELLIER;209;174;0;;15;10.416666667;0.6774904215;;11;89.381818182;6.4583333333;;11;89.381818182;5;5;27.27272727;18.18181818;9.09090909;18.18181818;9.09090909;18.18181818
2025-02;International;ZURICH;PARIS LYON;244;164;0;;48;2.221875;1.185;;11;53.893939394;3.5348958333;;11;53.893939394;8;3;9.09090909;27.27272727;18.18181818;36.36363636;9.09090909;0.0
2025-02;National;MARSEILLE ST CHARLES;LILLE;286;195;0;;21;17.376984126990475;1.5376923076871796;;37;35.78423280438095;8.778461538446155;;37;34.410360360594595;15;5;8.10810811;21.6216216227027;18.91891892189189;16.2162162127027;10.810810808108108;24.324324324594595
2025-02;National;NICE VILLE;PARIS LYON;349;177;0;;22;23.359090909;2.8102272727;;40;68.69125;16.768371212;;40;68.69125;23;14;30.0;32.5;20.0;7.5;5.0;5.0
2025-02;International;PARIS EST;STUTTGART;190;87;1;;14;10.30952381;1.6571705426;;22;33.418939394;12.684108527000001;;22;33.418939394;10;1;9.09090909;9.09090909;27.27272727;31.818181820000003;4.5454545500000005;18.18181818
2025-02;National;PARIS LYON;BESANCON FRANCHE COMTE TGV;128;165;0;;16;23.24375;2.1701010101;;9;49.101851852;3.866969697;;8;53.535416667;6;1;11.111111110000001;33.333333329999995;0.0;22.222222220000003;22.222222220000003;11.111111110000001
2025-02;International;BARCELONA;PARIS LYON;409;56;0;;14;7.3571428571;1.5454545455;;6;44.066666667;7.2266666667;;6;44.066666667;2;1;16.666666669999998;50.0;33.333333329999995;0.0;0.0;0.0
2025-02;National;LE MANS;PARIS MONTPARNASSE;62;431;1;;157;8.5483014862;3.136682243;;68;24.103186275;3.1399922118;;26;47.860897436;12;5;15.873015870000001;26.98412698;25.3968254;26.98412698;3.17460317;1.5873015899999998
2025-02;National;MARSEILLE ST CHARLES;MARNE LA VALLEE;208;261;0;;37;17.32027027;2.1890384615;;40;39.456666667;8.5144871795;;40;39.456666667;22;8;15.0;27.500000000000004;17.5;7.5;15.0;17.5
2025-02;National;MARSEILLE ST CHARLES;PARIS LYON;196;461;0;;107;17.769003115;3.9751086957;;55;60.132121212;8.0652536232;;55;60.13212121200001;33;15;25.454545449999998;25.454545449999998;12.72727273;18.18181818;5.4545454499999995;12.72727273
2025-02;National;METZ;PARIS EST;88;259;0;;83;10.508433735;3.4143410853;;53;26.299685535;5.6829457364;;29;39.24137931;12;4;5.66037736;13.20754717;32.0754717;15.09433962;16.98113208;16.98113208
2025-02;National;NANCY;PARIS EST;96;229;0;;23;10.556521739;1.1297671033;;26;24.320512821;3.8248908297;;15;33.01;8;0;26.92307692;15.38461538;34.61538462;7.69230769;7.69230769;7.69230769
2025-02;National;PARIS MONTPARNASSE;ANGERS SAINT LAUD;89;496;1;;48;12.18125;0.7651515152;;35;20.918571429;1.9618518519;;19;29.20877193;11;0;0.0;22.857142860000003;14.285714290000001;34.28571429;25.714285710000002;2.8571428600000006
2025-02;International;ITALIE;PARIS LYON;558;28;0;;24;24.504861111;21.076785714;;10;45.195;19.114880952;;10;45.195;6;1;0.0;33.333333329999995;44.444444440000005;0.0;0.0;22.222222220000003
2025-02;National;PARIS EST;STRASBOURG;122;500;1;;87;17.590996169;3.037241149;;62;33.700268817;4.9793587174;;50;38.482666667;23;9;12.903225809999999;11.29032258;17.741935480000002;32.258064520000005;11.29032258;14.51612903
2025-02;National;VANNES;PARIS MONTPARNASSE;169;273;15;;73;10.261872146;3.4887366819;;50;41.745333333;10.005251142;;38;50.58377193;18;8;36.73469388;36.73469388;6.12244898;14.285714290000001;2.04081633;4.0816326499999995
2025-02;National;LILLE;PARIS NORD;69;595;3;;119;5.68711484597647;0.9259489430101351;;87;16.316778711411764;3.492085226505406;;26;35.432051282;6;4;13.053768066206898;11.876308015862067;39.2630117162069;14.383789385172413;14.231228116551724;7.191894695172414
2025-02;National;BELLEGARDE (AIN);PARIS LYON;162;260;0;;128;4.9313802083;2.4739382239;;34;33.887254902;4.9259330759;;22;45.336363636;12;4;18.18181818;27.27272727;36.36363636;3.0303030300000002;6.0606060600000005;9.09090909
2025-02;National;BESANCON FRANCHE COMTE TGV;PARIS LYON;133;167;0;;26;5.2647435897;0.4297188755;;13;60.517948718;3.3652610442000004;;9;81.5;6;3;7.69230769;30.76923077;7.69230769;46.15384615;0.0;7.69230769
2025-02;National;LE CREUSOT MONTCEAU MONTCHANIN;PARIS LYON;82;213;1;;103;5.1689320388;2.5904874214;;23;21.375362319;1.8704402516;;9;41.559259259;5;2;0.0;21.73913043;56.52173913;0.0;13.043478259999999;8.695652169999999
2025-02;National;LILLE;LYON PART DIEU;184;343;0;;166;8.436746987948796;4.13070942660758;;71;33.230012206138554;8.720456754139358;;67;34.91144278574627;23;6;8.57683413859155;14.27370191197183;25.730502415774648;25.688459108309853;17.1536682771831;8.57683413859155
2025-02;National;LYON PART DIEU;MARSEILLE ST CHARLES;104;450;0;;206;13.275485437;6.2168518519;;93;30.668637993000004;7.5332592593;;70;36.16547619;26;10;21.505376339999998;24.731182800000003;21.505376339999998;15.05376344;5.37634409;11.82795699
2025-02;National;PARIS EST;METZ;85;229;0;;33;20.085858586;2.9043668122;;39;25.126923077;5.2781659389;;22;36.614393939;12;2;10.526315789999998;5.2631578900000004;34.21052632;23.684210529999998;21.052631579999996;5.2631578900000004
2025-02;National;PARIS MONTPARNASSE;LAVAL;78;208;2;;18;15.219444444;0.9944174757;;24;17.082638889;3.0186084142;;9;27.677777778;3;0;8.33333333;16.666666669999998;8.33333333;33.333333329999995;20.833333330000002;12.5
2025-02;National;PARIS MONTPARNASSE;POITIERS;93;531;0;;43;16.553488372;0.9100125549;;45;24.281481481;2.556779661;;28;31.90952381;12;1;2.27272727;22.727272730000003;22.727272730000003;29.54545455;9.09090909;13.636363639999999
2025-02;National;PARIS MONTPARNASSE;ST MALO;156;88;0;;4;9.9458333333;0.140530303;;8;18.53125;2.9367424242;;5;21.61;0;0;0.0;50.0;12.5;25.0;0.0;12.5
2025-02;National;STRASBOURG;PARIS EST;128;516;2;;227;12.727679883;5.6770058708;;96;32.045138889;6.9009784736;;70;39.048809524;26;8;15.625;21.875;30.20833333;14.58333333;9.375;8.33333333
2025-02;National;TOULON;PARIS LYON;238;220;0;;96;22.232812500000005;9.8128614916;;46;70.717753623;16.19847793;;46;70.717753623;29;17;32.60869565;30.43478261;17.39130435;6.521739129999999;4.34782609;8.695652169999999
2025-02;National;DUNKERQUE;PARIS NORD;131;152;0;;11;9.4545454545;0.6842105263;;21;25.257142857000005;5.3026315789;;12;33.766666667;3;1;9.52380952;14.285714290000001;47.619047619999996;14.285714290000001;4.76190476;9.52380952
2025-02;National;NANTES;STRASBOURG;314;52;0;;6;2.1916666667;0.3259615385;;4;21.716666667;3.9256410256;;4;21.716666667;0;0;25.0;75.0;0.0;0.0;0.0;0.0
2025-02;National;MARNE LA VALLEE;MARSEILLE ST CHARLES;211;259;0;;191;11.67539267;8.6958815959;;59;42.519491525;10.823230373;;59;42.519491525;25;11;23.72881356;25.42372881;13.55932203;15.25423729;13.55932203;8.47457627
2025-02;National;PARIS MONTPARNASSE;LE MANS;54;408;2;;43;14.44379845;1.1720032841;;45;16.486296296;2.2906403941;;16;28.5375;7;0;2.38095238;14.285714290000001;16.666666669999998;26.190476190000002;28.571428570000002;11.904761899999999
2025-02;International;PARIS LYON;BARCELONA;407;56;0;;6;5.2777777778;0.3794642857;;3;36.666666667;3.8035714286;;3;36.666666667;2;0;33.333333329999995;0.0;33.333333329999995;0.0;0.0;33.333333329999995
2025-02;National;STRASBOURG;NANTES;326;52;0;;6;1.8527777778;0.2294871795;;0;0.0;0.16730769230000003;;0;0.0;0;0;0.0;0.0;0.0;0.0;0.0;0.0
2025-02;National;PARIS LYON;LE CREUSOT MONTCEAU MONTCHANIN;80;202;1;;18;25.273148148;1.3056384743;;18;22.184259259;2.6028192371;;10;33.3;4;1;0.0;33.333333329999995;33.333333329999995;16.666666669999998;11.111111110000001;5.55555556
2025-02;National;DOUAI;PARIS NORD;74;146;0;;42;5.9420634921;1.9917808219;;24;18.744444444;4.498630137;;8;36.295833333;3;1;12.5;8.33333333;37.5;25.0;12.5;4.16666667
2025-02;National;PARIS LYON;CHAMBERY CHALLES LES EAUX;180;308;3;;31;17.717741935;0.1816939891;;54;30.313271605;7.321693989099999;;35;39.821904762;14;5;1.85185185;31.48148148;40.74074074;22.22222222;1.85185185;1.85185185
2025-02;National;PARIS MONTPARNASSE;VANNES;153;262;40;;44;20.35;3.3301801802000006;;68;43.066176471;13.891891892;;53;51.773584906;30;16;64.17910448;11.940298509999998;4.47761194;10.44776119;5.97014925;2.9850746299999997
2025-02;National;PARIS NORD;ARRAS;50;450;3;;30;30.083888889;1.6947427293;;41;29.032926829;3.4677479492999996;;17;58.121568627;11;5;12.5;17.5;27.500000000000004;12.5;10.000000000000002;20.000000000000004
2025-02;National;QUIMPER;PARIS MONTPARNASSE;237;253;15;;17;31.952941176;2.5668292683;;37;51.372072072;10.398780488;;37;51.372072072;18;8;45.945945949999995;27.02702703;5.40540541;13.51351351;2.7027026999999997;5.40540541
2025-02;National;TOURCOING;BORDEAUX ST JEAN;290;28;0;;3;38.666666667;4.2962962963;;3;66.205555556;3.0839506173;;3;66.205555556;3;2;33.333333329999995;33.333333329999995;0.0;33.333333329999995;0.0;0.0
2025-03;National;PARIS LYON;GRENOBLE;180;253;0;;18;39.690740741;2.6087615283;;30;41.816666667;5.5296442688;;26;46.019230769;13;5;13.33333333;50.0;13.33333333;10.0;0.0;13.33333333
2025-03;International;PARIS LYON;BARCELONA;407;62;0;;5;13.866666667;0.8948924731;;3;67.0;5.1290322581;;3;67.0;2;2;66.66666667;0.0;33.333333329999995;0.0;0.0;0.0
2025-03;National;METZ;PARIS EST;87;324;0;;104;13.026442308000002;4.2433952528;;73;26.273287671;6.6620227038;;48;34.382291667;19;6;6.84931507;17.808219180000002;24.657534249999998;16.43835616;12.32876712;21.91780822
2025-03;National;PARIS MONTPARNASSE;BORDEAUX ST JEAN;141;986;0;;108;11.570216049;0.8021636241;;93;23.335663082;3.2929006085;;52;31.207692308;21;3;13.978494620000001;13.978494620000001;26.88172043;22.58064516;7.52688172;15.05376344
2025-03;National;POITIERS;PARIS MONTPARNASSE;100;470;0;;158;6.6518987342;2.0949074074;;62;17.449193548;1.7064458689;;24;29.404861111;6;2;6.451612900000001;9.67741935;38.70967742;33.870967740000005;3.2258064500000003;8.064516130000001
2025-03;National;TOURS;PARIS MONTPARNASSE;81;186;1;;17;9.0343137255;0.8399807322;;23;20.34057971;0.5926782274;;7;43.285714285999994;5;1;28.571428570000002;28.571428570000002;9.52380952;9.52380952;19.04761905;4.76190476
2025-03;International;PARIS EST;STUTTGART;190;114;3;;13;12.215384615000001;1.3722222222;;21;34.546031746;11.404654655;;21;34.546031746;7;2;15.789473679999999;21.05263158;36.842105260000004;5.26315789;5.26315789;15.789473679999999
2025-03;National;BESANCON FRANCHE COMTE TGV;PARIS LYON;133;176;0;;23;4.1905797101;0.1047619048;;14;52.86547619;3.9762857142999994;;11;64.031818182;6;5;7.14285714;71.42857143;7.14285714;0.0;14.285714290000001;0.0
2025-03;National;NIMES;PARIS LYON;180;219;0;;78;12.278632479;4.4175076453;;44;42.26969697;9.3069571865;;30;55.89;18;10;22.72727273;27.27272727;31.818181820000003;13.636363639999999;2.27272727;2.27272727
2025-03;National;RENNES;LYON PART DIEU;247;90;0;;12;9.6513888889;1.3475925926;;10;39.685;5.3453703704;;10;39.685;2;2;20.0;50.0;0.0;20.0;0.0;10.0
2025-03;International;GENEVE;PARIS LYON;193;244;1;;197;3.5447546531;2.9921124829;;27;64.852469136;9.1386145405;;27;64.852469136;19;10;18.51851852;55.55555556;11.11111111;11.11111111;3.7037037;0.0
2025-03;International;ZURICH;PARIS LYON;250;156;0;;56;1.5395833333;0.8935483871;;15;49.306666667;6.4137634409;;15;49.30666666700001;10;3;20.0;53.33333333;26.66666667;0.0;0.0;0.0
2025-03;National;LYON PART DIEU;MARNE LA VALLEE;107;358;0;;267;9.6170411985;7.270494864599999;;99;31.941582492;10.350326797;;78;36.918803419;32;11;15.15151515;32.32323232;35.35353535;6.06060606;4.04040404;7.07070707
2025-03;National;LYON PART DIEU;RENNES;251;88;0;;26;5.9032051282;1.925;;7;92.942857143;8.4736742424;;7;92.942857143;5;4;14.285714290000001;42.85714286;14.285714290000001;14.285714290000001;0.0;14.285714290000001
2025-03;National;MONTPELLIER;PARIS LYON;210;219;0;;73;11.468949772;3.8311263317999997;;30;55.89;9.2816590563;;30;55.89;18;10;26.66666667;33.333333329999995;26.66666667;13.33333333;0.0;0.0
2025-03;National;PARIS LYON;CHAMBERY CHALLES LES EAUX;175;290;0;;20;38.6875;2.4588505747;;30;42.01;5.6566666667;;24;49.290972222;15;6;6.666666670000001;56.66666667;16.666666669999998;13.33333333;0.0;6.666666670000001
2025-03;National;ANNECY;PARIS LYON;229;162;0;;5;21.2;0.5955761317;;27;46.902469136;9.90781893;;27;46.902469136;12;5;3.7037037;40.74074074;40.74074074;0.0;3.7037037;11.11111111
2025-03;National;PARIS EST;METZ;84;286;0;;36;13.636574074;1.7688811189;;49;20.631632653;4.6916083916;;24;32.227083333;9;3;0.0;12.5;39.58333333;25.0;14.58333333;8.33333333
2025-03;National;MARSEILLE ST CHARLES;PARIS LYON;196;519;1;;102;17.052777778;3.2013862025;;60;59.073333333;8.5082849774;;60;59.073333333;39;17;23.33333333;35.0;25.0;8.33333333;3.33333333;5.0
2025-03;National;PARIS MONTPARNASSE;VANNES;155;287;1;;26;24.162820513;1.7408508159;;35;33.7;4.756993007;;25;42.14;12;4;20.0;17.14285714;14.285714290000001;22.857142860000003;8.57142857;17.14285714
2025-03;National;TOURCOING;BORDEAUX ST JEAN;288;22;0;;2;7.5;0.7142857143;;5;52.99;5.9515873016;;5;52.989999999999995;3;1;0.0;60.0;0.0;40.0;0.0;0.0
2025-03;National;PARIS EST;NANCY;96;303;0;;32;11.550520833;1.2603960396;;25;26.193333333;3.148129813;;16;33.301041667;8;0;16.0;8.0;12.0;36.0;16.0;12.0
2025-03;National;ST PIERRE DES CORPS;PARIS MONTPARNASSE;68;395;1;;197;6.05;3.1925641026;;56;17.363690476;2.0117094017;;20;31.5375;8;1;20.754716979999998;30.18867925;18.86792453;13.20754717;11.32075472;5.66037736
2025-03;National;AIX EN PROVENCE TGV;PARIS LYON;184;452;1;;228;10.329897661;5.295814814800001;;66;54.217676768;9.0364444444;;65;54.816666667;38;16;21.21212121;42.42424242;21.21212121;7.57575758;4.54545455;3.03030303
2025-03;National;MARSEILLE ST CHARLES;MARNE LA VALLEE;209;293;0;;42;18.163492063;2.315696347;;60;42.256388889;10.449771689;;60;42.256388889;25;10;15.0;40.0;25.0;5.0;6.666666670000001;8.33333333
2025-03;National;PARIS LYON;MARSEILLE ST CHARLES;195;582;0;;58;32.768965517;3.0030641466;;41;57.158943089;5.0680126002;;41;57.158943089;22;12;24.3902439;43.90243902;7.3170731700000005;9.75609756;9.75609756;4.87804878
2025-03;National;DOUAI;PARIS NORD;75;161;5;;34;8.1661764706;1.6926406926;;25;16.224666667;3.5810606061;;8;33.310416667;3;1;8.0;20.0;44.0;24.0;4.0;0.0
2025-03;National;MARNE LA VALLEE;MARSEILLE ST CHARLES;213;290;2;;140;11.926309524;5.8997685185;;32;45.7765625;5.6833333333;;32;45.7765625;17;5;9.375;43.75;15.625;18.75;9.375;3.125
2025-03;National;MONTPELLIER;LYON PART DIEU;113;184;0;;32;14.246354167;2.5107789855;;25;32.086666667;6.4846014493;;21;35.650793651;9;3;24.0;32.0;20.0;8.0;8.0;8.0
2025-03;National;PARIS LYON;AVIGNON TGV;159;437;0;;44;34.279166667;3.2553012967;;43;48.510465116;5.728832951900001;;35;56.548571429;20;11;18.60465116;41.86046512;9.30232558;9.30232558;9.30232558;11.62790698
2025-03;National;PARIS LYON;MACON LOCHE;95;234;0;;19;18.357894737;1.3128205128;;20;30.547500000000003;3.8952279202;;17;33.266666667;8;1;10.0;45.0;10.0;15.0;5.0;15.0
2025-03;National;PARIS LYON;MONTPELLIER;210;188;0;;17;33.698039216;2.8034574468000004;;21;50.688095238;6.873758865200001;;21;50.688095238;13;7;19.04761905;47.619047619999996;9.52380952;14.285714290000001;4.76190476;4.76190476
2025-03;National;PARIS MONTPARNASSE;LA ROCHELLE VILLE;173;238;0;;20;10.355;0.4912464986;;17;23.205882353;2.1617647059;;12;27.041666667;4;0;23.52941176;11.76470588;23.52941176;17.64705882;0.0;23.52941176
2025-03;National;PARIS MONTPARNASSE;NANTES;128;612;0;;34;7.1730392157;-0.031505728;;40;35.735833333;2.6111838516;;32;41.374479167;13;5;25.64102564;28.20512821;28.20512821;7.69230769;2.56410256;7.69230769
2025-03;National;PARIS MONTPARNASSE;RENNES;97;779;1;;60;18.047777778;0.9351756640999999;;87;26.857471264;3.0585475578;;47;41.096453901;23;8;8.433734939999999;22.89156627;20.48192771;18.07228916;6.02409639;24.09638554
2025-03;National;STRASBOURG;NANTES;330;54;0;;9;2.5537037037;0.3691358025;;4;37.008333333;2.9725308642;;4;37.008333333;2;0;25.0;25.0;25.0;0.0;0.0;25.0
2025-03;National;PARIS LYON;BESANCON FRANCHE COMTE TGV;128;170;0;;16;34.060416667;3.0542156863;;17;48.150980392;5.5838235294;;16;50.234375;9;5;17.64705882;64.70588235;11.76470588;5.88235294;0.0;0.0
2025-03;National;ANGOULEME;PARIS MONTPARNASSE;131;293;0;;112;6.8552083333;2.5864155251;;23;31.979710144999995;1.9295091324;;14;44.173809524;7;3;17.39130435;8.695652169999999;26.086956519999998;26.086956519999998;13.043478259999999;8.695652169999999
2025-03;National;LILLE;PARIS NORD;69;652;14;;142;7.589906103202817;1.1113000213109718;;76;29.970821596246473;4.0892580014561135;;26;63.176923077;12;9;15.26505719210526;17.989490566315787;44.447727177105264;13.888068205263156;5.596589714342104;2.813067148947369
2025-03;International;BARCELONA;PARIS LYON;412;62;0;;15;18.266666667;4.2419354839;;7;77.004761905;12.161021505;;7;77.004761905;6;4;28.571428570000002;14.285714290000001;42.85714286;14.285714290000001;0.0;0.0
2025-03;National;NANTES;PARIS MONTPARNASSE;136;650;0;;127;8.3778215223;1.3383076923;;40;37.866666667;1.2162820513;;34;42.207352941;17;5;32.5;22.5;10.0;17.5;2.5;15.0
2025-03;National;PARIS LYON;ANNECY;225;167;0;;12;21.490277777999996;1.3651696607;;17;40.823529412;4.8323353293;;17;40.823529412;10;2;5.88235294;64.70588235;23.52941176;5.88235294;0.0;0.0
2025-03;National;PARIS LYON;LYON PART DIEU;119;689;0;;67;29.971890547;2.697605225;;61;44.190163934;4.8752781809;;50;50.957333332999994;30;15;11.475409840000001;42.62295082;9.836065569999999;11.475409840000001;11.475409840000001;13.1147541
2025-03;National;PARIS MONTPARNASSE;BREST;230;256;3;;20;16.314166667;0.6438076416;;21;39.333333333;1.5019762846;;21;39.333333333;7;5;23.809523809999998;4.76190476;19.04761905;33.333333329999995;4.76190476;14.285714290000001
2025-03;National;PARIS MONTPARNASSE;QUIMPER;225;262;3;;26;24.162820513;1.3902187902;;21;40.880952381;3.4362934363;;21;40.880952381;9;5;38.0952381;9.52380952;9.52380952;23.809523809999998;9.52380952;9.52380952
2025-03;National;DIJON VILLE;PARIS LYON;99;403;0;;130;5.1667948718;1.7480465503;;40;39.754583333;4.5238154613;;28;51.439880952;13;9;12.5;62.5;17.5;2.5;5.0;0.0
2025-03;National;LILLE;LYON PART DIEU;183;377;1;;141;7.520921985812767;2.835859929110638;;50;26.167641844170213;5.324335106372341;;36;34.3;13;4;8.177777778800001;26.5333333364;24.5333333364;20.444444442400002;16.2666666636;4.0444444424
2025-03;National;MARNE LA VALLEE;LYON PART DIEU;107;417;1;;265;8.1744654088;5.3322115385;;58;27.374425287;5.3967147436;;41;33.32601626;14;4;8.77192982;26.315789470000002;22.80701754;24.561403509999998;14.03508772;3.50877193
2025-03;National;PARIS EST;REIMS;46;235;0;;13;16.528205128;0.9922695035;;13;32.770512821;2.6526241135;;10;39.395;5;1;7.69230769;15.38461538;30.76923077;15.38461538;7.69230769;23.07692308
2025-03;National;BORDEAUX ST JEAN;PARIS MONTPARNASSE;145;1011;2;;270;13.933148148;3.5609679551;;82;45.699796748;3.6347703997;;66;53.698989899;38;18;23.170731710000002;23.170731710000002;18.29268293;12.19512195;8.53658537;14.634146340000001
2025-03;National;PARIS LYON;PERPIGNAN;312;175;0;;15;33.737777778;2.6312380952;;18;85.571296296;10.321904762;;18;85.571296296;11;7;16.666666669999998;44.444444440000005;22.222222220000003;5.55555556;0.0;11.111111110000001
2025-03;National;NANTES;STRASBOURG;323;54;0;;17;11.77745098;3.7330246914000003;;8;42.291666667;8.799382716;;8;42.291666667;4;2;37.5;25.0;25.0;0.0;0.0;12.5
2025-03;National;LE MANS;PARIS MONTPARNASSE;63;489;0;;152;9.7452850877;2.9093127148;;39;33.918803419;0.9071477663;;28;43.17202381;14;5;35.897435900000005;23.07692308;12.82051282;7.69230769;7.69230769;12.82051282
2025-03;National;REIMS;PARIS EST;46;235;0;;31;5.4623655914;0.8115602837;;19;15.497368421;1.7346808511;;8;23.222916667;1;0;10.52631579;47.368421049999995;15.789473679999999;10.52631579;10.52631579;5.2631578900000004
2025-03;National;AVIGNON TGV;PARIS LYON;162;461;1;;178;10.789138577;4.0710869565;;86;40.953294574;8.5187681159;;59;53.577118644;34;14;18.60465116;33.72093023;31.395348839999997;10.46511628;2.3255814;3.48837209
2025-03;National;NICE VILLE;PARIS LYON;349;196;0;;21;44.250793651;4.6096938776;;32;73.766666667;13.227295918;;32;73.766666667;23;15;37.5;34.375;15.625;6.25;3.125;3.125
2025-03;National;PARIS LYON;DIJON VILLE;96;396;0;;40;32.70625;3.1529882155;;47;40.163475177;5.0795875421;;40;44.932916667;22;9;12.765957450000002;53.19148936;8.5106383;14.893617019999999;4.25531915;6.3829787200000005
2025-03;National;PARIS LYON;SAINT ETIENNE CHATEAUCREUX;171;119;3;;14;41.266666667;2.846408046;;13;39.506410256;5.5540229885;;8;55.445833333;5;2;30.76923077;23.07692308;15.38461538;0.0;15.38461538;15.38461538
2025-03;National;PARIS NORD;ARRAS;53;494;10;;45;21.434814815;1.7206431535;;45;31.909259259;2.3521438451000005;;25;49.273999999999994;14;7;39.02439024;9.75609756;14.634146340000001;17.07317073;9.75609756;9.75609756
2025-03;National;QUIMPER;PARIS MONTPARNASSE;236;272;0;;17;15.0;0.9469753086;;21;42.366666667;2.1680246914;;21;42.366666667;12;4;33.333333329999995;23.809523809999998;0.0;9.52380952;19.04761905;14.285714290000001
2025-03;International;ITALIE;PARIS LYON;564;31;0;;28;29.601785714;26.634946237;;9;26.531481480999997;9.2252688172;;9;26.531481481;3;0;0.0;22.222222220000003;66.66666667;0.0;0.0;11.111111110000001
2025-03;International;LAUSANNE;PARIS LYON;234;176;0;;70;2.3647619048;1.3360623782;;12;45.601388889;4.4288499025;;12;45.601388889;6;3;16.666666669999998;50.0;16.666666669999998;8.33333333;8.33333333;0.0
2025-03;National;RENNES;PARIS MONTPARNASSE;103;822;1;;229;11.766375546;3.2499187982;;66;34.104292929;1.8119569631;;50;40.818666667;25;9;25.75757576;30.3030303;12.12121212;13.636363639999999;7.57575758;10.60606061
2025-03;National;ST MALO;PARIS MONTPARNASSE;154;104;0;;4;3.5625;-0.042788462;;8;23.55625;1.4794871795;;6;26.897222222;2;0;25.0;50.0;0.0;25.0;0.0;0.0
2025-03;National;TOULOUSE MATABIAU;PARIS MONTPARNASSE;292;203;0;;13;14.302564103;0.9021452145;;17;88.465686275;7.3258250825;;17;88.465686275;11;7;41.17647059;29.41176471;11.76470588;0.0;5.88235294;11.76470588
2025-03;International;PARIS LYON;ZURICH;247;146;2;;20;26.116666666999997;2.6795138889;;20;45.948333333;7.0578703704;;20;45.948333333;14;3;15.789473679999999;47.368421049999995;5.263157890000001;5.263157890000001;10.52631579;15.789473679999999
2025-03;National;ARRAS;PARIS NORD;50;494;15;;238;6.9862745098;3.205055788;;92;28.211413043;6.1897838215;;31;66.289247312;14;10;14.60674157;19.1011236;42.69662920999999;20.2247191;3.37078652;0.0
2025-03;National;LYON PART DIEU;PARIS LYON;119;730;0;;251;6.6438247012;2.3950845908;;67;48.270895522;5.4370141747;;48;62.151736111;28;19;8.95522388;50.746268660000005;11.94029851;11.94029851;0.0;16.41791045
2025-03;International;FRANCFORT;PARIS EST;232;178;2;;104;4.1549679487;2.6667630058;;20;41.8125;6.7662813102;;20;41.8125;9;4;30.0;15.0;20.0;20.0;15.0;0.0
2025-03;International;STUTTGART;PARIS EST;199;112;1;;97;7.5316151203;6.5905198777;;18;41.605555556;8.8866972477;;18;41.605555556;9;4;27.77777778;16.666666669999998;38.888888890000004;0.0;11.111111110000001;5.55555556
2025-03;National;PARIS MONTPARNASSE;ST MALO;156;97;0;;5;11.516666667;0.24810996559999998;;13;26.121794872;4.9116838488;;9;31.675925926000005;5;0;23.07692308;23.07692308;15.38461538;15.38461538;7.69230769;15.38461538
2025-03;National;CHAMBERY CHALLES LES EAUX;PARIS LYON;178;309;0;;98;10.377380952;2.3612729234;;63;35.9;8.5712513484;;52;40.666987179;22;6;9.52380952;26.98412698;53.96825397;0.0;1.5873015899999998;7.936507939999999
2025-03;National;PARIS MONTPARNASSE;ST PIERRE DES CORPS;62;432;1;;37;10.153603604;0.4447022428;;59;18.592937853;3.4702629544;;21;33.745238095;11;0;25.454545449999998;9.09090909;32.72727273;20.0;10.90909091;1.8181818200000002
2025-03;National;BREST;PARIS MONTPARNASSE;233;288;1;;19;11.526315789;0.7740023474;;19;46.450877193;1.5071596244;;19;46.450877193;10;5;31.578947369999998;26.315789470000002;5.2631578900000004;21.05263158;5.2631578900000004;10.52631579
2025-03;National;PARIS LYON;MULHOUSE VILLE;168;311;0;;37;31.478828828999998;3.5804930332;;43;43.430620155;6.2774919614;;39;46.584615385;18;9;18.60465116;51.1627907;9.30232558;4.65116279;6.976744190000001;9.30232558
2025-03;National;PARIS MONTPARNASSE;TOURS;74;179;13;;12;8.3625;0.1272088353;;21;21.574603175000004;3.6767068273;;8;39.110416667;5;1;26.315789470000002;5.26315789;52.631578950000005;10.52631579;5.26315789;0.0
2025-03;International;PARIS LYON;LAUSANNE;229;176;5;;12;40.166666667;1.9764132554000002;;13;39.197435897;3.1633528265000006;;13;39.197435897;4;1;7.69230769;23.07692308;30.76923077;30.76923077;7.69230769;0.0
2025-03;National;PARIS LYON;VALENCE ALIXAN TGV;131;390;1;;31;42.282795699;3.0713367609;;45;41.164814815;6.174335904;;34;50.218137255;18;10;15.55555556;42.22222222;28.888888889999997;6.666666670000001;6.666666670000001;0.0
2025-03;National;PARIS MONTPARNASSE;LE MANS;55;458;1;;26;19.284615385;0.7035453216;;39;24.126495726000005;2.5510599415;;17;43.171568627;9;2;8.57142857;25.714285710000002;28.571428570000002;22.857142860000003;11.428571430000002;2.8571428600000006
2025-03;National;PARIS NORD;LILLE;70;686;13;;55;19.268484848636366;1.2415906386854385;;58;34.844340495781815;2.57182626027682;;29;56.578160919620686;14;9;29.310344825172415;17.24137930913793;20.689655172068967;13.793103447586208;8.620689654827586;10.34482758551724
2025-03;National;MULHOUSE VILLE;PARIS LYON;173;311;0;;153;5.8979302832;2.8835476956;;34;37.496078431;4.8081457663;;23;49.335507246;13;5;8.82352941;52.941176469999995;29.41176471;0.0;5.88235294;2.94117647
2025-03;National;PARIS MONTPARNASSE;TOULOUSE MATABIAU;280;196;1;;29;10.929310345;1.1382905983;;15;80.706666667;3.2373504274;;15;80.706666667;9;4;33.333333329999995;20.0;20.0;13.33333333;0.0;13.33333333
2025-03;National;BELLEGARDE (AIN);PARIS LYON;163;286;1;;120;8.0595833333;3.4187719298;;42;47.227380952;8.2476023392;;29;62.452298851;19;10;14.285714290000001;52.380952380000004;11.904761899999999;11.904761899999999;9.52380952;0.0
2025-03;National;PARIS MONTPARNASSE;ANGOULEME;123;286;0;;27;11.683333333;0.6841491841;;25;26.190666667;3.498018648;;18;31.012962963;8;1;20.0;16.0;24.0;28.000000000000004;4.0;8.0
2025-03;National;MARSEILLE ST CHARLES;TOURCOING;292;30;0;;8;29.210416667;7.6188888889;;8;57.875;15.7;;8;57.875;6;3;50.0;12.5;12.5;12.5;12.5;0.0
2025-03;National;LE CREUSOT MONTCEAU MONTCHANIN;PARIS LYON;82;247;0;;94;7.4471631206;2.9339480874;;37;31.274324324;4.4631147541;;16;59.410416667;7;7;8.33333333;38.888888890000004;25.0;11.111111110000001;2.77777778;13.88888889
2025-03;National;LYON PART DIEU;MONTPELLIER;114;276;0;;128;9.545703125;4.5743961353;;56;29.428571429;7.0221618357;;45;33.247407407;15;7;34.54545455;23.63636364;20.0;10.90909091;3.6363636400000003;7.27272727
2025-03;National;MACON LOCHE;PARIS LYON;98;233;0;;178;9.7553370787;7.559884559900001;;54;37.344753086;10.184054833999998;;41;44.904065041;18;7;3.7037037;35.18518519;48.14814815;0.0;1.85185185;11.11111111
2025-03;National;MARSEILLE ST CHARLES;LYON PART DIEU;105;487;0;;107;14.537538941;3.0672826831;;46;37.855797101;5.553559205999999;;31;49.850537634;13;9;13.043478259999999;19.56521739;23.913043480000002;26.086956519999998;2.17391304;15.2173913
2025-03;National;PARIS MONTPARNASSE;ANGERS SAINT LAUD;89;548;0;;26;6.2891025641;-0.149421085;;33;24.404040404;1.9756246191;;19;35.170175439;5;2;18.75;28.125;28.125;9.375;12.5;3.125
2025-03;National;PARIS NORD;DOUAI;74;119;2;;9;24.22037037;1.683908046;;12;44.502777778;5.2147988506;;8;61.466666667;5;3;41.666666670000005;8.33333333;0.0;25.0;8.33333333;16.666666669999998
2025-03;National;PARIS NORD;DUNKERQUE;133;153;2;;15;24.67;2.1474444444;;21;33.333333333;5.7466666667;;18;36.694444444;9;2;25.0;30.0;0.0;10.0;20.0;15.0
2025-03;National;SAINT ETIENNE CHATEAUCREUX;PARIS LYON;169;119;0;;10;8.2533333333;0.9364672365;;14;51.001190476;7.6075498575;;11;61.753030302999996;6;5;7.14285714;50.0;35.71428571;7.14285714;0.0;0.0
2025-03;International;PARIS LYON;GENEVE;191;248;0;;25;37.066;3.5262768817;;26;47.208333333;5.2329301075;;26;47.208333333;15;5;15.38461538;53.84615385;15.38461538;7.69230769;0.0;7.69230769
2025-03;National;LILLE;MARSEILLE ST CHARLES;296;250;1;;62;13.819354838735483;3.2959170013265062;;29;35.36331420616129;5.382463186066265;;29;42.65747126437931;16;4;10.344827584137931;44.827586207241374;17.24137931172414;13.793103448275861;10.344827587586208;3.4482758610344826
2025-03;National;PARIS LYON;NICE VILLE;352;175;1;;13;32.094871795;2.1594827586;;13;64.312820513;4.5170498084;;13;64.312820513;8;5;30.76923077;46.15384615;7.69230769;0.0;7.69230769;7.69230769
2025-03;International;PARIS EST;FRANCFORT;227;178;2;;13;28.942307692;1.7991477273;;31;33.848924731;9.9142045455;;31;33.848924731;12;4;11.53846154;11.53846154;46.15384615;15.38461538;7.69230769;7.69230769
2025-03;National;BORDEAUX ST JEAN;TOURCOING;325;22;0;;2;6.1333333333;0.2810606061;;4;39.25;5.1590909091;;4;39.25;3;0;25.0;0.0;50.0;25.0;0.0;0.0
2025-03;National;PARIS LYON;NIMES;180;188;0;;17;33.698039216;2.8034574468000004;;23;42.015942029;6.471453900699999;;21;44.838888889;12;6;17.39130435;52.173913039999995;4.34782609;13.043478259999999;8.695652169999999;4.34782609
2025-03;National;PARIS MONTPARNASSE;LAVAL;81;235;1;;20;22.109166667;1.5343304843;;32;25.3984375;4.2732905983;;14;45.389285714;8;2;6.666666670000001;23.33333333;16.666666669999998;20.0;16.666666669999998;16.666666669999998
2025-03;National;PERPIGNAN;PARIS LYON;314;187;0;;31;14.682795699;2.3093582888;;22;70.576515152;9.7463458111;;22;70.576515152;16;11;31.818181820000003;31.818181820000003;27.27272727;9.09090909;0.0;0.0
2025-03;International;PARIS LYON;ITALIE;507;32;0;;2;75.95;4.5911458333;;2;104.0;6.40625;;2;104.0;2;1;50.0;0.0;50.0;0.0;0.0;0.0
2025-03;National;DUNKERQUE;PARIS NORD;131;167;7;;14;17.785714286;1.55625;;17;47.068627451;6.6607291666999995;;10;71.558333333;5;4;35.294117650000004;5.88235294;41.17647059;11.76470588;5.88235294;0.0
2025-03;National;LA ROCHELLE VILLE;PARIS MONTPARNASSE;173;229;0;;6;5.0;0.1310043668;;10;25.898333333;0.7553857351;;7;30.84047619;1;1;30.0;0.0;0.0;60.0;0.0;10.0
2025-03;National;LYON PART DIEU;LILLE;191;344;0;;258;9.783462532611628;7.417716883307849;;89;41.9238777717907;12.016988714088662;;81;42.99876543218519;41;15;17.97752808719101;32.58426966573033;29.213483146516854;10.112359549101123;4.494382021797753;5.617977529662921
2025-03;National;NANCY;PARIS EST;96;296;1;;38;10.1;1.3868361582;;26;34.287820513;3.6200564972;;21;39.512698413;12;2;7.69230769;30.76923077;26.92307692;15.38461538;11.53846154;7.69230769
2025-03;National;PARIS LYON;BELLEGARDE (AIN);163;291;0;;28;42.576190476;3.8911798396000004;;41;46.906910569;8.1340778923;;35;52.765238095;20;7;9.75609756;56.097560980000004;19.51219512;4.87804878;0.0;9.75609756
2025-03;National;PARIS MONTPARNASSE;POITIERS;92;576;0;;52;10.579487179;0.5535011574;;69;20.338164251;3.322193287;;41;26.701219512;11;0;21.73913043;14.492753620000002;23.1884058;26.086956519999998;2.89855072;11.5942029
2025-03;National;TOULON;PARIS LYON;239;246;0;;84;21.491468254;7.4090785908;;47;63.29893617;13.812059621;;47;63.29893617;30;16;34.04255319;36.17021277;21.276595739999998;4.25531915;2.12765957;2.12765957
2025-03;National;GRENOBLE;PARIS LYON;180;246;0;;35;20.046666667;2.8485772358;;51;38.24869281;9.3802168022;;38;46.652631579;20;9;13.725490200000001;37.25490196;21.56862745;17.64705882;7.84313725;1.9607843100000002
2025-03;National;MARSEILLE ST CHARLES;LILLE;289;216;0;;27;10.269135802592594;0.9991512346953704;;45;45.36784786044445;10.623533950298148;;45;45.604814814866664;22;10;15.555555554222222;42.22222222511112;26.66666666644445;4.444444440444444;2.222222224444444;8.888888889333334
2025-03;National;VALENCE ALIXAN TGV;PARIS LYON;133;382;0;;207;11.333494364;6.1910558464;;66;46.283080807999994;8.9639616056;;44;62.975757576;28;18;18.18181818;28.78787879;31.818181820000003;10.60606061;3.03030303;7.57575758
2025-03;National;ANGERS SAINT LAUD;PARIS MONTPARNASSE;98;551;0;;149;7.921476510099999;2.2262552934;;37;37.896846847;1.3381427707;;29;45.16091954;16;5;29.72972973;24.32432432;10.81081081;18.91891892;2.7027026999999997;13.51351351
2025-03;National;PARIS LYON;AIX EN PROVENCE TGV;182;491;0;;47;33.023758865;2.866395112;;39;53.3;4.983944331300001;;39;53.3;18;11;25.64102564;35.897435900000005;7.69230769;7.69230769;10.25641026;12.82051282
2025-03;National;STRASBOURG;PARIS EST;125;687;3;;272;11.308823529;4.5546460177;;105;33.067777778;5.3547443461;;76;40.566008772;33;15;15.23809524;18.0952381;31.42857143000001;10.47619048;12.38095238;12.38095238
2025-03;National;LAVAL;PARIS MONTPARNASSE;89;242;0;;67;12.292537313;3.2876721763000005;;20;30.876666666999995;1.066184573;;10;52.466666667000005;6;5;26.315789470000002;21.05263158;15.789473679999999;21.05263158;15.789473679999999;0.0
2025-03;National;PARIS LYON;TOULON;236;251;1;;21;25.972222222;1.9471333333;;19;47.421929825;5.4224;;19;47.421929825;11;3;21.05263158;36.842105260000004;10.52631579;15.789473679999999;5.2631578900000004;10.52631579
2025-03;National;LYON PART DIEU;MARSEILLE ST CHARLES;105;507;1;;223;13.554110613;6.0789855072;;77;37.317316017;6.5956521739;;63;42.476190476;32;13;32.46753247;24.67532468;15.58441558;14.285714290000001;7.79220779;5.19480519
2025-03;National;PARIS EST;STRASBOURG;119;679;9;;71;15.054460094000001;1.5347014925;;64;44.1796875;4.5732089552;;45;57.17148148100001;24;10;9.375;9.375;23.4375;29.6875;9.375;18.75
2025-03;National;PARIS LYON;LE CREUSOT MONTCEAU MONTCHANIN;79;219;0;;18;15.742592593;1.1183409437;;18;25.437037037;2.84847793;;10;36.1;5;1;5.55555556;27.77777778;11.111111110000001;22.222222220000003;11.111111110000001;22.222222220000003
2025-03;National;VANNES;PARIS MONTPARNASSE;168;293;0;;88;7.222727272699999;2.3182025028;;30;35.120555556;2.6290671217;;23;41.744202899;13;4;26.66666667;26.66666667;10.0;6.666666670000001;13.33333333;16.666666669999998
